video =S06NDS_Sample_120406_1451_00186_Forward, video url =/data/torres/SHRP2_Forward_clips/S06NDS_Sample_120406_1451_00186_Forward/, CNN stream =warped_optical_flow, feature blob =global_pool, caffe model =models/ucf101_split1_tsn_flow_bn_inception_wOF_test3_iter_18000.caffemodel
1,0.280454537263,3.0495354259,0.439133370668,2.980437603,0.579594040364,0.254616018012,5.1865809536,0.0735080468655,0.274380533546,1.0105014047,0.313800737197,0.777095420361,0.28977142781,1.2463738358,0.606800611615,1.45719726905,2.59507194281,0.528660279633,1.01142271191,5.41769534826,0.881745748594,0.584899720028,0.856089963317,0.192788634319,0.0758408412337,0.0639563057013,0.0406100678444,1.48784217328,1.87523447767,0.545212555714,3.22415997386,3.36268448144,2.01340532295,0.0366898310184,0.681097829486,0.0467329585552,2.61995588064,1.39719914019,0.147483233213,0.190942966416,0.081471080184,0.634501051009,0.628850657195,1.56751942664,0.0353515312821,2.00463506699,0.149540279135,0.514115653783,0.735311277136,0.31649791196,0.0568825176358,0.477475859076,1.31233798731,0.251356598809,0.773103678972,0.213049300238,1.47159899279,1.20006521016,1.53390645795,0.284595609382,0.192652789764,0.0419111453742,0.0908620401938,0.39784146771,1.51477749974,2.11859869562,0.203022527844,3.78025007099,1.42872050788,0.213640487492,1.41271781087,1.0018192482,0.0404511561245,0.485968615115,0.968136554006,0.888293856233,0.48067295827,0.741984430179,0.104716358501,0.828778547645,0.858182999045,0.733878258541,2.1007453692,3.27006519556,7.02788248062,0.130813361928,1.81403632879,0.484843768328,0.221610297319,0.416496855848,0.0978609307855,0.068174094148,1.41574063897,1.37460286081,0.101380675882,0.378398104459,1.80635305643,0.988294114806,0.231702110097,0.223803729415,3.19209739391,0.721989355301,1.84967352301,5.54931573451,2.61073383331,0.0278954350948,0.198450779766,0.274638547562,4.91379031301,0.14705830574,0.282243960425,2.10873655438,0.721016921252,0.0566172562912,1.8234562397,0.292479263023,0.0543557415903,0.784324286282,6.25275276661,0.257423882643,2.35812583625,0.302502893433,0.190474890098,1.53577114273,0.710073053241,0.444712180272,0.883189275786,0.014333293736,0.0570925804973,0.423218613118,0.0383267623186,1.30395968519,0.173671077788,1.99217517912,0.79229189381,1.29825315982,0.758848914802,0.843008419499,0.133866383322,0.615794955231,2.15580338717,2.07098869279,0.210063598976,0.822603307366,0.370727382377,2.35574792147,0.779430105221,0.985788444132,4.94610882759,3.50768601745,2.60036401868,1.55852748878,0.492563125491,0.990078285169,0.95741999805,0.172858894616,1.41652260993,0.262495268192,0.0351929218322,0.128845582455,0.242192526311,2.03169071138,0.283289642837,0.837612929344,0.103496549428,3.56467614651,1.9979322952,0.142822877318,3.29161973029,0.270502427667,0.342193012722,2.41576685429,0.850541255325,2.18163081227,1.33715106569,1.32895542249,0.235455211252,0.0887267038226,2.6021308431,4.61407329082,1.13369574264,0.81627347827,0.205072771395,2.89476217508,1.37413413823,0.211792147309,0.817874245644,0.741914137192,0.841993794143,3.55627427727,0.00858603090048,0.133199999817,0.578055668324,2.80802647233,2.52682615429,1.32112690434,1.57096335277,2.05646086156,3.19170621928,4.93791944504,0.0542966436595,0.0616520805284,0.0250448168069,1.34219287254,3.11340515912,1.91207209311,0.104527954981,2.10418431401,1.36300019145,3.10221325755,0.177684670538,0.370964771505,0.214213679284,1.34948769987,0.644565888345,6.06007439613,0.800192541303,0.063843641635,0.423597069159,0.190678676516,0.672102727592,0.496795907132,0.33614152357,0.524098967314,0.398762217853,0.123274499513,2.14164523125,0.0270879745483,1.7423545213,0.322571043745,0.16059089154,3.98354087055,0.619087949786,0.935975732207,2.61169564039,0.902469092682,0.351724248677,0.301207349598,2.25662189126,1.70350757778,0.0744640155695,0.0660142314807,0.502540069587,0.27022787068,0.219670775086,0.212805300355,3.00488617182,4.14175548479,0.452564171422,1.93362053309,0.0477389413118,0.116012102962,1.79910377026,2.2712109822,0.0446028796211,0.900179182887,0.679876061082,4.05791974545,1.51213164926,0.278925743848,0.557982258797,0.845635068268,0.12324958507,1.21644927979,1.55461243242,1.83894683659,0.0172288809717,2.26055058956,0.225761823505,1.91368354201,2.76902252391,1.3992252624,2.7930345273,0.882543795224,1.22751376301,0.131208864525,1.61371325254,0.534155615671,1.23970521405,1.75830744982,0.641090577878,0.967229138315,2.57000138491,1.33952694431,1.18385592196,3.9805171442,0.137787579596,0.628532657623,3.43036679745,0.17776242245,0.246995208799,0.096963328775,0.533887698278,1.17781583309,0.141341451108,1.42490550429,4.16289289698,1.02636613488,0.177028887398,2.93520553052,1.43486692219,1.31225114807,0.228099892959,0.437548305597,0.188389990777,4.80169970423,0.188266411686,2.52512979388,0.467771871742,0.745070233308,1.94658270717,0.265410053208,7.86358436584,0.36105960235,0.583437034283,0.125650168601,0.342396480739,0.0548382616788,1.20952736922,0.170067797899,1.83043428898,0.682406630814,0.16289399853,2.14072461329,0.779267102703,1.40027964562,4.31798323154,6.41600014687,1.68484212369,0.00237032562494,2.08688745745,0.804047266915,0.362124080881,0.243373238202,0.667856453583,0.174371815547,0.0682483102754,0.937732433975,1.16690550864,0.768604201525,1.38500662506,2.85823420525,0.159043765366,0.881993816346,0.106108840108,3.16785783052,1.68404939532,0.0707901410386,2.7849686195,5.65917682886,6.47262487888,1.00247315124,0.425468810666,0.622826539073,1.96861464098,0.0219567673653,0.814939598441,0.23694448974,0.166731111631,1.51616018356,0.530633828565,0.534917850718,0.169569074027,0.159847746626,1.24143457122,0.183742053732,0.841607732568,1.55478674032,3.00198528748,0.484412420839,0.0558985341247,0.546087465659,0.147471813336,0.265860650332,0.0311204257607,0.8511193607,0.113037936948,0.992754919529,0.172871708577,0.963484669128,1.1001904542,0.222476881873,1.28118676983,1.84959470659,0.855384672582,0.520900690556,0.123946163715,2.24731552839,0.786487030014,0.161029566117,0.824724947065,0.043790234169,1.08672175318,0.519956089854,0.137580669532,0.584700549841,1.22708227141,1.06996241823,0.592469414398,2.43586203156,0.52013788484,0.07699436564,0.158107606946,0.23725044366,0.0601567231864,0.201650144979,0.0925883962912,0.511737521477,0.265568299815,0.734600298484,0.513387841093,0.922803010345,0.991782416524,1.30592699111,0.0722098976374,0.0534894124814,0.105333738312,0.739487110302,1.66308288515,2.42134286448,0.00603670522571,0.0244492290169,0.517478666906,0.0615953603387,0.253857042491,0.97613844756,0.0234219655395,0.601591396211,0.077666133903,0.109439025,1.42948099822,0.303154007196,0.969145340249,0.922980738431,0.0651649353281,1.40430968814,1.81985487135,0.594213256133,1.41735135615,1.64130409837,1.31426064588,0.0551881752536,0.067551419884,0.384486742243,0.114962503817,0.965246597007,0.31097437669,0.0786869849684,1.74994794205,0.80196958378,0.841585042085,0.010869031027,0.0913142218441,0.330379791469,0.237932351716,0.320535660833,0.241994175687,2.17524713352,0.368551444151,0.718118240163,0.259366475344,0.219649582542,0.358220483065,0.0459755031019,0.165941972127,0.143428113386,0.802132396861,6.50966218136,0.179886158984,0.593335260749,0.109124862701,0.579038944989,0.0724122878537,0.563781025857,3.23644321442,0.0425100153685,0.637683733217,1.91357490057,0.00146308004856,0.0457454084186,0.201650455575,0.644703897852,0.197333196849,0.274334158427,1.37703805923,0.802117359191,0.481474933922,0.0990890821815,0.19347484136,0.344813278168,0.0567564949393,1.0357580062,0.0381116762012,1.60002117932,0.43463335183,0.159195122374,0.665509168059,1.31268130809,0.15708154453,0.518399062604,0.0572834105045,0.178375719823,1.29615214573,0.0158224549517,0.665074433684,0.471263202727,0.504732960686,0.507591375187,0.546686600845,0.101609091386,0.854860124066,0.38934623003,0.662719820123,0.673172962368,0.130487801712,0.662677091062,0.812412943989,0.685794327222,2.14260533452,0.079278551396,0.328986206502,0.305344701074,0.210198453683,1.66098864168,1.49420761034,0.0513262699544,0.567542026415,1.56416190151,0.609416289572,1.21694813877,0.054736298006,0.358962037433,0.0490269701183,0.643929157974,0.163502282202,0.167032041848,0.182513677627,0.336387459235,0.0684528458491,0.151658869619,0.106005923748,1.32472843081,0.801005102172,0.374786507972,0.0688259259611,0.110965723735,0.609206200317,0.486014329682,0.944543276094,0.283302139305,0.202527761236,0.214983692542,0.518446854355,0.466247860063,0.497777395174,0.493790509291,0.712693657801,0.230813659942,0.0463527086377,1.16987853259,1.15048960792,0.0233249376714,0.0262308719009,0.771120942608,0.325904310085,0.284375692308,0.238102410212,0.136011303961,0.0377820674144,1.14262414202,0.219798313379,0.195036818236,0.0238328425866,0.203007272482,0.0716145910695,0.77577352047,0.0674662762135,0.366535538137,1.14614971124,0.272043214221,0.348829658246,0.270505763888,0.138487877916,0.376008101963,0.00825308141968,0.333898455063,2.15149762876,0.242072046511,0.474521500999,0.825205964327,0.328901349306,1.54349287182,0.513001439804,0.076929153204,2.23905716836,1.16879192851,0.0658666390181,0.38211522907,0.0122123241425,0.642331900826,1.42985436022,0.0450988956355,0.270504616899,0.450700283498,2.5277018103,1.56315712251,0.184514884353,3.14711899295,0.327471324094,0.172733285599,0.138969023377,0.347172647119,0.0331329898792,0.323589097187,0.189144628197,0.645138739049,0.274419393837,0.0966425592452,0.0693864613026,0.0333105455711,0.00775517109782,0.338825910632,1.20000173599,0.444184072167,1.70912983146,0.619739687443,0.424487419487,0.721665028706,0.262433729395,1.37451409921,1.26229811653,0.0261455895007,0.211983227432,0.353396771774,0.185363394432,0.292265006304,0.102946343422,0.097739435765,0.322533440189,0.728498642482,1.65442102306,1.06831623495,0.0502875315119,0.440893194601,0.661002701223,0.181558416104,2.22437844478,1.50293102778,0.426820249557,0.228208134202,0.790889159217,0.177970332503,0.0857119190693,0.0211409736052,0.0927387948707,0.890314857811,2.09410562493,0.439747479334,0.113794461153,0.0386926200427,0.121229413152,0.425575414822,1.72755438164,0.699015402859,0.0167407124862,0.804750331707,0.723926517516,0.290324784927,0.419662935212,3.15868839025,2.2568119359,0.0529530888423,1.29254365809,1.19077751994,0.808334719259,0.244977215305,0.0130959831178,0.27486920445,0.0298101837747,2.16534123182,0.412999905447,0.32307985248,0.0542082607746,1.29149925575,0.473487183601,0.681430077925,1.42271282911,0.15885877124,0.0243594097579,0.150071566701,0.462522709519,0.000368606597185,0.120788735002,0.335734748244,0.527106133029,0.0354034397006,0.0645224156696,1.74944765486,0.023069930356,0.113124815524,0.222311125166,0.00234830521047,0.0111833856953,0.372032354879,0.575920986692,0.0283130395866,0.0321656774729,0.719169233526,0.466472242847,0.113123103436,4.32715949953,1.03495412052,0.329476467259,0.603169500902,0.952170021217,0.83906569764,1.40352605551,0.546062004678,0.196339897066,3.41371964931,0.155712512285,0.134138985351,0.0273576601921,0.877329522371,0.524855579622,4.00979275107,1.06575549975,0.389690506756,1.26460479759,1.12676716924,0.809411523826,1.61598988298,0.00378059282899,0.303292333623,0.185908707362,1.36400186673,0.0900939429156,0.7641333331,1.37089380488,0.410094192661,0.0116607092135,0.859091274217,0.356873033755,0.251595378881,0.229711467326,0.56942594016,0.279709904939,0.347565695776,0.029153984189,0.173001569146,0.177104577534,2.97316144705,1.43634439819,0.39829353892,0.000658977255225,0.0197442039102,0.00361703248695,0.0174700831622,0.265297330841,0.185839700312,0.0506268236786,1.34034112015,0.0191118864156,0.462202322697,0.695550173516,0.000807998627424,0.190997178182,0.017643956393,0.225217905436,0.173919615597,0.325751317218,1.19688017815,0.958217587024,0.0420233406499,0.1425581419,1.11910634648,2.86209004283,2.02086206928,0.349927092195,0.542279130965,1.69658575416,0.233566558845,0.10863212835,0.421636227258,0.752378095686,0.0596581202419,0.0764204385877,0.347004592663,0.616564209908,0.323345947936,0.665569107644,0.0323467759043,0.364515282381,1.32501293458,0.153810772989,0.638340873905,0.1687686776,0.164382663295,0.329246252701,0.0149773287773,0.108331221193,1.38487652384,0.306443232277,0.202325794622,0.466601858921,0.463811660339,0.567081020772,0.920548434723,0.101255366728,0.496787231714,0.353265191913,0.285059781298,0.178419514839,0.0125791221112,0.0624949343503,0.841347242594,0.952655823827,0.294473575577,0.0909245619643,0.406618889458,0.205297132097,0.63762001574,0.0631057052314,1.38298504815,0.0761419896409,0.00093534745276,0.905376450829,0.710373963118,3.22343965054,0.582143637389,0.537894385494,0.159521122165,0.168188701626,0.119555531424,0.340659629926,0.170263219676,0.171577214748,0.104503457285,0.000566238872707,0.230481215939,1.12178009033,0.366819979181,0.0154562866688,1.17883807063,0.0504494228121,0.561470480058,0.191409288123,9.20274294913e-05,0.102716219872,1.07453496542,4.21688506722,0.259824184179,0.0285051331297,0.224023203887,0.220700818902,2.19957991958,0.246028657593,0.0604784287652,0.00741598464549,0.234568870068,0.0863788735867,0.319448419511,0.25531609999,0.0143057193048,0.392503010184,0.82939407289,0.491699157767,0.0169629967725,0.0180200138188,0.150298215579,0.183364015948,3.24444806039,1.03131984875,0.146828801662,0.237105411533,0.471310871597,1.42188989013,0.162902214564,0.518751919903,0.25707575934,0.135628092922,0.391160379425,0.194429916618,0.674262687927,0.542264562156,0.0208919944614,0.283019238934,0.0501145748794,2.76835400376,0.026273418963,3.28196181238,1.06568649694,2.36452653393,0.00683491653297,0.174412585297,2.16018063575,1.91096006989,0.164086789936,0.093780438453,1.91352297455,1.01843682691,0.145342133157,0.0831255280226,0.146402990818,0.250132304728,0.160479571745,0.0,0.676518478245,0.00762796774507,0.0258818173409,0.0,0.391966105187,0.0,0.734928960893,1.05802175473,0.32865142405,0.510726556759,2.58047866881,1.17980676979,0.0301833891869,0.0421748972684,3.18886151671,0.146304696053,0.0180777978897,0.531138585974,0.00758561968803,0.407202928215,0.0287715958804,0.005998929739,2.65271416139,0.924837349057,0.879298387824,3.71218543474,1.84213350311,0.0686493063718,0.0433592722239,0.0,0.0509285939764,2.71911477447,0.0219871610962,1.34498999894,1.89837381333,0.403446573243,3.01145062104,0.0435116300732,0.0351364141703,0.0,0.16633178018,0.768290576572,0.991349308677,0.0,0.609156266153,0.0344515073299,0.745494922251,0.0,0.21846469054,0.183422058225,1.14034085497,0.0504087831825,1.77467904732,1.02280730247,0.288649330921,0.167492681742,1.27534954906,0.13606184274,1.1022075358,0.52466328091,2.47609874904,0.248483553044,0.373776072413,2.32555059969,0.429242399782,1.13823332191,0.0377356664091,0.0216486815363,0.340071464702,0.838976170421,0.0,0.0195820323728,0.00955792248249,0.255765132643,0.00782994657755,0.805947885988,1.31027907759,0.000920313224196,2.34435186099,0.0783005996048,0.000445367842913,0.588728286773,0.042687073499,2.57649797857,0.720858082473,1.03314838871,0.0587071179599,0.101288971677,3.46860110968,0.120091442335,0.0,0.0967373175174,0.864734228998,0.0,0.0169940376282,1.47578043371,0.0,0.573560622437,5.12061457366,0.0390781259537,0.0175159063283,0.0156503343582,1.44553418711,0.99098088298,0.0799945896864,0.0,0.0630151803792,0.0731228272617,1.43562835895,0.0131148185115,0.347749393024,1.20582577236,0.000879566445947,0.00706598624587,1.78847212672,0.00115606658161,0.0717215149477
2,0.307850300148,2.65708680511,0.999440323198,1.56553746801,2.53386435509,0.176049557924,3.18126214206,0.0736304602027,0.69756172061,0.526687930543,0.110679887021,0.488966410477,0.710830991119,0.611061921827,1.64449680537,1.25170501307,2.46870723873,0.326656771004,0.640946128145,3.08264433876,0.887101429701,0.16753977105,0.937060571909,0.292057611272,0.167050311759,0.136463592127,0.0856200969964,1.45643538773,1.26054626964,0.298630929403,3.63186533943,2.75256001234,1.53956755146,0.0412226319686,0.967213253677,0.206461105943,3.19653754145,1.27494392723,0.138046699315,0.606703315675,0.141222756952,0.659881013334,0.314358225665,1.82527524225,0.0812477475405,1.08029132519,1.04765348496,0.926766265035,0.528154822364,0.599173779488,0.214860109091,0.34239410257,1.56795392007,0.153410628237,0.842800291181,0.252626848314,2.62736073211,2.21648756996,2.78843539789,0.905097839087,0.273334602118,0.0217316801846,0.144288050234,0.811342777386,1.43638358515,2.49107584476,0.0727308691666,1.97662559304,0.999725989699,1.25781612368,0.871081312299,0.599267825186,0.135857379287,0.835681856778,0.610190712661,0.878470710367,0.483597675189,0.48031682685,0.215579495803,0.892534547411,1.16312042236,0.431043958799,2.41900629345,1.35686798573,4.00486527681,0.348233095231,1.21459698647,0.255103419125,0.165770294573,0.541284870561,0.126440523155,0.0444368687179,1.61251791239,1.05343809009,0.184325346183,0.528878878467,1.39018952727,1.08930239871,0.101147656292,0.235739245005,1.94093115956,0.28309321925,0.687756094709,3.49889964551,1.7500042383,0.0321824839711,0.907752449512,1.22258193351,2.91162381232,0.19275331974,0.0531280825101,3.39616313457,0.462640394494,0.117522986829,0.609221009165,0.395352820614,0.00497402966022,0.426505990289,3.59086747348,0.223760170192,1.90366566062,0.0940617506765,0.671676004156,0.703029395938,0.163990246654,0.723230104093,0.711410756707,0.229431066569,0.37287780568,0.505303002447,0.0210098315403,2.55576421738,0.389498078227,1.45885876,0.807226317078,2.46622307539,0.370797073096,1.37565412566,0.461597308069,2.11764901206,2.66868310332,3.66402622223,0.175917370543,0.43149894461,1.45484334722,1.49732030444,0.411698724445,0.288803401813,4.06755047917,5.58664255857,1.09778280139,0.565352140516,0.206784501374,1.61856364936,0.484051244017,0.566463834196,1.4081144517,0.18588513568,0.120077835657,0.0197939204425,0.217729734927,1.53471575767,0.363771054298,0.760755158886,0.132374319509,2.57487811685,2.49409867287,0.211812796611,2.04329604506,0.326247587353,0.328704220206,1.68855137959,1.43271544993,1.46251948789,2.32756614476,1.03186987877,1.46060393779,0.0840423598886,0.856825105064,2.26297589809,2.65876205906,0.505760736587,0.869835307039,1.326415843,1.40776481561,0.666911517233,0.437548998892,1.88868113801,0.575940291956,2.61641088456,0.0213369300403,0.240704574771,0.611970450208,1.81146737412,1.1702771458,1.83076235071,2.93516236544,2.76432488114,3.44746092319,3.48073976159,0.272080512401,0.886535642743,0.0259287762269,1.76876818359,1.60803742882,1.12958750719,0.0806514836987,2.18531700015,0.894787785709,1.92563055366,0.374458940956,0.577308216691,0.361565450132,0.672366488278,1.20259477608,2.78903630868,0.46536276307,0.223217876293,0.152701045722,1.27935008869,1.08667174451,0.957550416589,0.517333912104,0.379620565176,0.296085529774,0.265872684438,1.01143083598,0.125769806262,1.87521226972,0.905005307049,0.172724890411,1.48214575619,1.29790074714,0.869516678341,1.03585895628,1.47856959343,2.15874805123,0.597430598885,1.5221472523,1.0886124748,0.0546352883894,0.0248679666361,1.15229493506,0.207682675062,0.517389921732,0.754199227691,1.83684868813,4.23467528462,0.627472784314,1.65818529636,0.354079694506,0.760892222747,1.34332377136,1.98789366998,0.175844341367,1.03714946777,0.826616267413,3.39689358745,0.656061213389,0.701666881088,1.18685066712,2.09979405582,0.278229428018,0.56476407811,1.36665713646,1.65410601752,0.266633228809,1.08348846853,1.20383307219,0.763038996644,3.11293839574,2.19650880806,1.72190565858,0.237651963904,0.831600360423,0.165556940194,2.71536584556,0.515379744917,1.12088581339,2.25556388706,0.330000236928,0.53437709868,2.18210866481,1.22735983543,1.14094727799,2.61402888715,0.243727773745,0.196589204799,2.39490208626,0.363746607602,0.290943350382,0.136254718378,1.40153979868,0.646522154808,0.945949456692,0.887960777208,4.02215260625,0.625032135844,0.722781377863,1.45313618004,2.23369085789,1.11489255905,0.94054801181,1.40334750682,0.0657934639603,2.17170743484,0.0467875604331,1.3543648082,0.487444750369,0.551298465133,3.7880108282,0.262345127463,3.89196631789,0.493066151142,0.884062038213,0.429139287472,0.325052967817,0.0834470752999,0.717580562681,0.544333302565,1.46201468259,0.636725506186,0.22120003704,2.18046252489,1.93562496699,1.24914546803,2.12001669377,2.73144199252,1.50489431083,0.0804711592197,1.3491158317,0.335931002274,1.36928662837,0.573345522955,1.25925393403,0.251361943148,0.107689610887,0.803619108554,1.02348543465,0.72201674819,3.31994188786,2.03962260693,0.59013407439,0.651976165324,0.14143979881,2.15427052557,0.939823495597,0.185298134834,1.39948842846,3.26198017597,3.37377441645,0.823282589018,0.215913152024,0.179841735046,0.872909068167,0.230558696836,0.380510175526,0.472822348624,0.248166271974,1.00194502942,0.7555129827,0.741452038437,0.277912852084,0.277772457227,1.06080784947,0.475224003065,1.6657813634,0.871706690658,0.952156458795,0.599896940216,0.160893460028,0.55507693287,0.266943896264,0.382806400722,0.154847144298,0.606127049872,0.537093224907,0.881994129121,0.411541602253,1.0053701799,0.451750432849,0.255091026556,0.474568307102,1.26961985383,0.268157148035,0.325734209083,0.127966162749,1.17309149772,0.60354901053,0.119082952831,1.20250516728,0.476326600814,0.318117098808,0.940022674054,0.505885150656,1.52991039842,0.389191068411,0.70129123047,0.672992945306,3.1261648044,0.187687717881,0.235051697493,0.30275907591,0.324861850068,0.273940599002,0.47215546988,0.591787476093,0.320846226215,0.879893798605,0.441608463451,1.22052600116,0.763348862715,0.704069784228,0.310847769825,0.157954243477,0.127689426681,0.13929559296,0.322374414953,1.74799850196,1.14355006874,0.199444841444,0.0389124963433,1.89278317719,0.713723957539,0.675208849628,0.535085169971,0.147177351713,0.806469195932,0.406637265943,0.268469730553,0.852554282136,0.894991883337,0.622788532041,0.660889473576,0.130943010445,2.00706981987,0.454216553122,0.915770049319,2.11760332905,0.72831648916,3.39018442255,0.343099061809,0.539193394035,0.373456629217,0.301761679053,0.400587522509,0.536849669339,0.146653873697,1.57370719984,0.812120648846,0.750286535323,0.301333057359,0.263487995863,1.52507626214,0.253974100947,0.48855212044,0.192732101511,0.628697292432,0.585456653424,0.637726686373,0.171296318322,0.455841204925,0.461754021477,0.0536744874716,0.331909206435,0.435621736161,1.45617498763,2.65704846412,0.262284292467,1.13655952107,0.272690002918,0.396840214203,0.233845415264,0.523169233873,1.9621530975,0.210201877877,1.95255185843,0.578857512958,0.0511857652664,0.12132692676,0.270387805104,0.29593869023,0.507887946833,0.574766910961,0.664770520478,0.201681752279,1.00581678892,0.176300370377,0.267129645068,0.778569787741,0.244874323159,1.49568068922,0.129043852799,1.1964007622,0.976596152796,0.347894331422,0.724646936432,0.948833223283,0.494511882812,0.550597668886,0.106258276068,0.33045596268,0.758348891847,0.43634557914,0.595693635792,0.455920066326,0.524218746721,0.507949778736,0.502316193837,0.354196241312,1.68158666385,0.658928917646,1.12711542726,0.146859046724,0.143003246039,0.247752684541,0.637968340069,0.315879513174,1.29733408161,0.35727974846,0.911981194429,0.175067567248,0.96276277652,1.04526081506,0.479022766873,0.0859122545272,0.373370272443,0.414936789032,0.321460116915,0.313257267475,0.287922163233,0.578642757684,0.266901434213,1.05073888721,0.37309016481,0.467610841542,0.289299086481,0.960218925793,0.120382221937,0.243882101508,0.159963737726,0.384044722375,1.05681740068,0.720734998342,0.109800880402,0.463734644353,3.21591540481,0.27471254379,0.960018575899,1.36211941227,1.06431961868,0.534932572953,0.64562329337,0.452642911151,0.435217307676,0.211374436617,0.844944187924,0.386298782453,0.197244998664,0.405136490017,1.48391667193,0.105292796902,0.39505159528,0.238710076166,0.519391508792,0.790990572572,0.347163911313,0.255885663703,0.294169193492,0.652006801032,1.52167283557,1.51889248349,0.1010196146,0.155986067578,0.828384106606,0.975794326663,0.0629876581021,0.352205831558,0.483878133968,0.190107013714,0.206874634558,0.163114787955,0.161641000817,0.33469246489,0.0955974851456,0.92743090257,1.40257882511,0.776603888534,1.05401610151,0.266475050761,0.269322500825,1.20709686622,0.162784043532,0.186390731931,0.845965072252,1.02594722743,0.0859016680997,0.846902459562,0.151079956796,0.536844865978,0.68506507339,0.578595812321,1.15945769653,0.399541569017,1.18687345847,0.801529864706,0.262587902024,1.57825267687,0.754054972371,0.171877291072,0.159799869414,0.104261416849,0.0839360894077,0.22497390639,0.240550748743,0.824171001718,0.35562599821,0.471865328997,0.141388818212,0.411687873453,0.0721594505012,0.720333330333,0.624588908851,0.45456826644,0.396666660451,1.37211725846,0.49597722806,0.28655155953,0.389368591066,0.890868142284,1.62721431926,0.50745984355,0.384153343365,0.120213657171,0.219412632119,0.215481631942,0.0778256175481,0.185718100928,0.358585304618,1.05199068025,0.695196460038,1.66004749355,0.167498214804,0.666069804728,0.238293512948,0.540173512623,0.92710235633,2.02696541101,0.223136107326,1.30900440264,1.16910827786,0.0982532748207,0.283148469441,0.520410231352,0.170091717914,0.239823387861,1.01821736321,0.317421529498,0.111153636896,0.079941986911,0.0933531040797,0.512401870638,0.668347882964,0.263084922172,0.649770251941,1.25735755593,0.614338022373,0.599483849108,0.616945882174,1.72261214834,2.47235794187,0.1423150336,0.69464526087,0.341292899866,0.269642942313,0.43183229059,0.236208610274,0.16954923708,0.174750364572,1.13975128256,0.306833697483,0.293901807806,0.546784570077,0.477038187385,0.363769766968,0.547512040511,0.784298916347,0.213578733439,0.0324006746989,0.513568751961,0.315479275975,0.000903396829963,0.369144943357,0.381637137029,0.61499723196,0.0457040610909,0.248481342308,1.07277424209,0.226479039229,0.509093877785,0.218390203423,0.371860579848,0.132909816634,0.216782004386,0.365878562927,0.242350458708,0.166847233614,0.242475254828,0.339698179737,0.562740287873,0.967119196765,0.637838577181,0.171805640645,0.798457627371,0.542958113775,0.232490449222,0.575330143906,0.457367548831,0.140184120387,1.2202644939,0.270103532909,0.272767586485,0.390495934114,0.578913900256,0.395619131997,1.2150811695,0.465239795111,0.300615688711,0.796379898414,0.367980179004,0.767079373077,0.73306045128,0.0633277012967,0.373416494112,0.242023698092,0.553108902853,0.0785674558952,0.605413210023,0.779204412401,0.354486802494,0.0187584095041,0.933000318017,0.574352014344,0.223468745393,0.0855197481811,0.474364598617,0.252954121083,0.528264337084,0.0285218712781,0.171462250929,0.848280991763,1.13112166867,1.19245900229,0.239148441236,0.143263024464,0.146024437845,0.0443306969386,0.0943752984889,0.248192548752,0.487342172051,0.207420577083,0.436890956936,0.0517992625106,0.460016796561,0.193059859425,0.0379275399074,0.127357382588,0.181900587985,0.254436170533,0.170136954933,0.639752793267,0.514230788159,0.56879671948,0.0207846210711,0.0998833492398,0.760928379446,1.27911961108,0.836871406045,0.331697562884,0.288543722332,0.878773512989,0.250151445065,0.291216134876,0.307978931889,0.535393230463,0.0605890117027,0.123511158321,0.319559389912,0.18056226342,0.281602825113,0.540422836542,0.0385458277166,0.1538301792,0.279570575487,0.135637130663,0.371067461371,0.109115871663,0.0832312578242,0.270509733036,0.0680599004147,0.155549913719,0.38067732431,0.133521148525,0.208577908594,0.177207888588,0.640244612321,0.271844057105,0.52510728946,0.3198818345,0.64017735132,0.47638116926,0.573628567862,0.37225113282,0.148266015733,0.229253703486,0.726525581963,0.632618061863,0.39729496357,0.192391154324,0.0979637994966,0.0982663905248,0.190914448081,0.292280429751,0.485293708867,0.202359131686,0.418864069544,0.793945512548,0.409226613082,1.51749181829,0.365638434337,0.311654266566,0.432274995372,0.0846062741801,0.506840747446,0.311423724411,0.236462793443,0.176009500232,0.796202979945,0.538043947481,0.365736987094,0.523797250465,0.465868913755,0.0410219432414,0.388581819981,0.378826804901,0.700461012162,0.337354208939,0.0267010602355,0.155307674278,0.392458341867,1.14093260288,0.16045984773,0.113054374754,0.389693282219,0.23719936803,1.16356322959,0.136796690756,0.347836305797,0.0650902120024,0.174153221678,0.342178066485,0.218454697132,0.376149942726,0.0602915267088,0.246469623272,0.697339896709,0.317680797689,0.262791500688,0.549558968358,0.310670570135,0.0251019000635,0.536920379549,0.572009630576,0.152029796429,0.184879705161,0.398592400178,0.571451700926,0.332788094934,0.128699511141,0.303198824851,0.157759324634,0.213380449964,0.171432578834,0.450551355444,0.323646681868,0.182063583825,0.150268850219,0.195462324899,2.25570372723,0.0195232457668,2.8056721583,0.742055369243,1.21502604869,0.369524087496,0.310997379194,0.697398859747,0.955148078781,0.329436615705,0.350856329538,1.37053428033,0.662980012894,0.177791809402,0.239568556324,1.08199996788,0.494757823199,1.02732857365,0.000863512158394,0.205700019114,0.985035810322,0.175372199565,0.0741600477695,0.749746866897,0.170997426468,0.817881573588,0.405683506131,0.302535630502,0.126741797812,1.3139214766,1.09561288066,0.163827669099,0.0636985886097,1.66729096144,0.30700199886,0.0626197518711,1.65258215513,0.0355639834702,0.207332692444,0.5077858565,0.0542054418474,3.92534708694,0.594650622606,0.340886049978,3.54330152273,4.35577285752,0.437385217662,0.375039666295,0.153627486676,0.0660691359639,3.62739166498,0.238590544686,1.14648933411,0.978044121185,0.232317701615,1.8335971551,0.00141776800156,0.0709714093804,0.00969341248274,0.655838136803,0.995425052429,1.30306926624,0.0093368679285,0.396556751579,0.0175497906655,1.71341005504,0.00251174926758,0.498060263861,0.241821905747,2.68456378698,0.206320750481,0.940155987144,1.33546567395,0.189126028344,1.14243231587,1.78959977165,0.257695252728,0.668103221953,0.564872549176,0.922653180659,0.0910237796232,0.633316509724,2.08305011116,0.419652012475,1.6858134076,0.34750798285,0.0578071594238,0.212743413677,0.668089307174,0.0223714593798,0.120058270246,0.0262225717306,0.326439264715,0.0232951366901,0.606111617833,3.09628564045,0.178453660756,1.53105769783,0.251271232963,0.0274840130657,0.898954774216,0.251494027004,0.583109967262,0.89010648571,0.780329408031,0.356976874322,0.227240270227,3.35580628932,0.0577405151725,0.0578508239985,0.296600697041,1.29435271017,0.0222882866859,0.191313033924,1.09884979352,0.021286232844,0.755777877606,3.01907199048,0.0215602193028,0.0750616072118,0.86894995153,0.665176704451,1.39997023111,0.621311997697,0.0,0.179051069403,0.377209724411,1.04737247735,0.333841198385,0.648562854007,0.768912492333,0.0,0.0119613733888,0.271623250656,0.16065267913,0.489898374444
3,0.426737242695,2.84246194601,1.08652448416,5.53622674942,0.100183520503,0.0432899164548,5.99886641741,0.0357283690572,0.106596724689,1.11362602055,0.065731725134,1.05601317704,1.06241584286,1.49970848441,0.232740280479,2.33782994926,4.71902067661,0.23265297899,1.17306601383,7.05717317581,0.955440685153,0.74125077961,0.451604271736,0.171750802584,0.0116640305519,0.122937634755,0.0656421603169,1.05926659822,1.10620185018,0.601895111054,3.22803710461,4.47556118727,1.63966866732,0.0728056262434,0.566368048596,0.0266213412583,2.34741585732,1.08035222948,0.0133345346898,0.135036557578,0.199695846662,0.504654596746,0.289877962417,0.779461947829,0.302825850621,2.45261183977,0.134679947272,1.76441728309,1.60191412389,0.627377960756,0.0171979966667,0.129911273867,2.96732243776,0.749303188734,0.358254060913,0.218417832889,2.06549614906,0.900651248395,0.915271912217,0.575754630752,0.217695878372,0.024438830138,0.181358934678,0.144685458224,2.18026824966,1.95781624869,0.0919339835644,5.19038305998,2.62638927341,0.032734406013,1.1323485449,1.26926472008,0.0142748198658,0.522508402765,0.355019319691,0.645737084895,0.596058450714,0.509817695916,0.17723911047,0.475969650559,0.138635089546,0.324949960234,2.13716236949,1.15523672048,9.09313005447,0.0960818314552,2.3410412097,0.325121020675,0.279253821298,0.312124357813,0.105693972558,0.0516103520244,1.3681789422,0.598616753817,0.231321374178,0.117548985332,1.64998771429,1.03101266026,0.248147129156,0.0260245455615,1.44650591686,0.476591007044,0.935885117799,5.5984084177,1.60520076826,0.0642615810037,0.865361824781,0.4744217664,4.47335536242,0.22885761831,0.247239990681,3.63485200882,1.21918639481,0.033448279649,1.86227270305,0.166009473698,0.0311183786392,0.930910951141,8.59001085281,0.149971578792,2.55901188239,0.146893251194,0.838465781361,1.34735656261,0.69424200967,0.641438154876,1.94905440748,0.180945675559,0.119066509812,1.35036896408,0.00194537848234,1.58489727318,0.355817066971,1.13777999431,1.7175915277,0.650206465349,0.297174863955,2.23810801983,0.101572849378,0.52132972911,4.79881003857,1.67610344008,0.145146787316,1.17561761364,1.258906174,1.52704892218,0.543179439455,0.455412247758,7.19315592766,2.2518033807,2.50278601408,0.406738586873,0.325621229112,0.584733230695,0.748796463162,1.00101026548,3.99330503523,0.324790776679,0.0221605363488,0.0124748617411,0.753030815721,4.29189789057,0.107740805517,1.24934639812,0.0519628721476,4.41855826855,3.38271049976,0.064350987752,2.21749742657,0.135988995433,0.257798695117,2.85621349335,1.30901158422,0.690875135064,1.17138022602,0.965774344504,0.102174217366,0.110530940029,1.68828532338,5.35645709038,0.903838674966,0.331898104623,0.0847723953426,1.76013969794,1.66426217437,0.722554768622,1.12577489361,0.868656257764,0.881924198493,2.71450540543,0.00450050354004,0.169933666349,3.66277965784,5.90814287186,0.649373734817,1.08794007182,1.21662927471,3.76392969847,2.00079431472,7.05224359512,0.00645193247125,0.104513006732,0.00635993279517,0.6647716932,3.04057350278,1.07271084673,0.294543225169,1.82338065982,3.9859553051,3.83693935871,0.0427297216281,0.150500053614,0.40143925773,0.50573735252,0.603543529799,6.83774652004,0.109245580286,0.0812177421339,0.208760639429,1.04953632541,0.11429169178,0.855597916543,0.296613357236,0.499603025243,0.0776064243168,0.12257623665,1.63573774815,0.132702424526,1.00435434505,0.15758477021,0.0434427285194,1.69681680083,0.422567438427,1.36581527822,3.21385434508,0.331809011325,0.917851863503,1.13934293887,2.29079450607,1.16913938157,0.110284617925,0.0448927755095,3.33276421547,1.10400928665,0.130357301757,0.196068980694,3.73228957176,1.51667513335,0.721344718374,1.59817992508,0.0461709064245,0.19075986376,2.13137206823,7.46599971339,0.155563043319,1.90630000174,0.489256525803,3.57357012749,0.716695938706,0.0576849110611,0.416395162344,1.03851160392,0.0715347544476,0.363237969596,5.53529075623,1.82624808341,0.28393478103,1.58846855521,0.105578437224,2.66283974096,7.82343385026,1.75455482602,3.83892469406,0.226551343054,0.584645231739,0.112533328608,3.07251951933,0.294456323087,0.427221863195,0.672065243125,0.661044898424,1.19708622694,1.90925495252,1.38620020144,1.82356534794,7.80020683289,0.133632879406,0.0919125148561,4.64786267042,0.21025830809,0.102710831253,0.252266465053,0.34682056658,0.77565803498,0.494783372283,0.424174343273,2.58750879526,2.79692876339,0.450272033364,3.17203118563,0.743616845459,0.714718325958,0.0284641335905,0.391548095569,0.00234975457191,5.14097129822,0.0846171159297,4.50963615417,0.281422405057,0.565383696277,1.92584703922,0.262733133249,11.1275500488,0.259099605829,0.222246513087,0.0371146435232,0.0653022481129,0.0570286976546,0.577408631593,0.182518017292,2.24100641489,1.05271669984,0.360548233557,2.60674669266,1.10667973951,1.24489648692,2.94556507111,4.51924378037,6.04362921238,0.0412451794744,2.21633543611,0.184336465895,0.437008360922,0.0765767032653,0.175608415753,0.209166773148,0.0478599826433,1.19895627022,1.90988198638,0.960510344962,0.33218942102,5.66329464436,0.0484144358337,1.12714605228,0.128241232708,4.7793727839,1.53280888543,0.145868385583,1.26395632576,4.91939282417,6.75977310181,1.17677415311,0.386432975531,0.358219172359,0.227183943633,0.0315936143324,1.04091869191,0.372436206667,0.66280945994,0.694002338722,0.772737156302,0.131020679362,0.530167947173,0.177587201335,0.567255628407,0.0606741715781,0.00257518976927,1.23685341733,3.2665530324,0.150382291945,0.0497854596004,0.147842197977,0.553324609585,0.873404535359,0.00619266381487,0.181773048043,0.184984264262,0.664404096007,0.324402031545,0.449809231311,0.097970816493,0.0407310194522,1.27952548206,0.480871998481,0.166406167597,0.0614153547911,0.160724673271,0.816283229962,1.08392764375,0.00696751900017,1.53526508257,0.214141281433,0.46066844441,0.561017386168,0.0653099265043,3.36741124153,1.08975326389,1.74957430169,0.888334549516,2.30490218401,0.518220892348,0.16660907995,0.0855903112888,0.134780295417,0.0114121818356,0.80294359237,0.0241666048765,0.467914939597,0.145239259512,1.02279730767,0.0852214813791,1.7472186772,3.00043005288,0.518093912676,0.103210044191,0.0984277313203,0.209298676774,0.25708083679,2.24124372721,4.06497031927,0.0708575249463,0.0538613598235,0.0479217532976,0.0429839149443,0.0533489779383,0.804839627929,0.016475353092,0.574523377139,0.219102549404,0.290704997499,1.70023722835,0.123194216117,1.48221363783,1.54979801118,0.0599822235107,1.74835201964,1.10614167772,0.161514286548,0.856980326921,1.84641054109,0.104837689176,0.133937572755,0.0304643273354,0.425590300197,0.0472535125911,0.451246926542,0.142892753184,0.104432166182,0.412057307027,0.54301563412,0.602249601289,0.0236504678428,0.192644150108,0.302350046784,0.545419135764,0.810380682349,0.0882707545906,1.97515070319,0.346242243052,2.52251523355,0.0304511068016,0.907678219453,0.159512847736,0.00885953893885,0.0281951571815,0.0893525242992,0.114474209324,3.75985921025,0.260720119011,0.00120582053438,0.355050768091,0.852789560556,0.115322296694,0.247518929308,3.86730319023,0.0721776951663,0.163243813962,0.932370056566,0.0145436649397,0.146142375059,0.0534381208569,0.491559095737,0.136787488125,0.0527386977896,0.234888049178,0.252300399877,0.194272506423,0.0649065683968,0.302238053158,0.0119868180901,0.0191526676714,1.04890864179,0.0153296446055,2.05716934927,0.0975237771869,0.350688208453,0.474032837078,0.337988337576,0.198412240986,0.388855329752,0.0342019497976,0.209245168818,0.598886364093,0.575000378713,0.916178379059,0.62733407177,0.529765256047,0.721468711197,0.621850217897,0.102843264281,0.00298867091537,0.428537787795,0.0995017009368,1.14569620472,0.0595659084944,0.151151841404,0.365995272454,0.11837037228,1.10815353714,0.247752832277,0.0528794745542,0.154440022036,0.00927937675267,0.780934448061,0.2933509323,0.0316483537108,0.59981329754,0.843446972817,0.886577526033,1.46935156167,0.0179839539528,0.33369942992,0.0216971691139,0.165869585797,0.0,0.0248510172288,0.464121153057,0.113671619631,0.0414139952324,0.085417163549,0.107746200413,1.18587531447,0.588306869864,0.602534066215,0.0125409403443,0.055564582143,0.0566850142181,0.134923253916,0.261061018631,0.0310333357006,0.248034140356,0.319229512513,0.539381543957,0.254707942158,0.82737191584,0.632658769945,2.02360142767,0.32980917912,0.0219445409067,1.12547409214,0.107390355794,0.0168636408448,0.0954418101907,0.130697084863,0.324211487449,0.309936134395,0.196569645284,0.0721977555752,0.094344394803,1.1798171562,0.0397985654324,0.0584445364028,0.449641922712,0.0,0.241265275721,0.246121374955,0.0392893475201,0.218334153034,1.19464385733,0.6624293698,0.507439301908,0.282367551103,0.201084158886,0.311378207298,8.71827639639e-05,0.380914664404,1.4805729666,0.0310019144509,0.339517377615,0.233200451434,0.0253067718446,0.696493658312,0.079109379733,0.116533011962,0.922641234845,0.309524343647,0.0195930121094,0.7914055942,0.000456265620887,0.473924378306,1.80439239159,0.0122527686879,0.322959758788,0.172458093837,0.401160020642,0.927012670934,0.0548370505497,4.93025854111,0.617473323438,0.00598299073987,0.437173784375,0.363302531131,0.104538428746,0.723083822727,0.248249958395,0.495611031502,0.444281912181,0.0229764425755,0.119887133418,0.0179356890917,0.271625544578,0.0637640292943,1.38398305118,0.429245379008,1.23796385106,0.200661451947,0.373903640211,0.2125321991,0.0476050669467,0.0959850182571,0.415840911344,0.00472206868231,0.0926547069242,0.23297792159,0.0669629285112,0.439995062053,0.0733363010734,0.0599672736228,0.450231291428,1.44517499536,0.0605668199807,0.500502794459,0.0483385957032,0.259371069958,0.221342451163,0.763309304379,0.68602483619,0.381196950637,0.0527865724266,0.151414562613,0.548702157144,0.19143861793,0.0882556124777,0.015391915068,0.0026819267869,0.592540016174,2.67008006573,0.422380283922,0.680447610114,0.390931389853,0.34360971516,0.84207719326,1.96030385554,0.208814145774,0.0667813701788,0.931595514789,1.07196781118,0.765456124879,1.04590350689,2.96116236448,1.45064937964,0.0115536256414,1.76484641612,1.83490372553,0.237990770228,0.0683665245026,0.0660513092391,0.194003599137,0.0255069976486,2.20711477101,0.405305276774,0.0913993170857,0.039555604395,1.52227125154,0.157892978229,0.810072663184,1.08741555139,0.267670435295,0.015431708917,0.0569106340036,0.351802597772,0.0,0.0964839035156,0.331882092976,0.0468277269229,0.00331581786275,0.16666652309,0.393560110953,0.0408977083117,0.053582929112,0.153034132514,0.038771280013,0.127038554512,0.114249176458,0.329027946381,0.0209341348242,0.0181606276333,0.519278071225,0.661424770504,0.0733571212366,2.83492169976,0.915530510936,0.360660448894,0.956864712198,1.32038137645,0.891506113885,2.11649803892,1.27977273583,0.108684994942,2.48361370921,0.298215316907,0.0734834044985,0.234956706355,0.0521335696429,1.13486537278,4.00247563362,0.572465822801,0.64102316618,1.5282828331,0.983511423059,0.889788940959,1.44180612334,0.029433400929,0.027699561147,0.170483216606,1.21895239636,0.0472270386294,1.37890338778,0.898318747245,1.19638586313,0.0197376343235,0.827510949373,2.04388852894,0.256423448464,0.00400394245982,1.09912045389,0.196532647163,0.794534101263,0.0125924738497,0.578628090566,0.17768709664,3.42418086648,2.47317857921,0.75457554094,0.00013588107191,0.000438871579245,0.0336136029463,0.00869270339608,0.0742210634076,0.0506554985046,0.0456229782477,0.30434695296,0.00514517895877,0.324563314915,0.337255067416,0.0,0.296725691184,0.0392182302848,0.0997682437859,0.00635803759098,0.544278325588,1.66645641327,1.71314778186,0.012729685083,0.0826368746534,0.0823212851956,1.50290991127,1.40654498823,0.0219518751139,0.263208148684,0.920283430517,0.519051461448,0.0118126659095,0.550792152258,0.623104950413,0.0820637131669,0.0910950601101,0.260253917836,0.977183741927,0.613235694896,0.443704762831,0.0455403127894,0.667236883566,0.42120164685,0.0129919893015,0.878715257821,0.79211278677,0.104270813428,0.251719466597,0.00955126238987,0.24945140589,1.14078437608,0.0416299587768,0.0511907175183,0.100252726432,0.682282211408,0.231930256179,1.19484770577,0.0535577051062,0.217115737554,0.46456587553,0.542909894884,0.0546042867005,0.0,0.00372663929593,0.615351303286,0.58859605059,0.051330335997,0.0867308404297,0.840876638889,0.121624089852,0.684154255465,0.0266547323065,0.554032052532,0.0232522247545,0.102872975916,0.995913121402,0.467169014392,3.67893415451,1.69875660725,0.625172106847,0.120779316602,0.0262732645869,0.0326736868545,0.00936886236537,0.291009335686,0.129207217824,0.242778321076,0.000577570386231,0.0411568644457,1.59404549003,0.279762445688,0.0046680238843,0.686076661497,0.0770681069046,0.190220449248,0.180479209051,0.0,0.164359520823,1.12426624477,1.33539280474,0.38664025031,0.125485898647,0.082013005623,0.244604586232,3.92007352591,0.197844104953,0.0994875818864,0.0130659937859,0.0340898092184,0.214834732562,0.137914083088,0.0653695503075,0.0459315575842,0.274622202143,0.637521799591,1.05957709759,0.0210968811065,0.0443631722033,0.0826879175287,0.112210703017,2.44137718439,0.353871168625,0.111955901086,0.173377014771,0.288587074354,0.686984975934,0.05961292319,0.148347327076,0.111270943535,0.332011887208,0.41771686065,0.400082757764,0.89882783588,0.417297762614,0.0213624260575,0.0594284181832,0.00235418941826,2.10954781264,0.0801237686351,4.83506993338,0.728215791509,4.60973321915,0.29285849113,0.564747797027,1.70118912827,1.81138656244,0.0689916262031,0.00172303527594,3.44415904999,0.58499075532,0.21627699852,0.146174495518,0.0133465858083,0.307727485895,0.296319465786,0.0200445175171,0.459793084487,0.0654869532585,0.0409629787132,0.0,0.202163452171,0.0188964334875,0.129469738677,0.480322068632,0.0946664765663,0.582234994883,3.20562160201,0.540316630453,0.0,0.0178300750256,2.38921537943,0.653071836829,0.257033234611,0.402151466892,0.00145936310291,0.0225010371208,0.00115381009877,0.0308056569844,3.45379235799,2.59123803198,0.880953951031,3.89811487436,0.00497169107199,0.143442306444,0.261473261006,0.0,0.0139768426865,4.38567358017,0.0515209913254,1.74109834061,0.790175450668,0.122299110629,2.248865978,1.43755692989e-05,0.604526958875,0.0,0.825316959135,0.234961286597,3.97975513995,0.0,0.360765332654,0.139308045208,1.37911077768,0.00728318333626,0.00157597869635,0.63679856997,0.270470965914,0.0682084000856,0.856333369911,0.301008816063,0.988116096482,0.00301118254662,0.356096098721,0.299351867251,0.653920054026,0.103011859395,3.38529053926,0.119866077565,0.618470975906,5.1119195509,0.320346163847,0.222994838357,0.0187347054482,0.214142373018,0.789027510211,0.039629227221,0.00095799267292,0.043480845131,0.0076971325092,0.715035838783,0.0,0.433493956029,1.90591170746,0.0837947893143,2.92554412603,0.0912914043665,0.00355636239052,0.68814512156,0.0182525724173,0.441995269656,2.21210776843,0.0927178312838,0.133912613392,0.341291405931,0.598252123594,0.0801817234606,0.0,0.0258650922775,0.14022911856,0.00638887964189,0.0,0.558520160131,0.0146219051629,0.110012973249,1.29651636936,0.000806640312076,0.00719627395272,0.0509852874279,0.3615742369,1.98723288417,0.0563185048103,0.00124758347869,0.598410921693,0.414717820883,0.00140458986163,0.0714698266983,0.255312292129,1.76126247734,0.0,0.474941897988,0.136489642784,0.000194276701659,0.105848321319
4,0.0581783109903,1.16599338695,1.17268895701,9.07926849365,0.334280095696,0.714451925298,3.98224078655,0.829984465986,0.166363581568,3.36748292446,0.271701047122,1.03685025692,0.877864232361,0.347397435158,0.0596145761013,1.14817948855,11.3533492088,0.254992042482,0.0880342772463,10.2142105865,0.225486265868,1.74751191497,0.0623998691514,0.014675517939,0.0,0.128464401513,0.177245618626,2.67145052195,0.194428864401,1.79487876981,5.50595021248,5.46260485053,2.67700295687,0.797765222341,4.96809597015,0.0,4.4042937088,1.06146448284,0.0180216098577,0.732744901776,2.40450179338,0.0187900935858,0.274825668249,0.220578667521,0.17065008305,1.20556399032,0.371856100559,5.1160071373,0.340120411068,1.23168125816,0.637507707626,0.106148878206,2.73744943857,1.45922432303,3.74753360391,1.01851471005,4.37100997686,5.96995075226,3.80818799496,1.90790027618,0.531401360482,0.00191673859954,0.158803963251,0.249287700504,0.592837038711,3.09169299006,0.803376803398,1.60142224073,3.57255822897,0.315896394067,1.06953227386,0.66004765335,0.0604574598931,2.15673894808,0.2196141221,1.93651384428,1.72619319439,0.286878924244,0.136002399437,0.598524779491,0.748916747109,0.0713642830402,3.57959917068,0.165212496519,15.6399184799,0.0583822240867,2.70866507128,0.0681679584086,0.178707871735,0.459537940621,0.0335282291472,0.114717476219,1.08223503232,0.0405571531598,0.892812215649,0.103478387054,1.50435249984,3.07506731272,0.213576284796,0.0843355780467,1.51335858703,0.291430980712,0.0408410096169,3.98428099632,0.589302036501,0.00159233599901,2.58389504671,1.04455553409,1.07759114444,0.556867133342,0.0179970387463,2.11990864038,1.62285068691,0.208708607554,3.0421700871,2.59989590466,1.71349965967e-06,0.367042675167,14.1395228577,0.10177025333,2.27626217365,0.0,0.861894881502,0.676306396127,0.532395628933,4.29029952526,4.34966646671,0.0415901448578,0.111808464024,1.91620693684,0.0,5.33818020582,1.60010417104,1.47202422857,0.905039987564,0.20549708508,0.0377552874386,6.76919741631,0.0804879291914,0.482297431231,8.2345580864,2.58135939911,0.274241167232,0.279449270256,1.17142278105,2.98312658429,0.125123478174,0.0022929418087,10.399126606,9.94454917908,5.34325823784,1.98820393264,0.643515300155,0.0762115585059,0.0750852239132,0.67467732843,4.02487761497,0.151810066591,0.0,0.0104726138711,0.708166916855,14.3628367615,0.0953663206846,6.17236625671,0.179750435688,5.97142882347,2.40175225496,0.0,4.00803537369,0.00435201048851,0.16373021476,3.74424671173,1.19727683507,3.17514456317,4.07076404095,0.276845360845,0.0522364377603,1.25250358045,0.788917154372,8.14057941437,3.49835714817,0.143244254328,0.122048810869,3.41419232845,1.75175274938,1.30875300707,1.08037368894,3.8917973721,0.535271168202,2.1374918285,0.0423341009021,0.163998709484,5.73967907906,6.53856467247,0.786782087833,0.757738087997,1.45687097967,6.97508461952,1.4627884686,8.15974575043,0.000213847644627,0.355698459148,0.0,2.9376688385,3.42981635332,1.14911792427,0.0761049677432,2.99455578089,7.48432370186,4.39906731918,0.00414505511522,0.015721051842,1.78450149179,0.308295698464,3.48024803877,5.47647751808,0.124861431122,0.0349887191318,0.0468340380862,1.54356556773,0.0225602077879,3.63145406246,0.459672908485,0.448548111916,0.0,0.0780169971287,1.21547758222,0.02073381864,0.762388087958,0.693365262523,0.0225720032677,2.74072143644,3.11421484172,2.26952804565,0.134803762287,0.124822383504,2.31398889899,0.837900209576,1.21127277002,0.536335333362,0.0110290491581,0.0,8.22264041901,0.0359146638401,0.00977176640183,0.121357444301,6.3565799427,3.44518147588,0.974656554163,7.00140876293,0.0158024942875,0.606314734817,2.02523608044,10.1454363918,0.0999043347314,2.98099428177,0.498707071543,4.75716012955,0.0470570771396,0.587923042327,0.78907487832,2.10059118688,1.05324469566,0.427501389086,7.3809839344,2.51481822371,0.218391613439,0.753269468918,2.28768675417,1.44947668731,6.8118830204,1.46533689648,0.7909132725,0.0,0.62612784192,0.967793154186,5.1772393322,0.394738774896,0.0450642215274,1.12352686137,8.42978704453,0.988115187567,1.2661438103,2.1589292407,0.808501145393,9.85527647018,0.276944144927,0.000662002936006,7.99202409744,0.115912544727,0.82853341341,0.172987436987,1.31381052285,0.45213130787,1.06631025106,0.790052660555,5.05519869328,10.0615626335,0.535992659628,0.606936274767,1.63625113487,1.66635967523,0.332836320996,1.26356527183,0.0340660402924,2.34433898941,0.0460006521642,5.97691855431,1.34621389307,1.53287891403,2.07684484243,0.0377985598147,7.70442890167,0.00365747332573,0.0857386829611,0.0964660913125,0.199337139055,0.119610209763,0.243249598294,0.269040026069,6.43029806137,1.11817747414,0.48361870192,1.33443957735,2.25308979034,2.7575839892,3.77970855713,0.867061494291,8.67946481705,0.077417944409,2.09435215384,0.063986627853,0.467947033495,0.0122626684606,0.496191022545,0.123395127508,0.0269968318287,0.854056171291,5.11137416601,0.923659293242,2.17419868883,10.462737999,0.0194763398916,7.847648983,0.0810290500894,5.5376048851,1.05848362446,0.266534170574,0.695550312847,1.58162116379,3.38244530439,1.22088447839,0.761001813114,0.25262438938,0.458179388642,0.00642917364836,0.752747716531,0.5691851715,0.0859264633199,0.451861941861,1.64741525888,0.423516786601,0.0892250855267,0.0652811578056,0.265728356045,0.0100043223053,0.136267759278,0.672829951858,3.91647402763,0.0885556071531,0.0443207609653,0.481706695259,0.295281929262,0.501189858019,0.0777538597584,0.145116396439,0.778413506523,2.01809417427,0.0423601039499,0.724752684385,0.292024386153,0.552058615983,1.30566874772,0.18423346163,0.637774921805,0.359485840574,0.928189450055,3.5890741846,0.55940680597,0.0228881749325,2.10842848178,0.370874827057,0.454355236441,0.448480753005,0.135665232837,3.99172670126,0.562760520279,0.209538069144,0.675480301157,3.33796401203,0.680725297108,0.117837788239,0.120369064286,0.112639961727,0.0411370411329,0.526031913161,0.00800571121275,0.725206553824,0.0374402648769,0.998142693266,0.114247388467,0.668042944372,4.07754309975,3.58383183479,0.0337023058534,0.00805454149842,0.0923930012342,0.185463624825,3.85070936203,1.86020031124,0.217902517375,0.00233288168907,0.221325425889,0.318927977085,0.0849154227972,0.566461562812,0.00192137598991,0.838844332993,0.990496244431,0.0231948780548,2.551623317,0.124355960182,0.512600716464,0.208109378517,0.0179681231733,0.556441645436,1.27965451196,0.0166452701576,0.204992091767,1.48365634561,0.0792524562031,0.129814577661,5.30312422276,0.195999972112,0.447484362088,0.172968196459,0.227308184803,0.169682149217,1.25591009334,0.117296938933,0.788800231302,0.0262603911757,0.181950232619,0.0763551647961,0.328944567116,0.188176271971,0.0277729161456,1.55938165389,0.0119324304722,1.92950534815,0.0921092339605,1.79117679358,0.594514270294,0.0197890175693,0.0684527264535,0.0947204763442,0.884883207306,7.86634422809,0.272873834148,0.0352196188271,0.650241035037,0.0572484801849,0.474256306887,0.0362591213407,4.76943562508,0.0366313537024,0.507983627766,0.30561000986,0.00557722710073,0.00784135457128,0.0440181905776,3.25454884529,0.0242029706389,1.23287294447,1.01048844188,0.171923382366,0.15634656582,0.0496725335383,0.122443689108,0.0595721435547,0.00490649551153,0.261168758334,0.00331801522523,1.35471272926,0.0555950973928,0.314991298616,0.545097232517,0.802452470325,0.128185674853,0.295793508068,0.00841913403943,0.0180983039364,0.369271726608,0.288936387897,0.967470280603,0.896776785851,2.1345089227,0.592819797536,0.585161750466,0.277698689699,0.0693372517452,1.45463366747,0.288062697649,0.077942757681,0.069505463019,0.646706468165,0.596414347067,2.49772273421,0.586689355373,0.171208144277,0.0991006722394,1.11100182295,0.399232580662,0.151001508012,0.356258574054,0.360570971565,0.142346264897,2.90852458775,0.725826959014,1.31373929769,0.137310819104,0.160633971542,0.0303515067697,0.233411081135,0.00602484665811,0.428384518474,0.381372392625,0.869963281453,0.0544945389032,0.361372215482,0.0046903320495,0.794233623892,0.439053832591,1.03760931671,0.0142530268244,0.222453938127,3.38623555586,1.04609393202,0.209387660325,0.530731115043,1.02484778596,0.250641529523,2.37838775035,0.280866567828,1.88231804445,0.776221393608,0.377538852394,0.202832033937,0.0386628258228,0.434073643889,0.2057046628,0.000475578308105,0.403535906821,0.0444264769182,0.437736749826,0.130551441535,0.15323759865,0.111292797495,0.0539617369324,1.03609422401,0.396927150451,0.354094927162,0.0632667847886,0.0376946861995,0.870315487385,4.00572840422,1.30626128521e-05,0.719454241479,0.405262511969,0.51426690666,0.0355831871927,2.09818237543,0.0647901420854,0.225835455991,0.0158366831392,0.101689360794,4.10934999704,0.0103830403666,0.111719875932,0.618549079038,0.0537952214852,0.443700595666,0.0657048534928,0.0739438788127,0.821729811281,0.258570436314,0.0723646140099,0.3093593961,0.0484663194418,0.463039947823,1.04772470534,0.00772117078304,0.048625235185,0.374197982401,0.485236502755,0.328879340962,0.116694250479,5.5791732502,0.0963061025739,0.0430623115529,0.186230720654,0.15644336665,0.0466165445,0.364928509966,0.291797290072,0.0288437002897,0.0777451746166,0.0216811483167,0.161930607501,0.085054333146,0.183699034546,2.11844486281,1.51278341092,0.504118875191,1.29595947318,0.142461267933,0.918648170233,0.137582837907,0.00574998164782,1.12070415728,0.220780727342,0.00186276987195,0.101594715863,0.495361196771,0.124427187294,0.116361456364,0.00161047101021,0.634882985502,0.0651157511026,0.594603556246,0.0229114075005,0.233207092546,0.105335961804,0.027830285877,2.29992481862,0.599165644273,1.34635008126,1.50610188067,0.991260968558,0.813865575977,0.16296057418,0.0140625806898,0.182780546695,0.268753253073,0.0162285617366,1.68146234721,3.12294955298,0.4106103497,0.118134167045,0.127308370695,0.442713460848,0.723752530217,0.789277492017,0.00912115931511,0.0406431381404,1.78085174665,2.01114582896,0.573274596983,0.260113884248,0.291239319253,0.248890734687,0.671963270269,2.02496753156,0.401541398643,1.79238287568,0.0370485555846,0.584276140854,0.374127768278,0.231365549322,0.990677513741,1.38596294058,0.0011527941376,0.129247531872,0.420028516632,0.03045184216,0.310865728972,0.545536379069,0.0784872736037,0.0247572375089,0.0828053207695,1.13698394179,0.0,0.215857236735,0.983068613717,1.42750940524,0.00340865980834,0.133440798752,3.26785912037,0.229417130196,0.192780801114,0.206662848927,0.00211177530698,0.0417330957204,0.371260285489,2.01170382952,0.00573245670646,0.0131154026231,0.43824174609,0.683982822001,0.0942575638602,0.300666649956,2.2999750853,0.674792910516,0.811358088776,0.59725877868,0.888856996745,0.0767368614022,0.721551819891,0.1104269676,0.875562797203,0.384195939749,0.00220302090049,0.585374540093,3.45592637996,0.502972769048,0.913420634717,0.527466586232,0.121503554136,1.81148796678,0.113105321173,1.09606845409,0.0421906952746,0.184299923852,0.294938363116,0.338964872118,0.246696919175,0.0369543371536,1.88107661009,1.12050427988,0.627952206582,0.00157905891538,0.621376592163,1.60576716125,0.0424646150321,0.113491256684,0.744467193186,0.136459850445,0.156364568863,0.286471339799,0.405447221845,0.0111782603292,3.14777022004,3.91733524919,1.76988970771,0.000485846661031,0.0,0.00284433258697,0.129081027508,0.756468099616,0.370919750463,0.282543914467,0.0555513011292,0.30338556841,1.25639479816,0.384192166179,0.00764568090439,0.0160455084778,0.279723953065,0.0297819836438,0.0971758462861,0.641591558978,0.644778444059,0.579656111598,0.000574384629726,0.0104358311743,2.5562711139,1.45169683695,0.370492333621,1.06149934055,1.51590141773,1.18351327643,0.97736248564,0.986247770619,0.0582609956618,1.15887064576,0.0186026352411,0.0888528254349,0.0134834204998,0.294519347064,0.154520255812,0.821807435751,0.100257663876,0.0719344724715,0.053612376973,0.0106327578425,0.330686502624,0.898943770379,0.00875869761221,0.815989290178,0.025065150857,0.368950298494,0.143369338093,0.0935829134379,0.581384131759,0.292164039509,0.560032052994,0.987358781528,2.90352129683,0.462248088829,0.959554105736,0.179980809484,0.080141003523,0.65228548158,0.0,0.302170548141,0.153631509002,0.188827491999,0.145585729331,0.582911468446,0.54818075601,0.0272790564224,0.155310547296,0.0232751343772,0.191924705054,0.0,0.0696101793647,1.15493287101,0.456969757481,3.62651126385,0.813373711808,0.0234218856739,0.0936776958033,0.761130514368,0.0475527525414,0.293803878098,0.00694779891521,0.101155650299,0.0487288467446,0.184732889831,0.150697357133,1.20432400942,0.00413429600187,0.00806944184005,0.18137879936,0.198091207743,0.183045808026,0.544408209343,0.0,1.05628962021,0.0291434726864,0.583107219413,0.179042679844,0.315508075878,0.0,0.119592071217,1.45754939944,0.19694192091,0.125859482139,0.0,0.547342666462,0.403730739153,0.0108526821824,0.0716113296151,0.0304685647693,0.168407339174,0.8356006472,0.0259473788738,0.00462344020605,0.0798235592991,0.496128054764,0.00112397916615,0.583492134288,0.351355920807,0.0520811468363,0.15862472387,1.10490418982,0.0427124487236,0.0033425508067,0.157028008234,0.0,0.168381995455,0.0987454947084,0.286948780622,0.550286243223,0.0932562414254,0.90689761132,0.0434711286984,0.0786400549859,2.44974874198,0.00451022443362,5.72865801573,0.266288744099,1.12205346765,0.0399061773717,1.17215356909,0.240270034,5.02252561331,0.00815502330661,0.142329739705,1.05553033501,1.71752423968,0.0129070723057,0.0178909254074,0.0597451339662,0.0364590516314,0.467288147686,0.00243704736233,0.406588670537,0.0706648313999,0.214084483879,0.0,0.274588358551,0.0329355477542,2.01088646576,0.331729472131,0.0,0.0817339970171,2.16638343453,0.413239859622,0.0881087103114,0.0,0.482286589742,1.51651328892,0.998594047278,0.0442971427366,0.0,0.121968310177,0.0185541712586,0.0525343094021,2.4493864131,0.0649141501635,0.409686523378,1.58990793511,0.28698611062,0.19696829089,0.0253827293217,0.000942215025425,0.0208726476133,9.7369890213,0.122143608443,5.70801895142,0.0917220771313,0.477087425124,8.02012699127,0.0,1.69193006605,0.000173903871328,0.82792264577,0.879977430701,5.38968647718,0.0,2.15965211295,0.0446183662629,5.37810223982,0.0,0.685116489232,0.0810022202134,0.682088374421,0.00474085256457,0.323003105205,1.29605448589,0.28980186956,0.00548041462898,0.16195237969,0.114705061913,4.90036423802,0.144787349552,11.594810338,0.259292101134,0.50596682989,16.3211535645,1.82371768951,6.340398736,0.484788591713,1.08346628979,2.53950807676,0.023056897223,0.0,0.276577146258,0.0,0.86148016416,0.000505432598293,0.133072912097,9.30376950264,0.0,4.63693077236,0.0,0.00600463151932,0.648804633282,0.379956194423,0.00107547372929,0.756946960092,1.30100077566,0.333287940025,0.50075030677,1.23044591427,0.133151056692,0.0291478157043,0.0855625488423,0.0229585069418,0.0,0.00394524872303,0.0374140568078,0.000564799010754,0.0,0.243970317859,0.000325355157256,0.0151054251194,0.289409438744,0.394728038311,3.24551261783,0.0,0.0,0.0331976310909,0.220475601777,0.196504068673,0.125855880082,1.21152150393,0.110007582903,0.0,0.38270461306,0.191332804784,0.000846584066749,0.00356009811163
5,0.121172880381,1.67605904043,0.799291311279,4.48596429825,0.352325102463,0.306515418291,1.46275392175,0.655035982281,0.112518564165,1.43092123032,0.89363652572,0.640360065587,0.634258129485,0.660672660768,0.338506875485,0.764735224545,5.5760331583,0.0702983222529,1.80000335358,4.05689167142,0.0553260438144,0.573984545767,0.637828989141,0.128144081235,0.360469587147,0.286805792078,0.539424660653,2.08706524491,0.106968318373,0.334528779946,1.71017667294,5.01425990283,2.07006266356,1.42959875733,3.49802566797,0.105313529596,5.1782833004,0.96337933749,0.0,1.47719492286,1.79419249028,0.164994668588,0.226019965969,1.07206498563,0.166916722311,1.56229626611,0.511450632289,1.42631294578,0.22888966769,0.175703640431,0.0672161173075,0.13074882783,2.11542191982,1.49919967532,3.88226002306,1.08203626305,4.84118042469,9.21040845871,1.41253203154,2.3900412035,0.318257457726,0.0478095923364,0.377491577864,1.33056903213,0.612026231363,1.67549875408,0.16298162505,0.103894462734,0.559643578976,0.825383466631,0.593764496818,1.03170720428,0.23817182132,0.315480331406,0.442562552392,0.624647359848,0.64433141673,0.174214470387,0.23343101345,0.913271386717,0.505957232085,0.0364904742688,6.79513813019,0.98761690082,8.70004614353,0.30719072707,0.848739383854,0.258470736779,0.0760257917643,0.85138994813,0.121443038508,0.026215999499,4.16319117188,0.127490912182,0.196830321699,0.259152288213,0.611436781585,2.22804185629,0.0719227420166,0.113518775851,0.767293940783,0.0367829674482,0.182968331948,5.51531690255,2.024271947,0.0805664266646,7.20219564438,2.25401208997,2.04475771904,0.235541428626,0.0260941450484,1.47379243791,0.171651964672,0.36781160526,0.8180188521,2.81002661347,0.00278773546219,0.374493996724,7.87973609209,0.916258677542,3.00911713541,0.0390409740061,0.276124269217,0.48306717068,0.0744460860733,4.08200495958,1.12246223688,0.0961800943315,0.313500514273,0.419259289345,0.0,6.75082379341,0.468750026301,0.132853941247,0.38232488174,0.998845470548,0.0830846351385,3.80995326996,0.0340239103138,0.988247906864,7.11050777435,1.10309065307,0.0194968990237,0.58217653282,2.1134814769,1.20124383628,0.552870851681,0.0473839138821,5.14373481989,5.6869783099,5.79920184612,0.841651364192,0.439487583493,1.38734943241,0.0731729756854,0.51041383801,2.0648908551,0.0412288782001,0.00293303150684,0.0293350783736,0.778120897787,10.091988163,0.0583177598566,2.30646488925,0.0831166826002,4.71668100119,6.63305168509,0.137204004452,2.57369504064,0.0352404957265,0.361484819446,2.86455276638,3.45629778266,1.26409131765,4.92234926343,0.820817732066,0.047274842523,0.578783424199,0.691624731272,3.47435370445,4.44179320097,0.188626727387,0.151594207697,1.66198050599,4.39145324469,1.14039341747,0.0919035781175,3.80601932049,2.1338451165,2.44415462255,0.0103256460838,0.591067464128,4.05205818109,3.33680413194,1.08088225991,1.30145533115,1.82490045669,2.49809587717,3.04669805497,6.82521869123,0.236161971632,1.40887333453,0.00291327416897,6.99354299545,4.25180026196,0.578798218891,0.0448179543018,2.58257232311,5.79032048225,4.21681362271,0.0541783648729,0.0177808609605,1.1198632928,0.996744618449,3.73516887665,2.74837912314,0.184764187336,0.29309034951,0.0299440649897,2.99331416816,0.0473857185245,0.896219443679,0.124868509583,0.0887953562289,0.0667000760138,0.0102190763503,1.28513287008,0.123589082584,0.962343075275,0.375980232742,0.0747825986147,1.38526698906,4.26963176131,3.53353901625,0.35451423049,1.33645617008,0.638513661996,0.275170813501,2.50725367546,0.770882978141,0.0295502253715,0.0110771803558,6.17254951477,0.0182527147979,0.0428909726487,0.470354547044,5.70376943111,3.70189328998,0.817910843715,5.57719730854,0.0,1.25992062926,1.49031427413,2.13600717306,0.124695263207,2.96525634527,0.0873521862552,4.83218020439,0.202033329662,2.40453240037,0.0875947505236,2.07172423862,2.39091579139,0.164720498025,2.70476613492,1.20161726445,0.317223177403,0.48559600547,2.19327857018,1.35011125743,4.10354552746,1.64983275294,2.52858909894,0.00927662998438,0.211839176044,0.579115444422,4.72263054371,1.09358180262,0.12573221758,3.17642089605,7.06094541073,0.269020120865,1.9965583086,1.01400219023,0.759990814477,1.73400628269,0.376689736582,0.0,7.14274599075,0.487232923396,0.759906760305,0.722983759642,2.75551540375,1.40330831319,1.87322690934,0.460701773763,1.56131129205,5.69889042377,1.13228819609,1.20176571846,2.03700954556,0.453608523011,0.608082096502,0.214492296688,0.0208721284568,0.687064675689,0.0563230186701,1.53691493154,0.903544040471,0.289189836741,2.92529184103,0.229800980613,5.37053971842,0.0801293033361,0.107484757677,1.12581018776,0.255721379705,0.207224719217,0.566501868758,0.0749571961164,5.44262361526,1.23741779149,0.750175168591,0.916696310043,0.627450290546,0.338041170631,3.97233587742,3.15641512692,4.24363153361,0.6859720397,2.62845327571,0.0388792467117,0.587490763143,0.0599684040481,0.795519627221,1.37625468826,0.478539246172,0.678289694861,1.8044627036,0.272015768588,2.59140107751,6.62703186512,0.0551361235976,4.24327031851,0.00488785766065,3.66531007886,0.092861353904,0.0917821876705,4.78972554803,1.13334756881,2.26108407497,2.07613688111,1.17649132624,0.0383994689584,0.530849124361,0.142645013034,0.588201192021,0.703233569458,0.135725690424,1.82197733108,0.850731089413,0.353616113439,0.0601109443605,0.263290113322,0.48663061332,0.016576807797,4.41621892676,0.786176325381,0.274945197999,0.449234456867,0.00546026408672,0.580552513152,0.115798599534,0.492647700459,0.0674618040398,0.235116953317,1.0261757724,1.60403331399,0.461427814811,0.409458088428,0.447830807865,0.104926957171,0.337107272893,1.33146750117,0.0440087719262,0.065781776933,0.231378520168,3.59250026584,0.175720128492,0.0582214895636,1.0341780321,0.340498581678,0.94750748992,0.0914163599629,0.182905137502,0.318247112706,0.360606082845,0.242092304826,0.0216908024251,4.00957604527,0.483162617497,0.134662042161,0.111949612051,0.164034014461,0.117554926872,0.267131648362,0.0422061026841,0.601140700281,0.365007692128,0.417140950263,1.12478763595,0.105858457536,0.319521407373,2.32779276162,0.0152731636912,0.0504271204025,0.286549152732,0.800448421957,2.00941083059,0.475178785324,0.108326372558,0.163706833422,1.2578063976,1.42184616089,0.285995428404,0.276900458038,0.305901524425,0.648090506084,0.838116035936,0.169506516978,0.552924007177,0.308688679077,0.103486329969,0.577963336408,0.197548271716,0.660571656227,0.183860239014,0.231779104127,1.31877671108,0.980591819584,2.77745870329,0.182187750489,3.38398225784,0.319461709186,0.0936212540988,0.246318156347,0.316695146379,0.0233498322964,3.73418561876,0.506985954454,1.16258330822,1.04538509995,0.0932300770131,0.686909867525,0.0768736642785,0.0816948712617,0.0638406601548,0.62606572032,0.102935537919,0.457223572843,0.000963869467378,0.0419836250693,0.808211138695,0.00166797593236,0.136755736882,0.22553398937,1.06126308441,0.462379888874,0.0243205623562,0.475630127117,0.0464734846354,0.403933215532,0.507454687655,0.495928779999,0.889873927459,0.0399986729026,2.56522181094,0.205470610121,0.00737905159593,0.00462299197912,0.0491832810984,1.13218660772,0.50267961219,1.67421416789,0.406101730773,0.0127356284857,0.216842270717,0.123348933309,0.0574684013426,0.322140841149,0.423311950467,0.61147244893,0.0195567303896,0.457013348788,0.486504451036,0.277147381902,0.485928868973,1.03958509216,0.123279609866,0.944410194699,0.0630191092566,0.115382795108,0.396376946867,0.167749221902,0.311940075634,0.129085206455,1.53547981754,0.117952451706,0.195989706805,0.0758302792907,2.29190420944,0.153197876401,2.04966231436,0.0258608970046,0.0965632125735,0.150950700252,0.485905536897,1.29127082124,0.988587137312,0.0981251576589,0.903345579356,0.334096559733,0.967841743827,0.272911609039,0.859561176905,0.216903058738,0.06613283813,2.40375096891,0.171056485791,0.244815336354,0.0877166252537,0.106443051193,0.0151453905459,0.505233308524,0.254147641622,0.0317766332626,0.159728268012,0.460145597607,0.115790265054,0.436788202971,0.134689750411,0.405743642822,0.290272458568,0.885190705843,0.124529602714,0.0782899951376,10.0760481822,1.94563052223,0.753830366135,1.02963862713,0.33255356747,0.0795636796759,1.4545964919,0.0611698178761,0.38173066359,0.0407507552207,0.0759164561331,0.0821597176325,0.00310494080186,0.309912298284,0.544153945781,0.0,0.353735281397,0.167034585029,0.017023356896,0.357047106987,0.417033798248,0.00651223123074,0.00579894756898,0.269727042317,3.9256425035,2.21413137794,0.0139363953471,0.0531307648122,0.236267263591,3.64348168403,0.0106182235479,0.692727311701,0.305680445284,0.0300535721704,0.0327051750943,1.39936390005,0.0354908800684,0.59405391898,0.0492637521029,0.576393378638,3.22093106687,0.661679822356,0.30067457634,0.126115320702,0.207176456936,1.12678794831,0.0589846667647,0.21734285824,1.53162518658,0.700167370588,0.197829550793,0.17311908388,0.112513143122,0.0236238260381,0.323643730655,0.162304052291,0.533080587718,0.362173223607,1.51667650968,0.359689587355,0.177191894501,1.2177989148,0.181078106845,0.0277749300562,0.0381460632384,0.0270164667815,0.0807703962922,0.280542835593,0.162206100076,0.967791709006,0.0507361756731,0.183625188321,0.470016058236,0.021934916079,0.0149737245776,3.17316195056,0.609571665577,0.0535940661654,0.654649870605,0.702582146805,1.24874361247,0.425779946763,0.244253226966,0.7121874547,2.19501919305,0.120014983416,0.0160436384752,0.0486728025973,0.253351777345,0.102007666379,0.0462257892638,0.37992521591,0.0375811000541,0.467878757194,0.546234942662,0.543147135861,0.1151319094,0.133691338911,0.781257292479,1.19809154972,2.15352485126,4.6054252116,0.282227323651,3.40772840016,0.791552260518,0.0855932543427,0.901136670858,1.53638259321,0.0163983371109,0.160094493777,0.552692549108,0.13740842443,0.0126024100371,0.191053555505,0.0291081500053,0.24766804032,0.269654362388,0.0,0.716323898733,0.510851514116,1.56227679804,0.0520288578235,0.128302754369,0.670780760199,0.655097513497,0.00994096610695,2.81068764925,0.0781217745901,0.827878483571,0.289199170657,1.37309778616,0.328305553356,0.536928803846,0.704916997254,1.57674816482,0.0538779423945,0.308152336821,0.467950913161,0.574298887253,0.643128708005,0.667217450198,0.0603913720697,0.138510295525,0.382463667057,1.42377908707,0.0,0.574792643413,0.441187904254,1.52852403879,0.00115108624101,0.0833145800093,2.9939703887,0.506208842993,0.537396646244,0.91632109683,0.0484905762598,0.080434054397,0.0711418854073,2.84673418086,0.0263509891648,0.0549954368547,0.0902837970853,0.90503806863,0.474372365581,0.0511011221167,3.00375221819,0.222908046758,0.854295841455,0.368819939829,0.673670496345,0.0589138955437,0.735125727565,0.277111348901,0.609707661085,0.497631260119,0.0402690194407,1.03433082975,5.4262187463,0.183330781627,0.597820682339,0.315358858556,0.316245141872,2.60532904029,0.21906752984,0.730352197438,0.0324673237652,0.125347215421,0.460048965076,0.421398646608,0.163970592856,0.15371148169,1.74201212524,1.05541995073,0.663394077793,0.0033124701865,1.25083598793,1.98787594542,0.964846485183,0.0951230060402,0.108065861799,0.580121692643,0.369934168831,1.11802508056,0.671120502278,2.28736298829,3.00973424256,4.86386746608,3.6500753057,0.00340913169086,0.083466925472,0.00570918798447,0.379729357343,2.06515720427,0.999926951929,0.0741282359883,0.623339984324,0.772043280005,0.721210429668,1.41042710066,0.0618091261759,0.0740206460818,0.0261629748344,0.0266935455799,0.616323992275,1.19105800813,0.114739940814,0.348978594597,0.282577263883,0.111173218302,3.53551683784,2.94192435503,0.12584571775,1.36718037564,2.59500450194,1.86813220263,2.28669411421,1.86478785597,0.368127489015,1.43200708985,0.0532110590627,0.152914217875,0.0481471604016,0.0607248296589,0.0246716575697,1.22446688026,0.0,0.105695003942,0.00725425483193,0.0165642118221,0.620534914224,0.736587067693,0.0083722977154,0.521747936755,0.0928288215399,0.535770125985,0.0862813433632,0.201603477565,0.578759207036,0.820891620815,1.04341362255,0.928583162129,2.7387312641,0.461871711239,1.05842858435,0.24791499909,0.1153738091,0.602060104627,0.0293680114206,0.435132383592,0.351312105954,0.111973312274,0.250605015606,1.36848892048,0.745620013402,0.350597188771,0.0477302389219,0.223988096435,0.533195746187,0.0758861654997,0.0651063115336,1.50795340747,0.159840228781,4.46032177992,0.431515203416,0.0537928912789,0.233920230009,1.24150406033,0.0714786430076,0.472684394112,0.121903826408,0.120988399815,0.43338525176,0.0425574083906,0.191085544038,1.4584493917,0.09340914906,0.00336095541716,0.0802007335424,0.396602012515,0.488364822343,0.856332203171,0.0129064026661,1.44976082139,0.0315820448101,0.290632371344,0.184419745654,0.675261605904,0.0340995517373,0.192613998922,1.39714609072,0.447241938785,0.525812221244,0.0107557923906,0.349138358105,0.234538049735,0.00510197063966,0.400264020413,0.012190348804,0.34250607729,1.37340790801,0.007781509161,0.0692778978869,0.238779020691,0.874805470929,0.000907715559006,0.068355637975,0.239059563465,0.139437006095,0.293360628346,1.23696782723,0.212997869477,0.023708312707,0.199311862551,0.0834123408794,0.21053888347,0.117151558474,0.181195223462,0.0354400168546,0.335181863452,3.08025360227,0.0853668292239,0.31394854188,2.82136228442,0.0808193229977,7.89973684102,0.0933382388577,0.519243897591,0.180177945215,1.95298590451,0.434587918743,1.59122097321,0.2114733674,0.274819776043,0.168831229508,1.88402504861,0.00376357346773,0.0470810684562,0.0273025785759,0.525967615247,1.17414784603,0.0211486294866,0.305011491403,0.482703944501,0.299743573666,0.0247911062837,1.23547408089,0.287642982677,3.0030461669,0.444387266636,0.00202608847991,0.0509713833407,1.65682847075,3.2773101449,0.300728992075,0.0,0.264025633829,0.732802329957,0.818761590868,0.0181400650181,0.0,0.325311619937,0.513266336247,0.0868532782793,2.0135707882,0.0341338462755,0.643988632336,1.75674409635,11.3310117602,0.0788483100198,0.191000281461,0.0,0.00192576542497,4.1020257616,1.06214317411,5.40124082327,0.451104401797,0.156525502196,4.34584418491,0.0,0.378347534016,0.0205045653507,1.29413495652,0.873675884753,3.80449526787,0.0,0.307661523223,0.182784794495,1.48889422119,0.0,3.21273725986,0.0709044045396,5.27757444501,0.12167612195,0.0893180663884,3.34911379978,0.00957233726978,2.00776120175,0.179518397748,0.0672265547514,2.75480984449,0.982772296369,3.06469817698,0.0345654416084,0.0550546799973,7.05459485292,2.0175112468,6.07881556809,0.384226080626,0.273237389931,1.02664414868,1.33748257257,0.244005397558,0.351541311704,0.0,0.144262703508,0.149728205493,0.00016262775287,15.2295407093,0.185473757396,1.20884444054,0.316624707971,0.0201494281553,0.459998480566,0.659562934041,0.702980211377,0.229165644646,2.85791800976,0.248422253132,0.515993880313,7.07068890274,0.0910980924964,0.0,0.0,1.54220498756,0.0199450108409,0.101732558608,0.285527749509,0.0220083584636,0.114142308086,3.45101191223,0.0,0.0858992604166,0.257566981032,0.481305376738,0.513767756186,0.217648307867,0.0,0.128894281983,0.0551326411963,0.364603684898,0.133346689371,1.86252160922,0.564393063001,0.0197584056854,0.221042134203,0.383221529089,0.120823341571,0.0515684384108
6,0.0,1.88217779519,1.43930196106,5.42969839573,0.323423097534,0.556880866289,1.36023350975,0.611737598777,0.328889597654,1.50013647705,0.239974980056,0.569884717613,1.75519219339,1.27437465429,0.636495963037,0.862628956586,5.42264306352,0.215477954894,2.28659438193,8.74465658188,0.0966201598942,0.786524401978,1.13564427614,0.598592720628,0.00218726329505,0.197545539041,0.0739636951685,1.85042935897,0.198709956706,0.574319432154,3.94998823702,7.08961955249,0.848278098265,0.546015509646,1.83785558244,0.0670741004869,0.821547032259,1.27395970851,0.0325913755596,2.42781671632,1.57761843204,0.512742422223,0.642378920168,3.35152204931,0.473839127515,1.65121594965,0.146596922912,1.66852548003,0.325601008609,0.17877706863,1.01003107734,0.188072133358,3.74125612196,1.67435953587,4.28429447815,1.36622913883,4.49049026549,3.99119125605,1.07208035266,2.49443096071,0.468741636947,0.0573637607507,0.227245100755,0.957839644761,1.22389828701,3.06717110157,0.0512650067359,1.76198508233,1.67114850789,0.725464446656,0.653496107459,1.8953442277,0.0927377802134,0.107581009269,0.332928646822,0.652279203013,1.88562587053,0.293016639315,0.292410504036,0.651545340419,0.204450878128,0.304438464344,3.27122531652,3.15281748772,10.0581039906,0.142714288384,1.76123051971,0.17942187557,0.0538471956551,0.810419150256,0.0587583300099,0.0937201921642,1.02217187557,0.420923160315,1.13197441839,0.416892251521,1.10976932202,2.21763952851,0.0919916651677,0.0381916514225,1.97714675982,0.178697773488,1.08304948926,8.59740896225,1.58208207488,0.0278303647041,3.25651347548,0.993967532218,3.39735141248,0.651894602887,0.359123206884,5.3665609026,0.340260625891,0.0204589094222,1.78021463461,1.52659971148,0.0,0.99253772229,10.7360248184,0.150893918816,8.4422731781,0.315489030033,0.352105018795,1.02789052367,0.655493259355,2.82448337466,1.04762755565,0.212966288552,0.340598594695,0.749571340829,0.00968861281872,4.74348517656,0.368876367025,0.325602549948,1.01274986863,1.10899465367,0.43532576248,3.28618804693,0.0351383171231,1.33889626965,6.46619771719,1.88018569708,0.123214763403,1.24460512586,1.77763186693,0.860731051192,0.917703454942,0.57122333914,3.60001285627,4.70717399061,6.42181498051,1.02252172202,0.496435279232,0.305689854603,0.0297033119202,0.256107925624,0.646092909947,0.283328111023,0.0106947043538,0.0167999924347,1.36386429898,9.62170129776,0.352908110395,3.15517892599,0.0434929766878,8.05679347515,2.70879675865,0.146309659677,3.56607355118,0.577476303205,0.152640560567,1.95890116274,0.534495284408,1.92299645141,2.56549253017,1.07688980252,0.207577855848,0.399107493013,0.738281819224,3.92038803667,2.07079212183,0.119125122875,0.523725020997,4.67303039134,1.2925037384,0.341686949693,0.314869923964,0.724729052074,4.20536481619,6.39751797676,0.00894421959296,1.46386947339,2.74982629051,3.73774011254,1.33732994273,1.75994623095,1.36170618962,4.24895865917,4.47013536572,16.0180390549,0.0217128366232,0.0177540422231,0.0,2.77728507057,5.6263088116,0.706465941742,1.11577161759,1.45283505082,5.27342544317,9.1266029644,0.568102994198,0.149408027455,1.26969951242,0.761449471414,3.65454809893,7.61896656036,0.445994514525,1.51922412023,0.0508699486032,0.592303811796,0.809479659498,0.687287519015,0.00353688286617,0.262329184487,0.208956526369,0.0517940472066,2.21551899694,0.00673666656017,2.65645895183,0.0730292232335,0.143852360966,4.01746343255,2.58062304616,1.92961154498,3.33175177813,0.560723950639,0.619201307222,0.827936250567,2.20263764679,2.17853093177,0.00824056588113,0.0798484423291,7.01151538432,0.423522748202,0.0630293816328,0.215024405436,5.60789575577,2.96928392699,0.374242467042,7.09200372569,0.0309896844625,0.0852293205261,1.43130771305,3.4883612749,0.0325484048575,1.69965435531,0.262837770544,4.50220419884,0.923895419836,0.397992173694,0.257905082833,2.32504727602,0.976456061732,0.485102853328,2.87664264202,2.59793124378,0.0352109146956,0.981282648891,0.585091993771,1.95524346292,1.96913382553,4.01793978214,5.58969246387,0.164814754426,0.46893980056,0.961113582216,1.77619146317,0.458808203042,0.438166783291,3.2398244065,6.05968854457,0.673206295408,2.5848717612,1.2827409979,3.42739694528,3.16947953463,0.413669297248,0.0255660349503,8.72322237015,0.238751361072,0.561894566417,0.697572426721,0.362172875255,0.803453704417,0.975917199031,0.766495076716,2.77554743692,3.94230886161,0.481684519798,1.69435307831,0.840916137546,0.397460932396,0.0631866550446,0.403593074521,0.0349619747326,4.90387657166,0.12530198589,6.6735521698,0.475017721578,0.765013510699,2.58496453166,0.0637271084636,11.7064810753,0.606523557082,0.253753169673,0.261904156916,0.146875011325,0.191852574497,1.85832299344,0.0187807750702,5.39083243608,1.40204867154,0.0901411993057,1.8692977953,0.958941031992,0.562840710878,3.76235890269,4.57491199017,5.6012229681,0.0,4.89743181974,0.525428436813,0.217976725004,0.0983948792331,0.663190835342,0.754221148044,0.195569585413,0.102532238085,2.99888197154,0.489412010014,1.58801079661,4.67608243942,0.408746957574,4.52361720368,0.0119581239671,3.08480962038,0.615795648303,0.155966667905,8.68356550306,5.06333743095,2.47585778043,1.36043396339,0.563087725118,0.229717813469,0.627465571947,0.082192232511,1.38455047369,0.907232176308,0.294740465358,1.53509348437,2.10204078257,0.0374003241025,0.701578345913,1.65022440076,0.678559281901,0.0939296809584,0.593081332296,1.20570174873,1.30438673091,0.548467926756,0.0134635025263,1.49241930649,0.0490094785392,0.0628373378329,0.462544004209,0.255748583972,0.546894255001,1.62996813912,0.330953231528,1.63444916934,0.470778275728,0.0848001607135,3.364035272,2.14661349356,0.126104461551,0.0921988757327,0.511131959707,7.95453356981,0.334172607516,0.0135345561802,0.293133734763,0.892506593466,0.512631956954,1.22790246271,0.0702314025629,1.02411352083,1.45449761234,3.35088908494,0.245990540981,6.44013318062,1.04501381822,0.0049799716752,0.524701704253,0.725752310865,0.00362329717726,0.616965151802,0.0610577336326,0.159124806151,0.164184936733,0.973604412228,0.657791539878,0.148455138579,0.105851825848,5.16764506578,0.0167713627964,0.0306645514071,0.326529677361,0.0757943802979,6.14310949326,1.81544307806,0.164545508623,0.110172925107,0.300895169792,0.303131179065,0.075144508034,3.10491463304,0.0,2.07351351261,1.84960760649,0.192839633897,1.29810232318,0.330088262148,1.27528472509,3.70087982774,0.0352334328182,0.567011914849,1.33375007704,0.00919239223003,1.34134030588,2.44835257709,0.398230610546,0.0565864187852,1.71737937059,0.367018974039,0.278700103611,0.148017715886,0.345203408068,0.0182758399472,0.934220843166,0.681315271962,0.173146772683,0.0294176468998,0.110356043465,0.31851956727,0.102062394433,0.841944012865,0.550724683022,1.05895302765,2.17831504583,0.513496379051,0.0751225742698,0.155590935498,0.38128636539,0.0231388268061,0.242380078482,0.0914309543462,0.153820253015,4.02383385912,0.729131881893,0.126977244616,0.106801009184,0.705210525095,0.45244762525,0.5464855849,4.046674757,0.246906120218,1.117814226,2.79465240836,0.00564335986972,0.0434091901407,0.0357692278922,1.90690709591,0.779812230677,0.782532945573,0.674770210311,0.28854765296,0.9754622069,0.0636048588157,0.0042060732469,0.0160084777279,0.20407318458,0.898879744662,0.016376247406,1.03383755058,0.0595774268359,0.420843632277,1.40998964965,3.01495611787,0.0222604106367,0.510998997092,0.108278882653,0.405142635927,0.971016946137,0.269999377364,1.39169017017,0.472986248303,1.50287055887,0.437597163208,0.136677703243,0.121185600422,0.123017174453,0.301070779255,0.588852792531,2.32036857434,0.020900725089,0.0196898202598,1.4807944037,1.19767080326,1.01414478324,0.00507939774543,0.121331080962,0.949750800729,0.128622512035,0.481055023968,0.469841600824,0.0357387831621,0.665637262762,6.25268826962,0.256113835592,1.43339132346,0.0984379982948,0.244892299771,0.119974913523,0.126755690044,0.36508232221,0.0333850481361,0.28430172585,1.12849110425,0.0179781092703,0.370362516437,0.0537823918834,1.64661164045,1.02869297177,2.6078246662,0.161487816274,0.57159006143,6.56228802835,0.974327354562,0.708905956596,0.159330293015,0.000182729056105,0.238390617371,1.58410792992,0.501146255154,0.623100707382,0.489984529018,1.6171390491,0.643307515867,0.0112472581863,1.73585261829,0.0771307595819,0.0523606151342,0.159439267404,0.183022075691,0.186759955995,0.244248498306,0.0515984410793,0.299864940569,0.0173431353644,1.15264122456,1.10701110089,0.498224537708,0.0362718899548,0.0219357332215,0.0657670709398,4.29406725362,0.0342031623423,1.79468554676,2.3109018299,0.604665614218,0.173722122796,3.14852355883,0.313679042477,0.267722348347,0.00557735003531,0.55398585666,6.70687111378,0.0190364937484,0.205308078947,0.664324536026,1.30391444609,0.85025623899,0.464212309569,0.408530758619,3.15475073844,1.46003719255,0.0896284854785,0.10731696412,0.0626290079672,0.338217847496,0.844861676693,0.0258661722019,0.456686270311,0.20207617525,2.45798432589,5.50994902253,0.124204841182,3.72285763383,0.101809399873,0.0682375714555,0.859159840867,0.143875083104,0.0656915825605,1.50942358283,0.104423710927,0.564192620501,0.820615670169,0.00824927702546,0.0476153948903,0.385552355982,0.0393426385708,3.32830223918,1.50503601275,0.363143779753,2.9387058115,0.122052780946,1.11718396589,0.578302004077,0.0589939074218,0.19562493003,0.87747111015,0.220210702159,0.179430770725,0.227879318763,0.25152818366,0.186444988027,0.0108465047553,0.754918645173,0.394205603749,1.00660525462,0.284995964225,0.228273841813,0.023121384168,0.0416361619532,0.503332835436,0.0793115254492,3.41297588557,3.63945935406,0.312863580529,2.13006445462,2.19839042783,0.00530253091827,0.0273229750432,0.516912381081,0.0149076210707,0.32886124678,0.848812869787,0.420662528127,0.891947105899,0.0510217118636,0.440057392083,0.252644783854,2.52814413428,0.0244232840091,0.197794074044,0.576175413504,2.49404622972,0.162327980511,0.504596465258,6.12877316475,1.04434309666,0.0303818416409,3.95215897083,0.956696507037,1.02950806645,0.346022335945,0.0672983606206,0.837996388078,0.559514089674,2.35274995774,1.31607598431,0.105250293303,0.205624826849,1.50143076599,0.375915114628,0.404617293626,1.35498682275,0.159039216395,0.0029344753176,2.81822512195,4.28797058642,0.0,0.731594571266,0.379362308569,0.365495701376,0.00409001648426,0.0243848682637,0.79121781271,0.116269524917,0.00595962878317,0.246679569744,0.103134106775,0.0970252216607,0.265298306271,0.863853687495,0.0145328408107,0.0219048837759,0.383693613894,0.835533440411,0.258832971007,1.36351656541,1.07059759464,0.252047413415,1.31764904027,0.997188822031,0.753337475955,0.388345114514,1.21105208755,0.154627955928,3.06118850023,0.112304497457,0.133567000479,1.34802850266,1.24359491572,0.720518591683,3.52394981682,1.35906414401,0.230585988313,2.17439283848,0.317391960546,1.37759024631,1.35063622773,0.0725839286856,0.0378776329849,1.7960038811,0.220552112535,0.0101919559669,2.71344724715,2.14918108132,0.602512444239,0.0020682284236,2.05828746676,0.854665411245,0.634482339043,0.196496001687,0.81294691788,1.38172759449,0.497602532431,0.583226641715,0.276812229902,0.627139888778,2.99575692803,2.53864559412,1.27594092458,0.00814122736454,0.027032988444,0.0566571639292,0.0494330306072,1.29741457142,0.434481771612,0.0698183197062,0.260319885965,0.112568668663,0.638878191113,0.60240123668,0.0158293445036,0.239017357826,1.32891244687,0.786722454578,0.10252215527,1.41586193353,0.622854160294,0.720170768751,0.280882832324,0.564908696581,1.29410097241,1.89243460655,0.891832284909,0.163783576379,1.28817270763,3.46875944376,1.44323141098,0.374032922293,1.24556209639,1.56836092353,0.0904180350434,0.0613889070321,0.178210109705,0.250104613396,0.182088813931,1.17849588301,0.103054551184,0.0341967654182,0.310902297013,0.280279445136,2.06242216289,0.348601862602,0.129122674819,0.397189527154,0.301131791128,0.356379139507,0.523646286954,0.0830452560657,0.439214938283,0.734264198393,0.901037090719,0.877020440102,3.2651233387,0.697228816932,0.818122091517,0.294339824785,0.621983466111,0.108787226286,0.28326862447,0.067407662794,1.10621596485,0.337056964003,0.205356458584,1.48758814201,0.329640457742,0.308078970704,0.139782903492,0.444960273211,0.87826947866,0.118661117181,0.0475767099857,1.38148183197,1.75327590197,6.49030389786,0.486757342517,0.0703988046572,0.345810275264,0.247695549012,0.107296910364,0.457395295072,0.032564701885,0.157633844074,0.135371323673,0.242553036809,0.136862342674,2.40145938635,0.174985475936,0.0366302729677,0.482756035179,0.242411991209,0.252965678275,0.33106327042,0.169029051289,0.222503449917,0.216370645328,2.89790941693,0.166818117378,0.0810564827174,0.0181560205668,0.0626337208669,2.59478425264,0.255786877871,0.531411628425,0.0206449264288,0.201912565231,0.065345710665,0.0318249039073,0.671613280326,0.0313793244958,0.755454016551,2.0927289483,0.201183837764,0.146411784515,0.378262777962,0.283295071665,0.051044893451,1.53796956427,1.32268532708,0.165890740529,1.46338986153,0.538841377646,0.5902591566,0.121952158124,0.369823257187,0.12927150843,0.171229840145,0.124196864814,0.125585826728,0.178444727845,0.964392548017,0.899669756666,0.0046079377085,0.156591054536,5.72916008055,0.0,10.7220186615,0.33326132494,1.06874686506,0.000691009815782,1.42060809672,0.689591671247,1.225642794,0.0660163134336,0.086559041813,1.57769544736,1.38074824817,0.0767998954281,0.0165649594367,0.0523326502182,0.265954727232,0.0684648728371,0.182643005252,1.66842706114,0.0146729849279,0.0111698945612,0.0584707096964,1.66308031876,0.199652293324,1.24764396995,1.31934872776,0.443611230701,0.00210382735357,1.91005596712,2.74274138093,0.0,0.0012474167347,3.75913284302,0.325437836405,1.0304635559,0.0729579749331,0.00635848611593,0.59167617254,0.0148301930167,0.0,0.503212759811,0.624624759965,1.2666998449,7.20074005127,1.90129130232,0.0567965467274,0.784514328837,0.00614739075303,0.138442314789,2.97099768519,0.0606073087454,4.35854056299,1.10147830084,0.856231144518,7.17321976185,0.0388416403532,0.390119465441,0.0,0.307753729522,0.185630219765,0.863476145053,0.0,0.635992455743,0.0545642758161,0.747194947004,0.0,1.12197894065,0.34460365966,1.05601247519,0.673631811514,1.51837335557,0.141177204186,0.837248395905,0.0926654463354,0.500794032216,0.0350250852108,1.69530175596,0.31987950746,4.21801718473,0.0282498712093,0.0530029748473,10.761035552,1.09828084469,2.99730763197,0.181132631004,0.138329145201,3.04577711694,2.23019547691,0.000881859119982,1.76217743188,0.0337577591091,1.23218120843,0.019312068224,0.28110828355,7.29446436882,0.00313947603106,1.73557090968,0.0275506149232,0.024230760932,0.632771737538,0.377215309069,1.83023048416,0.490251470655,3.16621626377,0.389913664013,0.0354064053949,4.59250723779,0.686254891381,0.0,0.0334632201493,2.12352241337,0.00733304321766,0.00126595288515,1.1803905173,0.054830851499,0.273465057835,7.4475483644,0.0,0.255130809993,0.0232578577101,0.236717266142,2.26702703692,0.00492851056159,0.0,0.565230371058,0.593299617451,0.0172063373588,0.213763530785,0.352634121031,1.00777914301,0.00118722721934,0.165423336178,0.616244092733,0.091675106287,0.0149716537446
7,0.0,1.61583718479,1.65097456001,7.2054128933,0.0829275347665,0.189863727652,5.04077169895,0.139192472696,0.139234412495,0.631689282656,0.187299081839,1.0353896435,0.842643918097,3.06885058641,0.307495188047,2.11818784237,6.2912228775,0.143940127194,2.09439481556,7.50756455421,0.681809117198,2.14233671784,0.305894477516,1.12644916356,0.00485745683312,0.00998992323875,0.0476826732419,1.07212617218,0.683601133749,0.64895872172,4.08551074564,7.55816331387,2.64206858873,0.0611695834249,1.22214368325,0.0348138475604,2.04547204614,1.47714512974,0.056325119175,0.249807736184,0.207588534355,0.820630772114,0.162996619754,1.38929049361,0.092524159383,3.33404991627,0.156756283417,1.43675275147,0.357200199049,0.367922482309,0.323544877917,0.429566930309,1.75233332753,0.871392592937,0.936144647151,0.151327287927,3.82139725566,2.67842759371,0.848269312978,0.761493977569,0.537700593914,0.00496309474111,0.0837486312678,0.446002979688,2.16398029625,3.1192251575,0.394276309609,5.18790253639,2.84601699412,0.0634983466566,1.23629315883,3.15515171409,0.0,0.519221539646,0.388974071387,1.07311324266,1.17881803453,0.24585473597,0.464818764403,0.361368064657,0.41656699874,0.549136005938,4.79528715312,2.08726777911,8.63553442001,0.162856921554,3.38045180917,0.686875601634,0.0291842094436,0.164374245313,0.0446950429119,0.00700245708227,1.3451342988,1.04137809277,0.334740668982,0.255786510855,1.97514974445,0.536681509782,0.579725800827,0.0537922810018,2.03311828971,0.337444031984,1.31115912497,10.0125293922,2.24386556506,0.00150053575635,1.55947629884,0.265227483679,5.34752880573,0.42008120764,0.317603219599,5.21893331528,0.384175295606,0.00767218396068,2.6203374064,0.16963934809,0.00729225466028,0.705176367462,10.1172956657,0.0783566336334,3.11041478306,0.404395564161,0.399965406992,0.902581363916,0.48428746514,0.55158212781,1.97233629912,0.192380431239,0.130380571894,0.920326527394,0.0,2.8308257921,0.842149833106,1.39147309408,1.23698776186,0.824849469811,1.24766998276,1.39680276096,0.11114540033,0.624455519007,3.33020933628,2.70751782477,0.0493378084153,1.30620468065,1.5495572634,1.7324676764,0.203588588685,0.634319147915,6.73746479034,3.64461371899,3.34692867041,0.965159416031,0.102161509059,0.725762842596,0.131332460344,0.426442975141,1.39635902733,0.290964283161,0.0,0.0435538323037,0.499498903006,4.9376295495,0.332059105737,2.27010519236,0.174657829106,5.5881760788,3.0591353488,0.0561544166505,2.54739114523,0.397787452117,0.504920864105,5.10514318466,1.26022640586,1.69205292622,2.75993694097,1.67981220067,0.0868564480171,0.614884956088,1.60659398556,4.7592033577,1.25782921873,0.646385595445,0.158027713485,2.82893825531,2.76899805262,0.227504906096,0.721537928134,1.2218917954,3.11935159743,4.44187508851,0.0124849127978,0.359832623824,2.13853418872,3.88562346935,0.945537916347,1.58573379859,1.58694683716,3.0248635447,3.46207243681,6.58368902206,0.0121616547368,0.0264100496471,0.0,0.348612777779,3.5524735117,0.684590928257,0.0882059043273,2.5976614666,2.87502189279,5.77803761244,0.0672637239099,0.377598203197,1.14273649327,0.915168902986,0.373176727667,7.26581004739,0.502234762907,0.378435564459,0.137079169583,0.0855645987205,0.489496277049,1.78856934711,0.206753458381,0.664486008883,0.0638320568204,0.101423411854,1.95439311266,0.00556734030135,1.13437774986,0.103194173463,0.132445881087,3.21706219435,1.11922513083,2.41555428028,4.07439163685,0.606428554207,2.04011312254,0.927800014541,2.45960809827,1.9395043391,0.144826637506,0.0503205926716,1.58571335614,0.846952201128,0.0861448481679,0.178500010474,5.21867063522,3.79859830797,0.301762220599,1.91004482374,0.0,0.589614281468,2.53999533087,1.54470098644,0.0994740596879,0.460174352378,0.69889155522,6.8029561615,1.00199539077,0.327288804315,0.570519408323,1.60719324946,0.0599241840839,0.738922066242,4.12515764713,2.6796664381,0.0,0.645587704219,0.436952438056,2.36461239427,3.1882457906,1.54908078015,7.02841618538,0.334198101982,0.973761778325,0.42068881169,1.76124531928,0.11316119913,0.709046302475,1.60605807662,1.18759375095,1.55569806069,1.72861886591,1.21493365988,1.02053372576,6.18024767876,0.173382051475,0.145163896382,7.12283638477,0.131121603698,0.171313647871,0.49698882943,0.405190635929,0.526166561134,0.0382513766736,0.811717882305,3.84765556335,2.42635692239,0.1614483881,3.96660210609,0.386689045485,1.11046895176,0.109734475762,0.274221271141,0.0104717814922,6.56557412624,0.00784223392606,3.86815824032,0.259656962231,0.55052737996,1.88769811749,0.627616140991,10.286499424,0.978595307396,0.24192187354,0.0512101841811,0.296346701384,0.311560701411,0.121368218958,0.0810356152058,4.38487033308,1.26722877033,0.216340823323,1.80722337663,1.18472137658,1.33918943763,4.51204265594,5.58564021111,3.92899021626,0.0422639024258,3.70661170959,0.400430817902,0.43162244197,0.0646995120868,0.929124812484,0.500830631126,0.024234283705,0.344216073193,2.4074718833,1.00297764063,0.718762408048,2.65588238239,0.349907601662,1.10194737658,0.0456410374446,2.6445685792,0.983137123436,0.0369056242704,4.61596993358,3.37647989631,6.78458795547,1.8300891979,0.163359651947,0.0717250565998,0.358517272323,0.0786704682931,1.96297684312,0.0281529760361,0.256421532016,0.601165692937,0.695180593431,0.132603198886,0.486940726787,0.407888711011,0.642480440037,0.0743690918945,0.161587746106,0.635861978233,2.24820442438,0.503973092362,0.000578887723386,0.78924892243,0.206656943038,0.258051719144,0.13348397091,0.150113670174,0.0167474270612,1.05220898099,0.142584395548,0.398287760559,0.267930942699,0.150189334676,1.35835537672,1.80026502579,0.284252317944,0.233983600792,0.426739197224,0.893411640264,1.74871202759,0.0104399061203,0.388004155979,0.409847613843,1.5871671544,0.949437245161,0.208506918261,2.54496574342,2.19394222393,2.74210659392,0.818242475986,2.16738311421,1.16098957976,0.0108104613051,0.614565901384,0.219518534988,0.0961691843718,0.582942198645,0.392022346556,1.07293251008,0.206227081325,0.577578696683,0.306960244402,2.38987137333,0.508790495321,1.08876588758,0.0497367138532,0.0669010044541,0.382698459923,0.148021499058,3.46035605907,6.45490908131,0.236166844417,0.180821101405,0.476597022042,0.0706338962913,0.107220897824,0.908476694301,0.0,0.667390327128,0.34326422736,0.108860125379,5.90073982239,0.388513315339,1.27955034569,0.375673020855,0.000576671287417,1.82719054937,2.5612768963,0.0973096815497,1.89731844593,3.64831308603,0.962331863642,0.101044427194,0.303270960748,0.567622973025,0.130036312714,0.0743435730785,0.0961377243558,0.00807452066801,0.622604546845,0.653868485317,0.807594750896,0.0337543456256,0.0784237163141,0.196027081534,0.142448847378,0.550214318503,0.225896367729,4.1903818512,0.710223954259,0.475372402295,0.0445766528323,0.136994386129,0.691747400463,0.0552273775265,0.336900281012,0.440017574653,0.478741195351,6.84858232498,0.805302255657,0.649702026248,0.13609187996,0.676631924994,0.143341303654,0.505212117434,3.68854281187,0.0107878336497,0.467228262573,0.836462192774,0.00245619989932,0.30638233155,0.229280138724,1.09618524186,0.222171689719,0.0753621512651,0.188828187659,0.0637108124793,0.764885480329,0.0333071435988,0.378569889236,0.0699898290634,0.107298983084,1.65326266468,0.00615612156689,3.91671626329,0.154493293762,0.41053122893,0.953347928803,0.584540612698,0.0942507008463,0.304544737972,0.214979247935,0.241615447626,0.501231172532,0.438571750629,0.589587852191,0.356396637205,0.391647166051,0.840253750016,1.30948150903,0.15117787567,0.220230728835,0.483769867122,0.21617902901,0.267796522137,0.375212205611,0.229443398155,0.48586459795,0.402069357634,0.273400381266,0.0516557596065,0.0894836571813,0.387465754431,0.0996331392229,1.69584807694,0.411559432773,0.00127548158169,0.824462759793,0.705845143739,1.65903581515,2.08592285123,0.0375211598724,0.905787042491,0.143260983694,0.326516415216,0.260976528134,0.159038498849,0.308504482955,0.505166449798,0.04561182037,0.0155695413798,0.122321152985,1.77005406052,1.26759244516,1.71297152519,0.152681720629,0.139074113816,0.742094308548,0.138648495059,0.521719073355,0.489673979729,0.322860398627,0.164495239332,1.34553828716,0.744894003356,0.619773505367,0.625169162862,1.14093922877,0.121362445205,0.00159228693694,2.16220186092,0.620249434337,0.0390322716162,0.154531896412,0.188688028455,0.29175591548,0.185530347675,0.0758862471581,0.0751697853301,0.0442076071352,2.8579137376,0.373702808768,0.290146306157,0.0452808378078,0.0529243698716,0.106009399927,0.547777867168,0.151907061413,0.368237509695,2.21229595542,0.527066568136,0.38439253062,0.744706419669,0.257253449606,0.105077893194,0.05323279351,0.503347499128,2.29962559104,0.296335625537,0.529922397397,0.246102882519,0.475631293636,0.58630452089,0.317398379892,0.237947616936,1.9993309997,0.385110602891,0.000677365064621,0.443538394272,0.0,1.17505297191,2.58879526883,0.0754712089896,1.07104874343,0.106573136896,1.87456647292,1.97326978207,0.0125838551112,6.9974113369,0.507457454652,0.116897228211,0.537292974666,0.681070895958,0.00941322803497,0.616873392258,0.0310767401755,0.245816416517,0.271668907851,0.106073188484,0.0235968720354,0.290056797564,0.0150160837173,0.591937391981,2.09631419048,0.19830778704,3.77611043721,0.317353615761,0.233117165715,0.0916043718904,0.270103983581,0.303104668234,0.79227642104,0.279443407189,0.212342671305,0.233020940037,0.336683565951,0.165729471147,0.0387910426594,0.0102223356022,0.367763478905,1.5100537768,0.452798576355,0.728597260267,0.0232508690655,0.458855754845,1.72087429047,0.602983465589,0.514000963164,0.805555163696,0.116912283227,0.338199353945,1.14791360259,0.00527107849717,0.0460503163934,0.060490405499,0.0957470626011,2.12512124628,2.82982494026,0.546036757603,0.232171218917,0.0507900657877,0.101032514647,0.425724027455,3.33554350335,0.0998500871286,0.228229384646,0.680379017368,1.46075215131,0.0120946626365,0.623524015993,3.98381945133,2.88984912038,0.217927015228,3.38372935414,1.42031547945,0.46553467432,0.092399284495,0.051100688111,0.189790851153,0.0457391276024,2.1964943397,0.920184310041,0.030604279153,0.217592412159,2.4428314016,0.242675129622,0.556327552944,2.2256428355,0.187347575724,0.0254463777691,0.0195846148161,0.341214197539,0.0,0.209038023707,0.817247903422,0.602656174488,0.00108747109771,0.732254384458,0.958521016538,0.0706678417185,0.0907871202007,0.279245930873,0.10493402468,0.0364103646576,0.609630667306,0.299886117019,0.0468470252515,0.0175644401368,0.445551729277,0.390804344257,0.098610883865,2.51866853476,0.60524010323,0.29654535003,2.3795609045,1.03552857105,0.603900700659,2.25921610162,2.18787336111,0.069757845602,3.09654767752,0.236521191709,0.0696367919445,0.660549280033,0.234843703965,0.719799891561,5.34970232964,1.94463579565,0.313414670527,3.1126921116,1.21813022465,3.25721298844,0.489052795991,0.0487271226197,0.0186218190193,0.347749083197,0.38059354648,0.00805960617959,3.18427622795,2.7974855274,0.795774684679,0.00889245271683,0.896610818231,1.00343438463,0.348894498684,0.0447771140002,1.16177590862,1.03442403156,0.89255829786,0.00154203489423,0.117502448298,0.19835622021,4.31054936886,4.57459917903,1.04054883338,0.0,0.0033071488142,0.00614279955626,0.0,0.231740419343,0.712941752877,0.157532149255,0.244933265047,0.0,0.311921568923,0.168595894072,0.0197706008714,0.786586797903,0.000126582263038,0.0428234202787,0.0284731057286,0.954193745181,1.05647019565,1.50499389824,0.0,0.0224002861977,0.232771221548,2.48398209818,1.21044131249,0.0737667012867,0.846476133652,3.14237981081,1.35295171395,0.000564506091177,0.768374836398,0.858593431488,0.0138673790544,0.0179466760345,0.079181994414,0.862755913436,0.679678950012,0.671638188493,0.000541460067034,0.148379946835,0.984348642477,0.122243939955,1.15845336959,0.488565701135,0.0718007376627,0.223583515035,0.00474566191435,0.1137795207,0.949479819685,0.0222601565113,0.232966568545,0.135585948139,0.330426311046,0.254399778843,3.19646292031,0.144056801274,0.254594793748,0.525084225913,0.625499890604,0.207116044089,0.0,0.150200697295,0.698721446097,0.27461116774,0.0313937535277,0.0921513013542,0.822371252119,0.220215356741,0.776482290663,0.0504817269824,0.753483383423,0.00273934960365,0.0719775512069,1.13172938043,0.936010285076,5.6984689045,0.955359955579,0.545495618284,0.208622493995,0.0555991835892,0.0200625888444,0.00668889515102,0.0708201999776,0.41371928846,0.019292026218,0.0135499310493,0.0307150301617,2.37600758314,0.191716275066,0.105115936548,0.925286351442,0.0872738440614,0.104456407661,0.19160189121,0.0655954492092,0.0316925070435,0.92301940509,1.65075861908,0.369529650137,0.0739949095249,0.216844115481,0.108488344494,4.25790964484,0.473589827493,0.440089257061,0.000240892879665,0.0186538768956,0.0227028511465,0.0143571424484,0.0135171926208,0.0512589743175,0.166023419057,1.87222867483,0.284175435156,0.0175065144897,0.03670213826,0.209223832949,0.0171349030361,4.02596353292,0.897305825856,0.113955403678,0.00665137909353,1.03848304631,0.321041148882,0.0492023730278,0.294808330256,0.0636655376386,0.305877885509,0.151546535529,0.310211682129,0.316668261681,0.352909128172,0.0297902114317,0.0133869731799,0.0559307208471,3.8425726524,0.00248903855681,14.7425404549,0.30099701779,2.91811885811,0.0125459089875,0.267597959954,1.06198121782,2.5410323599,0.180049815327,0.218530430496,4.12617949807,1.09988907637,0.0187241131067,0.0381773582008,0.0464896328002,0.297049618736,0.0527049151063,0.127718171063,1.25163657006,0.0,0.0762724366784,0.199703149796,0.436294034896,0.00869316637516,0.202400177643,0.278560404684,0.189701864645,0.0786195753515,1.7452469629,1.33815018766,0.0357396474481,0.0,2.99108724594,1.36429117786,0.3240162348,0.322771995291,0.0,0.0884732853808,0.014671754837,0.00170360922813,1.91367669445,1.73107333302,1.64544064346,3.83072774649,0.913729908094,0.271925664172,0.0838638980687,0.00379326343536,0.314924021885,2.69494075537,0.00341703601182,0.405083337016,1.24826433465,0.0386274119839,2.00432467639,0.0,0.75573774904,0.0599200084805,0.46834629029,0.176422080621,2.44701833695,0.00925243685022,0.713452130263,0.00660866807215,2.43217971236,0.0,0.201872526165,0.577702572048,0.459152027853,0.0616141694784,1.26665110663,0.677178962156,0.734880903363,0.125531208515,0.505774369612,0.10137813922,0.229264065288,0.190302243531,4.2508159399,0.283697562963,0.366564184427,8.09262591362,0.668240114376,0.814653816596,0.267031823397,0.146661622673,1.49508336198,0.282192445844,0.0890455905348,0.249359044582,0.0423490395769,2.34381618448,0.0,0.225305721425,2.13108330324,0.00947053283453,1.64243914813,0.245330413091,0.00458821982145,0.950249532908,0.0773760640621,0.717233695686,0.607251159847,0.561339423209,0.0560993483244,0.176873755208,1.50139635324,0.0758128646016,0.0,0.0,1.22252132505,0.0,0.0,0.365202966928,0.029099009335,0.238612229453,1.17137759537,0.0,0.0243823361397,0.0618154202233,0.298308322132,1.26013588205,0.259762639999,0.0,0.388294368796,1.40457428783,0.0594535376132,0.0197355675697,0.646989949308,2.15552452642,0.00643049843609,0.149341759682,0.273079615235,0.0215394346416,0.00488431811333
8,0.278473361917,2.67626137257,0.75053954944,3.71614451885,0.58330094412,0.0140459501394,0.151432566536,1.05756386876,0.120051667728,1.14780211747,1.82990076035,0.241132697267,0.174001816437,0.873587577492,0.514553395063,0.106197368205,3.58948014855,0.267907028496,1.67521152079,1.42758157164,0.0561549542146,0.427348134518,2.46629355907,0.500415023863,0.0757100661844,0.109413510486,2.32688162148,2.38589329004,0.24118434906,0.943671700656,1.08304850489,1.90023262918,2.53138763189,1.3598982951,4.85556934357,0.216902135313,4.42187529683,1.63311274648,0.0106068978691,3.54288315177,0.484605435282,0.0681109463982,0.763041054159,0.634672800861,0.830815497041,1.74337041855,0.794276432693,0.0841667704098,0.166262283791,0.369545600864,0.0693467003666,0.1951141271,1.26107164323,3.36968631029,4.74030091763,2.39664883852,5.79455551147,11.2370615101,1.17554363251,4.24221140146,0.894274289012,0.0330402986333,0.0404618350975,2.36397336066,0.512442566156,1.26426744463,0.344923258908,0.48565007221,0.126999269426,2.29608382061,0.077728574872,0.273844016008,0.729616148472,0.147687231414,0.90284435384,0.130672888756,0.362500759512,0.151563707665,0.0819789253175,1.85501748443,0.762302962132,0.0788449675962,6.41779850602,1.11714122508,3.36023785293,0.520406195396,0.354972935204,0.419778375328,0.00941053748131,1.3408423383,0.193083742913,0.0611731606349,7.28510843277,0.374755547345,0.0773665111698,0.511972817797,0.138430708647,2.62870302588,0.186117521375,0.242870175689,0.760121697187,0.0367811301351,0.193433586201,1.33827297166,4.18717916965,0.0,10.9541332817,2.25499785185,2.37746672392,0.209675022364,0.00325477950275,1.8505908215,0.500261899978,0.743542640954,0.628218241334,4.75521341655,0.0204877060652,0.389698879421,2.3821509999,0.217856044751,1.86727546006,0.145130533064,0.162112656645,0.754869199246,0.20025357455,3.50256323099,0.3150534527,0.269854394346,0.0588785834238,0.0129792635888,0.0370722534508,4.59805733442,0.95990341343,0.431387733649,0.0728784701601,0.941241006553,0.0696187478676,3.2855739975,0.0292187907547,2.87514158607,6.38711308479,0.40213062942,0.0,0.225560837088,2.37574324608,0.618679879606,0.320610668436,0.0389428526908,1.96653117783,5.7560575676,6.20917044878,0.280404853821,0.0416283880919,3.43041893125,0.0502520650625,0.2533074424,0.305760835744,0.0133061395586,0.00757081508636,0.0156732489169,0.270251640975,13.3682779884,0.0647505118139,1.68721006267,0.0919887681305,6.29045951843,1.96084483087,0.33011870265,1.3115295285,0.0944553995132,1.07328598917,0.917246812582,4.80247430325,1.01030857772,8.16802902222,0.610602713097,0.0605954156816,0.0939858948067,0.722162068784,1.28722475052,7.06908550262,0.472567041814,0.298124938607,0.347437439878,6.30536866188,1.88209433317,0.0590807491392,3.17223912537,0.699011742473,1.51899602374,0.0539764643461,0.498848237842,1.0000621751,6.69741726875,0.512290609032,0.67485267438,1.48456652045,1.90653825045,2.00386629194,3.51750154972,0.300357236229,0.118682414658,0.157948217019,7.26237866104,2.13603791296,0.360766444746,0.131367753949,2.25514658928,5.1113709116,1.49917669982,0.119009245541,0.0629034131765,0.463552518245,2.33674061775,3.32303577185,0.768255319595,0.477728859782,0.531943898499,0.0125882370025,0.395850820895,0.64184610039,0.562931326553,0.0785162386298,0.300967604145,0.159711277746,0.0130666720867,0.863980336785,0.0820293924958,1.84558917761,0.289507933557,0.0604000221193,0.940989845991,6.99993007898,4.6788459146,0.647725062743,1.81668495819,0.657475752234,0.178185952194,2.91589261174,0.579388978239,0.134466042928,0.0852698637545,10.6838855064,0.009633853212,0.135458772033,1.36632373273,8.48304580688,3.07859605074,0.240932519175,7.33032505035,0.078005425036,2.49468336821,0.640422596242,0.466360246837,0.200862898529,1.78178607434,0.155155771002,4.76868789427,0.188453719616,3.90339177608,0.493634032728,3.22127271652,3.72515661478,0.24349103,0.345190777648,0.490006647259,0.0236557691544,0.447605058551,3.73016982198,0.73908642292,0.467721511275,3.45656373501,0.990233507678,0.0,0.0786736384407,1.89230082929,1.42390404146,0.765070114732,0.130035100169,3.5074536109,7.4198169899,0.0258824080229,2.17710697889,0.620391231552,0.146014142334,0.435035862457,0.881027240213,0.0,3.31209841728,0.173124188334,0.158001748747,1.05514832668,6.0058577919,1.53841512322,3.47157749966,0.224291532636,1.02220962603,8.41380877286,1.57184326261,1.97363759197,1.07309808791,0.334979736283,0.657893467061,0.787864869796,0.0494601263851,0.51470638752,0.0162364882231,0.566186668016,1.07526264876,0.503593644053,2.8921382457,0.890286618471,2.2400755614,0.532484802529,0.161693880446,1.23639964893,0.226976229884,0.430187104642,0.997373569459,0.00603771388531,5.42128118515,0.727385242581,0.832058623135,0.255048625907,0.52058961343,0.229468742311,3.65275190473,1.58529432729,1.59960179329,0.00187547877431,0.683387514278,0.116571671795,1.06346292913,0.0934511470795,1.31996221542,1.58823620597,0.743518129289,2.68065201581,1.12240705736,0.270008207262,4.19061856627,1.94318267584,0.0853960902244,7.49089556694,0.0647693369864,1.24614753366,0.0604549206421,0.41536092639,2.26578395009,1.07256434441,0.405115868114,3.92250004172,0.923976312578,0.0841465657204,0.595119147804,0.284905599616,0.637534597106,1.46456256568,0.129320977852,2.20388043165,1.19106512725,0.204946731292,0.0857320180535,0.316723291213,1.1379473342,0.10135258615,6.42204718888,0.744927467257,0.160904427618,0.136655016616,0.0917539534881,0.777032632791,0.77321993202,0.0894638845837,0.470685856529,0.377568863407,2.09970175028,0.767860703468,0.730088318139,1.02402669311,0.563266129856,0.0603533697128,0.389426437933,3.76268680573,0.149553228486,0.0640881380439,0.17855164282,3.98233415365,0.171913780123,0.0662081147221,0.730590237938,0.896017448721,1.06434191182,0.242572314814,1.72222686887,0.172814292163,0.0800751553476,0.449040114935,0.307566133738,4.63810520649,1.17048101149,0.072017108053,0.298610707205,0.0725246465206,0.292785479785,0.0781002316624,0.281609517317,0.438991286154,0.739267663453,0.519320825674,1.60551822305,0.268646628996,0.115499856621,1.20270576499,0.000180772282183,0.211983570158,0.33269057679,0.628586103152,3.05882078782,0.067253382802,0.341701201815,0.0674265143089,1.39294548333,1.95483158588,0.21631040263,0.180500374287,0.134335182793,0.556500910223,2.06130009515,0.0182818874344,0.846111848205,0.801698407822,0.20784640532,1.80332860053,0.177251414359,1.968559708,0.0519155311584,0.923573124968,3.58048262119,0.337450978011,6.23277796149,0.415659692287,3.3222874935,0.630075270752,0.701787947342,0.181419021792,0.111470720172,0.105304664671,6.42123708725,1.43027336359,1.656764483,0.773125790134,0.0542583467066,2.1076500982,0.0111426534364,0.265224174827,0.0482187518477,0.149131298959,0.473063638909,0.380966015905,0.0150188037811,0.0653787627071,0.908286537901,0.00135189130902,0.22059639534,0.174307287764,2.08794817805,0.305385116814,0.12772375077,1.08782974433,0.190698214211,0.943208259717,0.603594944775,0.398526509628,0.752161051631,0.274509957768,5.32071311116,0.156061064498,0.0,0.00255047529936,0.221841058284,1.91529404402,0.419861899419,1.85743615024,0.547685674652,0.0333930040896,1.03919861779,0.298037342727,0.0566487178206,0.219497106606,0.716005133986,1.62459638953,0.142559527848,0.115237131207,0.833589780927,0.989889063835,1.9623521167,1.68386234164,0.182148770727,1.18674870193,0.0365255880356,0.327299007284,0.435724467188,0.226764268726,0.635580423027,0.176882265918,2.2919759959,0.0365161756426,0.633272178322,0.0389611832052,5.14306150794,0.378063558601,3.46254248142,0.103167418307,0.290563921155,0.191823344156,1.42257694244,1.21637159547,2.40504499374,0.00668926401064,1.23844372511,0.0199070851505,1.50983594671,0.917024799995,1.19438144751,0.576496606022,0.30905703932,0.867621508375,0.284510632902,0.0382265958935,0.0563610411342,0.874865677282,0.0159116880968,0.406136170481,0.366046573296,0.122281155586,0.199702311289,0.743119296432,0.0970566827431,0.00223012860399,0.176167041287,0.290834304448,0.688225213513,2.4041260894,0.173885986879,0.0937183530442,16.9055428886,1.58442738175,0.670162644312,1.83990543365,0.620236389525,0.128261366785,3.24144524932,0.216970555894,0.334158171955,0.0269909621775,0.221167449281,0.227248742413,0.0348839481268,0.0294708123896,1.29697832584,0.00894969057292,0.504307413297,0.0766833516955,0.00496115701273,0.489781879932,0.951793498094,0.0526656701602,0.024619381018,0.0362237250805,4.70191563606,5.01092685699,0.00109433174133,0.0534929160029,0.164740024116,2.80265764892,0.0354206080735,1.29409397975,0.147949960828,0.0747025872022,0.122678143117,0.67620518174,0.0168931543827,0.195817967281,0.0847081798315,1.93195179239,2.77501303315,1.67677802026,0.599344866425,0.207881714329,0.703903969959,1.73168927789,0.0344234428811,0.330633438081,0.531694207639,1.6425950861,0.442345041223,0.585287773227,0.0654491273314,0.102041552775,0.252672818042,0.21393466322,1.74533285741,1.34691915065,1.68552541226,1.25791463271,0.0591352225374,0.218924004287,1.19728670001,0.0796996845305,0.0181328210235,0.0167781932279,0.185663901791,0.437759108618,0.474482983276,0.909844456315,0.244421823844,0.412072913796,0.690349864364,0.092776350975,0.034176932741,4.579326967,0.0294630065933,0.170649882331,0.0462871235982,1.97983358975,0.936774193011,0.380279312134,0.393684250116,1.04959725752,3.27947595239,0.312937086374,0.0784340565279,0.127418291718,0.553723327452,0.215401005447,0.204052136792,0.588091115011,0.0378040995542,0.968018686324,0.941560851298,0.91387001615,0.054207782764,0.196823820451,0.664142602831,1.2779342711,1.90715773463,6.4661863184,0.0338301317394,4.26510194778,1.84202562928,0.114446286857,0.631940432787,2.90825352252,0.0557301166188,0.124046074152,0.181223158091,0.0709773427248,0.0798680188321,0.269180892371,0.0452902791277,0.423540648986,0.0838555226568,0.017993105799,0.984964905158,0.138052898608,1.54861391723,0.0363014440984,0.0700465089455,0.958334283717,1.38217664033,0.0807176555321,3.91288777351,0.124951129332,0.284874334075,1.01793054432,0.218439204097,0.277684832998,0.151746310377,0.408192739086,0.612440649085,0.00161680297926,0.596947357357,0.523547125794,0.704251317531,1.38555143891,0.636815885535,0.00696117632091,0.0364226083783,0.277923523411,1.71616635144,0.0,0.949463312142,0.114296282828,0.559395175409,0.0135716372565,0.329044658989,1.36003866106,0.300676732436,0.940222826954,1.77517881028,0.0389952333458,0.133579305215,0.0154428149015,1.23314920902,0.0316539939027,0.126456432397,0.0883687085984,1.44008764483,0.331922305971,0.0803556820191,0.459691838175,0.0170953081734,0.308728728144,0.0435114443302,0.602798529714,0.0978079131246,0.472767863236,0.171394710299,0.386490777805,0.131987593411,0.147537325583,1.79698284924,3.79878079534,0.189306060169,0.634678591341,0.405797378542,0.260721226726,1.35439852845,0.244354081345,0.484100541323,0.158377057761,0.00762812126428,0.298612785097,0.673807278275,0.329689070499,0.0358838152699,0.883058865592,0.94312607646,0.434426394347,0.0478159035742,1.44487856746,2.08203682855,1.38560695042,0.119264644422,0.175954303942,0.602463371605,0.69252718376,1.27732321084,0.0801771301031,4.72106082771,1.02617423571,2.09545409895,5.47724689722,0.0,0.174967699051,0.0475994127897,0.0221691022441,3.05070651457,1.3412311432,0.194726710336,1.18070555851,0.149236301929,0.309594961284,1.33224220395,0.256639712527,0.0651147286687,0.031646731142,0.0698837341368,0.594607552961,0.975203616051,0.180366371125,0.173652431313,0.788785097003,0.16089022629,3.41331283003,3.43452416658,0.280701643676,0.365031733769,4.70539187074,1.7438825506,2.80883235693,0.853623460233,0.257098496836,1.38772876024,0.0698635302484,0.15733806856,0.0923789901659,0.119163708361,0.0464876215719,1.02940159159,7.83058069646e-05,0.0590494333766,0.143830945045,0.0941009963187,0.851443158686,0.321902682781,0.0555041228235,0.143414064944,0.215281156991,0.0124589662254,0.0264147171378,0.196992829582,0.166935618669,1.43557294518,0.160874533555,0.554992922992,1.17099380776,0.475922417864,0.341756669842,0.190702498499,0.302874816898,0.469590103943,0.109209968522,0.177252513946,0.292068690285,0.34155960016,0.167978520282,1.00869881928,1.36328670287,0.466276161745,0.00829177804291,0.121560882442,0.698513897806,0.0144239650294,0.0621032191999,1.65106375162,0.0573261599708,3.3224135685,0.329918834195,0.100649654695,0.204149170648,2.13078633308,0.245784686892,0.400604647202,0.163803097302,0.126033194885,0.689244015384,0.129096370544,0.268294045208,1.8367933625,0.182446043259,0.00400684274733,0.084463084396,0.356669321954,0.598066009227,0.986219150852,0.00353149712086,0.871566842794,0.0293727737665,0.163752597012,0.119703225913,0.0213020014018,0.183040041681,0.160291367006,0.78357670173,1.02533445835,0.431033316366,0.0376915476471,0.0391886370257,0.069665882159,0.0481267798986,0.303289718926,0.125448796935,0.754911726192,0.898011906743,0.0176495832205,0.0023439087579,0.262863501459,0.498619721457,0.00598504411057,0.329668737575,0.115620102985,0.277509380695,0.208112512808,0.9960724454,0.230263277031,0.0350653071143,0.157608523965,0.332921754313,0.119184283271,0.0462047433108,0.0222680467367,0.0416686319001,0.40211704962,3.92051536061,0.000763472430408,0.197708231993,1.6368163184,0.00279806166887,6.1829926002,0.122302374635,0.114379568808,0.201192683941,0.602705739103,1.13708185181,0.764605402946,0.228808200061,0.314397142828,0.103985756934,1.78189250946,0.0037973973155,0.0364145889878,0.0795579406992,0.813948079664,2.37775692463,0.0681795620918,0.137651024666,2.06411544114,0.0482356826216,0.0675328546762,2.74389435843,0.189302526349,3.45194974184,0.618883551285,0.0320850037038,0.249401622117,2.92849153638,6.59177523136,0.703167107254,0.0195695449878,0.840624238774,0.702644779943,0.648348814696,0.352201348413,0.0,0.52644968085,1.96227241889,0.00143125578761,1.08476422094,0.00107454553246,0.639432250382,1.75568649679,22.1404924011,0.0233212640882,0.921352019936,0.0,0.0,1.85142024357,2.70704390555,2.02750703111,0.66732844444,1.10436341763,1.06199637592,0.00036911983043,1.90869606972,0.01745597139,2.134849682,0.865505603105,0.614935836047,0.00319951675832,0.00473468899727,0.106010721698,1.00761216998,0.0,6.47539915323,0.107635959461,9.64633520126,0.00034956485033,0.0289565792726,6.85197411537,0.0158939218521,6.50825450391,0.478967539668,0.138418080173,2.21728908554,0.676199126914,0.0161692047119,0.0358985543251,0.052527307272,4.88474090576,1.52507435501,8.19763012886,0.228157621752,0.00552999537438,2.34460636288,0.903994244076,0.19127823621,0.826595319565,0.00670866310596,0.106100793704,0.107730240014,0.175527384281,21.7068988609,0.147847651839,0.600848291069,1.17216799095,0.144804753391,0.174856166542,0.511201937529,0.720585728586,0.504296138193,3.35182164431,0.0162984490395,0.0618331158161,9.59979847908,0.312953816447,0.0,0.0633160722256,2.85560422182,0.0378733360767,0.00144676402211,0.717037607841,0.136254756153,0.181852441356,4.25023090452,0.0647635086905,0.0,0.0549362887442,0.338452756479,0.379629270453,0.430492027719,0.0,0.142092632046,0.150703684464,1.70312184186,0.134307466336,3.93285170078,0.688035269976,0.00136268496513,0.0255843630061,0.412176201381,0.612874979004,0.00636379430071
9,0.535000029458,0.928949724436,2.71331436962,3.58994773358,0.0539729980007,0.508713874519,0.949611564279,0.366364506334,0.668353684843,0.393746892563,0.284825988114,1.10792227879,0.572870741338,3.15947178841,0.132454732256,0.708955750316,2.29628600806,0.342250152081,2.83330869555,3.69674796313,1.18463032201,2.16629688501,0.279945701957,2.53734430552,0.916959471405,0.141560057867,0.0870045123249,2.31416599259,2.41979558289,1.59246158428,2.70914386392,7.14183506012,1.79462127805,0.256521728337,0.866122606825,0.553407372236,2.71386335254,0.832618224695,0.892315859525,0.768451535776,0.098943739906,1.58324619055,0.671935480163,0.941501142979,0.0356261510216,3.39279487729,0.128172936523,1.16800584942,0.467547888011,0.198117369851,0.213257540064,2.12820528507,0.594032128751,0.592260507494,1.46725033402,0.809964657873,3.87830420472,2.88403097302,1.08424858019,0.709398216307,1.49094164491,0.0333576576039,0.120610384196,0.377897235677,2.6106913811,1.85295901306,0.0837033125944,0.799869066756,1.80949332714,0.230365364701,1.06621518449,2.83069078147,0.0783144916594,0.111449714527,1.41190226734,0.788800192103,1.94733229749,1.00870721348,0.447926221713,0.89585239701,1.04822661638,0.778164327145,7.10548812866,0.70364618957,3.93042567998,1.01381478205,4.79924750328,1.83865769655,0.261882289723,0.0611972120218,0.230262722522,0.0863202774525,1.39490776822,0.42980368346,0.130158486739,0.518917091526,2.1814882502,1.60676865049,0.107031449033,0.236868611071,4.62280638918,0.499222821668,1.01307229698,8.80615952492,2.3317046237,0.0612688422203,1.65836563395,0.23314800784,4.64976815224,0.258185103834,1.27068224884,4.82505810261,1.11541923463,0.216159598231,4.26809271336,0.100427765399,0.254955993704,0.59101251848,7.6413741684,0.188195631597,2.65769094061,0.134417448267,0.187920164764,1.47300076842,0.836305317432,0.464956582785,0.399506964979,0.499032297954,0.146631995179,0.263786231205,0.0337451718748,4.59579078794,1.43326954203,1.5284512414,1.42914751649,0.184755912442,1.12511068046,1.15049421068,0.093269176092,0.332408876512,1.24626256868,2.27185085297,0.0903086027503,1.42492022395,0.618356010318,1.72562576562,0.225196723826,0.378077378422,4.82639534235,3.46262321532,2.30942083396,1.84504597217,0.733112184405,1.71439048171,1.12545518622,0.613803307265,1.73179145932,1.65012691185,0.00221443682909,0.107349683085,1.23304527979,3.54629437508,0.491310247481,1.24119251668,0.225435260572,3.38337267593,4.00493436813,0.26108112894,3.0544413203,0.182693391293,0.201886402667,5.058528862,2.66272948205,1.84751090258,2.90311578862,2.31673983932,0.0172002923116,0.0278062285855,0.888788935095,2.15449593961,1.5222420457,0.156855822455,1.63714655986,2.87293992311,4.84453791618,0.696510352641,0.251589542702,0.881302783489,2.58458698275,4.0910412991,0.132821077022,1.30353209078,1.13687453568,1.32936056912,0.0853300072066,1.47701558769,0.846309108138,0.833264352679,3.10174590986,5.57000300884,0.145191724598,0.0653754825145,0.142447423786,1.05203867912,1.91154410005,2.51244449377,0.624469798822,1.00380667031,4.52903442383,5.62545502067,0.25223919332,0.585534822941,0.332852121219,1.98689264923,0.429953291416,2.22173730373,2.56841773748,0.35959155634,0.691244663596,0.19674591355,0.341110301018,1.52731202066,0.756470193714,1.92858881041,0.554855254441,0.106925680693,1.27523042932,0.0485388023406,0.775113540888,0.119952092618,0.110461116657,4.66462911487,1.73207034878,4.30262336135,3.91042446613,0.964802919924,0.52363212198,0.707783471877,1.26812066,0.937982237637,0.0163799071312,0.170669802967,0.596336141112,0.440772014856,0.206541034225,0.2609347599,2.57836026251,7.1763166976,0.472088307589,1.1983077395,0.000751301124692,0.083826148808,2.31161371529,0.951227445751,0.120593680926,0.411308438107,1.07665077627,7.26844404221,1.00713417783,0.585451708212,0.315195456594,2.95824568272,0.395218254477,0.709552881718,3.15087769032,2.99885761812,0.0763652835041,0.351265554754,0.304001226276,2.5781252484,1.28137021335,1.84115701675,4.64529228449,0.668740294725,1.79063467026,0.118529714579,2.76098064184,0.663691132814,0.0832164525986,6.59401270615,2.08458600468,0.456862674654,1.46557513561,1.36126306787,0.877976376116,2.5274306789,0.243143571978,1.52520595312,7.47162690163,0.121567926332,0.316102573164,0.102506286986,0.472726088464,0.818409902975,0.372025790215,1.46907844275,4.22433795941,0.814868575484,0.198368313089,3.12601558924,0.683150041066,2.74866508126,0.129271975458,0.600318646058,0.30499301441,5.22549583435,0.043913884908,2.9750114131,0.244513708791,0.169684359618,2.40747625619,0.853166376799,7.71410739899,2.37671762228,0.0346982961521,0.00423905007541,0.431207255609,0.329551240206,0.129630422145,0.0142964011431,5.82421391964,1.37089569688,0.218152558785,1.30731558084,0.500842914358,1.71775474846,3.23330760121,3.94563722134,4.35825680733,0.256325969398,2.28474008381,0.186053091362,0.559056474268,0.744998442531,0.352580806911,0.12199192652,0.28509120971,0.450813497007,0.945835305229,0.608390709609,0.789792476743,2.9225487721,0.837223462164,0.749105460746,0.00578774172813,2.38047985017,2.01306387544,0.0172642634436,6.74648808479,0.760591235459,3.51485511303,2.84982982934,0.493426758498,0.454692570567,0.963565227911,0.0453283903934,1.25725336671,0.0181736853719,0.0793462994695,1.2769296119,1.44405043476,0.19583833769,0.183578226566,0.517069230527,0.722386854235,0.308440986928,0.423955107927,0.926320229992,1.11499193728,0.550061091334,0.00576405532658,0.592942373455,0.119979425669,0.0676044292934,0.0410883435234,0.198021725528,0.0388720684871,0.251594071561,0.0521570838243,0.895969424769,1.24905157059,0.0663742435211,0.95345762156,1.2143970868,0.350367682651,0.16767850291,0.00889548570849,1.07757607199,0.163936743736,0.130095989108,1.17729725212,0.783136013057,0.560511362832,0.545483634984,0.0999732203223,0.634075474129,0.262916758019,2.59796648622,0.11328622032,1.90056790467,0.0549205963407,0.170438378407,0.485698433071,0.0402332009189,0.0054088992672,0.149259653762,0.52299143156,0.432972347811,0.257935428098,0.869930041581,0.204963304531,0.46002044321,0.565780390203,1.11228146136,0.113533594534,0.299415587485,0.124669757783,0.22895123262,1.56811894998,1.0261558203,0.160901791146,0.00433615595102,0.335942455659,0.083754722178,0.258817792227,0.747550038248,0.0273636031151,0.615333210528,0.686434060633,0.0721325095277,1.46864755154,0.151249715239,1.66341338694,0.81495343864,0.305530505385,0.306558312178,0.563397820778,0.299164533541,3.18636241093,1.18365939111,0.492771080192,0.0549246745557,0.270784645677,0.272722579306,0.141434982019,0.618190143555,0.452873390727,0.125036598425,0.826794115715,1.10525266647,0.195807192624,0.158019277267,0.133053312749,0.0556019437127,0.113791704103,0.274954684693,0.759663785808,0.432114143306,1.05055569276,0.192423362955,0.185240986645,0.116567722708,0.689435126148,0.00360916636884,0.0755266976357,0.179096366782,0.417585748881,6.43086748958,1.53794980295,0.401310055032,0.0538971262611,0.338656970337,0.126487964406,0.260190919181,1.3279847835,0.0107761153579,0.66638030827,1.73109493114,0.00326730430126,0.179109094087,0.0553071350418,0.592008518791,0.673533124179,0.49019651168,0.595502726063,0.234664333016,1.09117645681,0.275555396583,0.0533066104725,0.0473810130358,0.0106760200951,1.12675725669,0.000894628465176,0.234462911561,0.031886389507,0.0934259330481,1.06672123717,1.477505178,0.0153348280862,0.140012677386,0.147758347942,0.419520024359,1.52547338724,0.412124128416,0.559871333241,0.641797059402,0.0721918381844,0.169341540784,0.398679733705,0.110636545457,0.54021621123,0.469911924601,0.328675612509,1.02396811157,0.0982758552954,0.187486562337,0.333693801016,0.243820195887,0.94584597975,0.0168656504154,0.0827691257559,0.279655503223,0.129451159425,1.60160736296,1.07537573172,0.0245957487728,0.578046684377,1.42907682657,0.505982253654,0.445223417096,0.241375183016,0.135399425174,0.14668836968,0.178195186742,0.224764746279,0.0851837649196,0.133145478405,0.246383836642,0.0867914576828,0.352323386613,0.168251192681,0.345002144575,1.03011017799,1.13218548059,0.0629949629027,0.334159920067,1.84172748752,1.13892981896,0.701138557206,0.152829244323,0.126043381211,0.454310896965,0.249283554745,0.60537700735,0.536715853158,0.157864644378,1.15368198216,0.0876916395221,0.00735566735268,0.508036085854,0.279963172972,0.258067597821,0.135468491428,0.346861465527,0.146202269806,0.351150848269,0.0748839817196,0.2231848865,0.0196524843574,0.564076429047,0.0950931113213,0.562826443566,0.143600311577,0.0783431856334,0.0436647951603,0.566831395216,0.00324802886695,0.311348389685,0.717134989202,0.456890530456,0.314027910717,0.28901142329,0.0548618990183,0.323510957137,0.000720802415162,1.17086686254,2.51652599052,0.189081459604,0.658675976247,0.903251662888,0.848890686464,0.965140970387,0.146831211708,0.056588890031,0.675143231601,0.963454209119,0.0,0.290402969848,0.0136669456959,0.556103630364,0.719568244014,0.261134611359,0.751303414617,0.229730955958,1.11888799374,3.07125185549,0.0381979406625,1.41457772441,0.525809005674,0.0341797500849,0.236564872265,0.127690957151,0.0799092492787,0.248893171772,0.0776881486923,0.045246797055,0.15988111265,0.00342893883586,0.0247167191654,0.513159651421,0.147808520347,0.331537168026,0.691425613761,0.71484335212,0.554543703608,0.516791867316,0.19955751939,0.024188452661,0.0347307749093,0.713730564602,0.969260885343,0.144359654039,0.108875411376,0.470429774225,0.574274543263,0.225896468461,0.00891766302288,0.282204629332,0.385889332127,0.375664100368,1.6441493394,0.191177277565,0.0324303174019,0.0318736130348,0.782596719703,0.314145219,1.05832897834,0.683244810402,0.555681573185,0.303375248499,1.46054441813,0.177458208725,0.00131158232689,0.0477113745455,0.0451284344494,0.318215562627,0.525840653181,0.268597219563,0.122412054148,0.0654842241202,0.0654090645909,0.09426103062,1.5494662416,0.405580623746,0.0378962177038,0.681259858683,0.421574251186,0.0128218302317,0.552486222759,2.81028242812,2.70074838221,0.123796321223,2.79123007178,0.200240256339,0.301788863684,0.0173949731514,0.184745391494,0.229424059186,0.035155250011,0.756676444486,1.40577603613,0.0464460143633,0.152139955194,1.08832401292,0.177246839777,0.0900315439515,0.860420008674,0.0880154055357,0.0230712287873,0.0107585949497,0.36189436499,0.0,0.616301716641,0.477440974414,1.171105147,0.119643971389,0.845669931769,1.38598678775,0.286635236047,0.0119030873757,0.207834784426,0.126156874336,0.135311824381,0.34533553198,1.57429596243,0.0227178922016,0.0775467450358,0.623542263685,0.707407618528,0.0861574613582,0.492112578489,1.81419218518,0.123163851257,1.0402897235,0.0403963897005,1.35898155078,0.518889561892,0.805047983769,0.127591907196,1.04478790633,0.0612996828556,0.132416861095,0.560869548582,2.65824555397,0.102240424473,1.81620604664,0.917734397016,0.00831895078067,3.81246130496,0.508856203579,1.93472748578,0.0568623742647,0.0377601450682,0.904182503074,0.606489814669,0.308108727448,0.012135528326,3.25790108174,1.66497052291,0.724817579277,0.108859540543,1.18032752937,1.13150221653,0.174701796398,0.364319244027,0.448772334587,1.11778283598,0.230093183871,0.463553711623,0.428062976813,0.08520280072,4.43680428386,4.36595215797,2.3873298502,0.0,0.0398761637555,0.00109266161919,0.0235744707286,0.449898723662,0.223419188758,0.00723043084145,0.212383031286,0.0998455863073,0.172557539702,0.163764362372,0.00200449481606,0.356219929308,0.0174843709543,0.0825749510527,0.000907257834915,0.483028850257,0.290377383567,0.263907001205,0.153390719369,0.141565256547,2.04588203847,2.24722066402,0.0772079907637,0.549138848651,1.74425085664,2.544326462,1.58755393643,0.348445189446,0.348897540588,1.08051540785,0.0836723528802,0.19236780053,0.0657147779316,0.151262467951,0.196418336444,0.2977333799,0.0794879541732,0.0450866415352,0.355105118956,0.217630013078,0.297987065408,0.377184375059,0.0495767268026,0.132550378743,0.0183437234163,0.127802848807,0.0274385443702,0.107532810289,0.687188166054,0.598110433221,0.100795057714,0.151510371258,4.52325886011,0.0234841751028,1.18881365925,0.0779541301308,0.426006841511,0.386746286079,0.00715231090784,0.360502960458,0.193044665083,0.580232928637,0.318057467733,0.598376240134,0.270131437927,0.18492074728,0.121892931685,0.0433108732803,1.07776793748,0.0152850781754,0.0557969555911,0.289944785667,0.141564291478,5.67086517811,0.312582260687,0.0776436058898,0.167244318984,0.364857922792,0.00598444551229,0.128998653516,0.035535429325,0.358087589815,0.147369320784,0.00728954125196,0.125433512293,1.90943715338,0.220157764331,0.245276662037,0.193978746347,0.0175616686326,0.358389423266,0.350241613444,0.0552938783169,1.07751208454,0.123123880848,1.22640867606,0.248258184688,0.394887909517,0.163238249719,0.10413314756,1.13061155067,0.727288182545,0.1930261762,0.0,0.234679212905,0.0,0.238716757502,0.0169635360688,0.0257164046913,0.0809098343609,1.93777575016,0.0248797657341,0.0207041384792,0.016517787911,0.837929561287,0.0226965242624,1.34847543678,0.261714463308,0.0422841732204,0.112403338286,2.35285935044,0.486902107913,0.0866073378175,0.629172015041,0.0381260167249,0.55671448549,0.154616167583,0.235308119096,0.065783746969,1.02883038417,0.418151540309,0.30828677319,0.0648780978844,1.14029712789,0.143592161338,13.1838438082,0.283905987525,0.317772062868,0.0161783738295,0.736530075818,0.0985130895674,0.474515602533,0.0423180637415,0.0323400308937,1.06831411835,0.687525541484,0.0230007773638,0.0438834011555,0.0482248597778,0.178145028092,0.0682454503328,0.443279612642,0.952172397673,0.0,0.0290703749657,0.0246192603,0.427783327103,0.0167453470826,0.0418339063786,0.3696188806,0.162652166039,0.0261239429191,1.65185467467,1.64708808392,0.0,0.50401089482,0.856371206939,0.830113488575,0.0582736083679,0.329145572362,0.319408106916,1.49170565151,0.00370441734791,0.000806150250137,1.16598748475,1.22931644352,3.10679236233,1.70144953854,1.56676269695,0.186607811376,0.0226044538617,0.0151016068459,0.687872062549,2.90358666062,0.0156530427933,0.433937145844,0.716899660453,0.165597362816,1.61282241115,0.00344388484955,0.138511281163,0.0232096595876,0.00874127864838,0.19476855129,0.340229101758,0.000109421862289,0.46563874865,0.0427887517214,4.10027208701,0.0,0.972692523301,0.213301553261,0.257962447256,0.232568604797,0.835399260428,0.186099069118,0.369759447575,0.0,0.372195742726,0.0748822637228,0.617960988879,0.264275058508,0.676855661571,0.0564296963997,0.191867829021,3.59244544268,0.891471697539,0.946340743639,0.282141637057,0.0,1.20000044346,0.523921366632,0.0362811372802,0.0510236608074,0.0304170516133,1.11839810707,0.0,0.381346948259,2.31690635908,0.0843027362227,0.94887943238,0.0179624702036,0.00131315082312,2.39590009719,0.0152301776409,1.51357902922,0.107884241156,0.704524981352,0.334175545275,0.0519787847623,1.64436295196,0.121086459458,0.00157997176051,0.000150540405884,0.713314684555,0.0,0.0,1.1472582677,0.0,0.576192003116,1.61857583061,0.186789034903,0.004231223315,0.0,1.03738562584,0.244406867027,0.0,0.00340340793133,0.367907874347,0.123341625929,0.422299263678,0.0166996053606,0.27446893692,1.59658924378,0.00992046184838,0.217121794559,2.25998583004,0.0248916713893,0.0181600046158
10,0.991566302478,1.40297457159,5.22759758949,6.78026303291,0.0525988888741,1.22539917678,2.21544480801,0.356307252049,2.18200698882,0.354926216006,0.401535224915,3.23827085972,0.827458434254,4.56399973869,0.204590782449,0.355865420699,3.01628005505,0.462808046937,2.66434349179,3.65015625,1.15396662109,5.30851492882,0.575774024725,0.900468096137,1.32425431818,0.218808770925,0.0191281148791,2.75276869297,3.95029855967,2.0301409936,6.21349092484,9.82012426376,0.974231458455,0.744215770364,1.53350713968,0.472578072175,1.93029443026,1.42526061535,1.24602149568,0.404712881818,0.00508563075215,1.98154345989,0.47809340952,1.38767377332,0.0201575334743,4.03028425455,0.0363178809779,1.51817933932,0.0,0.0913104762137,0.0219821843738,1.52027909979,0.10676989235,0.291330556199,0.147481333315,1.19249603152,4.81095094204,0.745231946707,0.564752795734,1.05004263997,3.17670076847,0.0725447726808,0.106610746123,0.533208311833,5.93574893951,3.49394472361,0.00458993524313,0.255254192427,2.33733353019,0.0569246656075,1.52939362884,1.73232925653,0.0256929213554,0.197897048891,3.14533393383,0.647448583085,0.911341673136,2.49070641279,0.692585121952,0.405914909877,0.642213650867,0.737039244473,9.05095619202,0.573362689912,3.84018928051,0.577205782011,9.79354492188,2.02044502735,0.589137773551,0.033979235515,0.592316130437,0.0328907305002,1.40986988544,0.176429108679,0.0706483519822,0.476701241732,1.38375969738,1.41079129055,0.0452202651068,0.057309704721,7.45922677994,0.38357982939,1.99789164901,13.9840981293,3.76658772469,0.0700072835386,1.23290692776,0.0741561432928,4.05362772942,0.233890603706,1.72334037304,5.25549302578,1.56226386309,0.270118634552,4.0795712471,0.014750478752,0.167108828723,1.63228618383,7.49763522148,0.127779161707,3.29053141832,0.016238264963,0.165877526328,2.70832208872,1.98971413031,0.0381205202267,0.140389883518,2.30084028006,0.321097647995,0.0735451412573,0.0894525939226,2.5708371985,1.46407292604,3.71428712845,1.6675064373,0.0595238289237,0.935430623144,0.962858370543,0.259719332233,0.14130410885,0.0767011287063,2.23327301264,0.135168933226,1.05684665125,1.42097145796,0.832601858974,0.00526870250702,0.382006762177,5.55035074234,5.47651247501,1.67909262657,3.60412304878,0.300110504739,1.25947070003,0.9634922662,0.159107084461,2.41914115667,2.26588332772,0.0009201092273,0.107231128775,0.507686267011,0.551826054454,0.677836732417,0.742136874199,0.238452122808,2.21806918561,2.93802208424,0.0962161202845,5.75310686111,0.609138811678,0.217966012619,9.01800106049,1.9432356143,2.84051725149,1.90601279259,4.00008820057,0.0112641698401,0.0383839210123,0.871083364189,1.91286115885,0.523770623505,0.123969957465,1.17980510503,1.56844297051,2.48529903412,0.779539616704,0.0672716893442,0.422016713619,2.19204349041,3.40149760008,0.352836774178,0.854470102787,0.369269950837,1.3220273789,0.411865605712,3.11605087757,0.390712036006,0.212907931507,8.1969565773,2.84395500362,0.141878354251,0.00552556559443,0.134154529944,0.0784191003442,1.30041067243,4.82284944534,0.288259554878,0.966791874915,1.37148724169,4.31040245056,0.142171673626,0.436529169083,0.103894106224,0.632886193842,0.00205382451415,2.29327102661,3.43228488326,0.523484929204,0.382080808533,0.286303676077,0.0303570473567,1.97615943849,0.636465209723,1.80370865107,1.01814448003,0.287246890664,1.03127230361,0.0122544258833,0.0941981885768,0.0145042294264,0.366881109029,6.09387442589,0.560142932497,4.51315836906,2.09351237139,1.53063245833,1.00401571497,1.36469764829,0.414200395942,1.72767723799,0.068838843964,0.0481211664528,0.0423187396303,0.842327532172,0.0384045165218,0.398032994121,1.8063686049,12.1338175583,0.761372128129,0.00556296527386,0.0141592082381,0.0373563597351,3.10310760498,0.765316393971,0.042388957215,0.402185619362,1.11851197779,7.21257128716,0.762328210101,0.11850542805,0.880672029853,1.99471407652,0.128668024875,0.54510038048,2.94483951092,4.21574783325,0.077430491643,0.798422808684,0.053607255742,1.76945971966,1.03177691698,1.8815405266,6.62876914024,0.995967707634,1.08121018242,0.0614760704781,2.54008262634,0.160672071129,0.0178855291009,4.92410503447,0.078086540997,1.0300492084,1.8211156825,3.69460001945,0.126022366863,2.46456119895,0.109849648923,2.30454690933,7.99980742455,0.0199232803285,0.0547730872035,0.0029789814353,0.204597729743,0.264330269098,0.399876332656,2.37132341981,5.38705358505,0.0665683738887,0.0223269250989,2.86359831095,0.852343699783,2.3930775702,0.0444083839469,0.177967391342,0.135178107321,5.93767492294,0.0312343382463,1.56612609982,0.221375087975,0.0560987804458,1.39380080581,0.253921072185,8.27125656128,2.0969432272,0.0238253472,0.0269262449443,0.389987103343,0.175417048987,0.266335109128,0.00349315263331,4.51898786068,1.94757747769,0.206847911179,1.15275721788,0.0668368395045,1.9340066433,3.86443942547,6.24372652054,2.50513942003,0.295530260755,2.15709840298,0.384335128851,0.959870643616,1.78652975448,0.433165827077,0.257316625305,0.198835046627,0.383895791546,0.322656545341,0.200010465905,0.499633670151,2.07097319126,1.55344568104,0.195107698245,0.00661501020193,1.60363352895,3.08203437328,0.204620535448,3.82132131815,0.32908631295,7.69740606308,2.26087032557,0.26460800088,0.18871866974,0.0619042123109,0.0028892865032,0.90186018982,0.0023886013031,0.321433945246,0.616621147394,0.46089187026,0.0111163900048,0.020518875774,0.402732026947,0.805613156222,0.0872655980289,0.0985153825441,0.224635263905,0.344141482851,0.0949764510989,0.0914851129055,0.329103565514,0.0359285681602,0.229081739932,0.00799397466704,0.0830351923406,0.0447733639181,0.0342996396939,0.0399984614272,0.378701740578,0.0431835128367,0.0640689461306,1.36484777875,0.834521920979,0.363156753778,0.0686757910997,0.096178797558,0.147981216088,0.113216555007,0.0853026175965,1.30849474885,0.0974528681394,0.55269795619,0.203395099044,0.00730788208544,0.444322030488,0.351791059207,2.52396977425,0.146515428759,0.185310555026,0.201179878861,0.274795772806,0.621134681655,0.0237266486976,0.000374225489795,0.258432739172,0.0637065059319,0.352563873818,0.244787571877,0.280686311424,0.0205726002157,0.741166547164,0.841673781131,0.0391066841222,0.0193629996106,0.585934692658,0.0675385312177,0.186785311848,0.30052465925,1.64414728642,0.0274125723494,0.0,0.0554378785472,0.0109375429153,0.00403417166322,0.810656944513,0.0947421644628,1.16391974011,0.465563333631,0.0167434345745,0.781676272117,0.0180070046746,0.803929359913,1.25758838736,0.105180181358,0.0786046686769,0.515396646615,0.390621248111,1.12006036699,0.449693744704,0.0681351418048,0.152704353342,0.0201908183098,0.282509043831,0.016061206758,0.491549508199,0.708555194028,0.395409005284,0.162278908547,0.630390273863,0.149873341843,0.125150393695,0.254386418127,0.0280271232454,0.146124583334,0.200511187837,0.813506834176,0.131914924134,1.28561829925,0.214656175487,0.166362199076,0.142280000946,0.247713943757,0.00801346369088,0.0334213590471,0.029804869052,0.297777216814,1.7888761422,1.59341378454,0.0427579411119,0.0535931614414,0.239924747683,0.0194109346718,0.623422105233,1.81142841026,0.00792174233124,0.058790365532,3.39267166939,0.00674501888454,0.154931672551,0.0834371268004,0.150813260414,0.406715555191,0.228984894389,0.0558750557154,0.172100931425,0.146549516423,0.0755825645756,0.00638819393702,0.0213609882444,0.0,0.376991224531,0.013362121135,0.14432691691,0.019967467729,0.184024886811,0.532677948847,0.123800284984,0.0232431535888,0.0834641959891,0.104578962736,0.383682322577,0.0921807716601,0.249898156375,0.0627921951562,0.279805541269,0.0461992504448,0.193494780064,0.125803665873,0.0399983594567,0.260563725634,0.0777809506655,0.308772841515,0.814223279208,0.023993075192,0.0155519735813,0.0181652614474,0.242871815935,0.151032367572,0.00316868364811,0.0929153138027,0.192112902664,0.111730153859,1.11374272436,0.380479166806,0.0419792051986,0.593303479329,0.0,0.352792569734,0.59944249291,0.450338536501,0.0601884365361,0.374198434576,0.0102975091338,0.0650047115982,0.0723406854703,0.0494962793961,0.422511894666,0.0517903976142,0.534507377744,0.0779346450977,0.359809308778,1.1150552845,0.736268924475,0.188157978833,0.406741260663,0.308935957402,0.963383246213,0.0265130639856,0.0100097767636,0.0308675268292,0.0202681820095,0.0579164413549,0.111091599781,0.974983930103,0.184200827507,0.852444930971,0.0116520998115,0.0384824246541,0.656911735367,0.128905283655,0.339709115773,0.183518327604,0.0889640182257,0.295174070771,0.150881820526,0.0764750674181,0.0549921348691,0.0423077132227,0.186753951069,0.0866602183599,0.074913822338,0.112260617502,0.0154803645425,0.0142187706381,0.13719815962,0.174348297464,0.163357124291,0.981241896749,0.266640551686,0.351561541632,0.226193689107,0.0261164501542,0.0317606553808,0.00383052490652,0.794333933592,0.28587785935,0.188823706061,0.364025906846,0.788174018078,0.323603319973,0.490379174203,0.138699786053,0.0343730831146,0.0567666955851,0.524245955497,0.00101067174226,0.357582213283,0.00327246487141,0.361833884576,0.208047957318,0.01847619351,0.0472498419601,0.0464017198747,0.456746549108,0.873021733016,0.123821463399,1.52937492073,0.398651307374,0.000941976830363,0.2723082982,0.0913125661761,0.0391863004863,0.251739057228,0.366904822737,0.126252574995,0.0142676656554,0.0,0.0192561511695,0.231764276028,0.0236298303492,0.0939128378965,0.598437310755,0.955862692297,0.981940481663,0.0371229795367,0.00156160801649,0.0055223255977,0.0227305659279,0.157049067877,0.105678318068,0.130428142063,0.0591493365169,0.291988727227,0.201420688322,0.0499213896948,0.00014429111965,0.08028287597,0.298279848872,0.507620964646,0.640926655978,0.0305726032704,0.0355917023122,0.0251101702917,0.598889540806,0.588147294968,0.266932417601,0.0311869448796,0.285352765098,0.0167391292192,0.801674181037,0.218478885889,0.0233034016192,0.0,0.0218815683573,0.217757846601,0.716951762252,0.969811690748,0.345817466453,0.0757444068789,0.0781022851169,0.0429613175616,1.9437770617,0.0554365256429,0.00955440334976,0.367406898998,0.5180957729,0.0507794910669,0.603641318493,1.4797829327,0.938869560463,0.14836286229,3.20922980309,0.0954674925609,0.342934237756,0.0459011843428,0.118520733863,0.204888744487,0.00418504634094,0.528041440248,2.92216854811,0.239080434293,0.0957223049831,1.06096729219,0.393509556353,0.234687359557,1.36118818939,0.111981569231,0.00914014477283,0.000100324498489,0.241808464751,0.0,0.469784803092,1.33298136376,2.1926461792,0.0352891637851,0.754389599562,1.18769439474,0.585981372651,0.000795442014933,0.129945941977,0.0116004317813,0.110964424033,0.245888981633,2.71244755283,0.00564232232049,0.0210399624705,0.886346010063,0.652628049301,0.045923727192,0.662162355492,1.41287121139,0.0708210569347,1.06049177438,0.0628156514466,0.930525422394,0.255601829141,1.18866600022,0.0881474342989,1.60803130895,0.0482613655739,0.0625277560949,0.415295440257,3.56276860109,0.168621280678,3.08887852728,1.34758080482,0.00481451060623,5.74745688438,0.865151885506,2.91287704468,0.0316652128845,0.103668522947,1.00861796952,0.188014019039,0.392413745075,0.00125428805128,4.39699241161,2.81768364072,1.39410040587,0.142049654424,1.15828422893,0.439140053988,0.134131750315,0.324826770288,0.623803176284,1.69457495108,0.137323329714,0.392281235028,0.248510268116,0.0037263250351,6.62226662159,6.94482441425,2.17824000716,0.0,0.0769816930592,0.0,0.0831827249564,0.162024076395,0.0794702900946,0.0157347534597,0.0277789937239,0.0189971507248,0.153286421299,0.239515615553,0.00156399220228,0.688007331248,0.00869017364457,0.021973939836,0.0,0.932758753002,0.293727828297,0.432933811843,0.0226055430993,0.205638381243,2.08088991832,3.40489131451,0.0745191258471,0.402821051721,2.31931676388,4.11633708477,2.58723105788,0.165257044858,0.579550071731,1.44648720801,0.0448248843662,0.174902903736,0.0741390438378,0.280622230354,0.178832012233,0.431863465458,0.0,0.0403014231287,0.282542292401,0.0656325050443,0.221563769244,0.0270711166225,0.0438686091639,0.0952359634638,0.0268804423138,0.0676157072932,0.0582569471584,0.164005673379,0.936257287562,0.946293489337,0.0540298146009,0.0253567361552,7.68467550278,0.0116430741269,1.22207961231,0.0464057770278,0.681802220577,0.0106770769507,0.0181234707171,0.632007038258,0.142659689151,1.11780107334,0.178494111821,0.492457300685,0.300397888394,0.238570703911,0.174886302501,0.0768601683155,1.12845189899,0.0447107730433,0.0144161667093,0.387850461379,0.0996219348907,8.46315878868,0.428874003459,0.0459182915092,0.383920007185,0.240361782052,0.00349961817265,0.0879086325504,0.00145855166018,0.569152533179,0.0396141600003,0.0196850699186,0.0476108398661,4.4090630126,0.378064516035,0.169275597725,0.364078755192,0.0305840052292,0.280355639309,0.440325761884,0.0339645179105,0.962420352101,0.0330288099498,0.980860688798,0.165741368663,0.893954071999,0.0936934802681,0.0143326167017,1.59717754934,1.09286338091,0.852373192534,0.00840824327286,0.211415960453,0.00954074367881,0.0450406630128,0.00379545643926,0.0111609909125,0.0220059943199,3.80197793961,0.0281249707937,0.012050034143,0.0,0.662086460702,0.0137612390518,1.25950189007,0.315154260974,0.00428403738188,0.0406219155807,4.01312002182,0.318759461641,0.193958360031,0.667672839761,0.0835673561692,0.645138254911,0.101459790394,0.688600252122,0.0778102320433,0.416420324445,0.361045006237,0.0163720870903,0.190745895579,0.883158498202,0.0268142920546,23.1508428574,0.14381869331,0.324564319551,0.0434064406529,1.06426824611,0.109042507466,0.129042449705,0.100489115417,0.382362054661,0.408317821585,0.0365798049048,0.111626552418,0.0178734051809,0.133700493574,0.125888138711,0.0,0.791654633135,0.357184721455,0.0,0.0512648673356,0.122520850152,2.08432639897,0.0195552915335,0.0,0.338692828063,0.0605634192482,0.225587071031,0.561998419613,0.412604106553,0.0,0.239306539483,0.843008075058,1.01454708815,0.0,0.0712940867431,0.321757333521,0.478890367013,0.0072444576025,0.00457221835852,1.36444494262,1.03200025856,2.04623864383,3.90720539033,0.011196431499,0.265727290697,0.0836363087595,0.0,0.580014972761,2.53933961451,0.0172765169875,0.00807078715414,0.227538574692,0.0405819073319,1.89939218789,0.0027688960731,0.514034621827,0.0692790918052,0.0015222351253,0.00896030172706,0.683199454173,0.0333702553064,0.0169510778226,0.00526497423649,0.889514959455,0.0341011172533,0.0738233308867,0.113417717416,0.0,0.743613479566,0.336189323268,0.0595202084631,0.0411171012372,0.00735144883394,0.562602254301,0.169558927957,0.541283178478,0.0039883252047,2.36705163002,0.0139280717447,0.131412955376,0.672132225633,0.722906492902,0.0240501526371,0.640798354205,0.0,0.104529688852,0.0,0.617360708714,0.0881851870567,0.00537191937678,1.63260520175,0.0,0.088080726295,0.0105797706917,0.0885424312949,0.633986723423,0.138489037822,0.0004901360652,2.41801229192,0.0,0.832399163442,0.815978430212,0.00798680126667,1.49787568506,0.256652984917,0.527692144364,0.0805848637178,0.0,0.00356034658849,0.0153823251277,0.0246374869347,0.00263335317373,1.03080440924,0.192848836035,0.649506115988,0.415930515304,0.144806561099,0.0388020407408,0.198278228343,1.43447294801,0.34114546515,0.0,0.0180541759729,0.0887612086535,0.20833730231,0.125894342475,0.0858568199072,0.0836243577674,1.26303987131,0.0641428961977,0.0615543638542,1.91446773231,0.0837348996103,0.0
11,0.0472843277734,1.14830405176,2.46462820202,6.0614730978,0.478151584342,0.809473065669,3.31732201628,0.849892578125,0.830572517589,1.04088766873,0.976167186201,0.915974408388,0.214888749123,3.70029185925,0.180214574616,0.226114812158,4.30590601802,0.39171685094,1.4329762096,6.56204389215,0.00674510225654,2.39550492287,0.62874278076,0.579441219494,0.0718393107527,0.136635215729,0.357923181951,1.41507440925,0.763616889864,1.06546994213,4.53928183377,4.5635127759,2.92202075839,0.578614827245,3.38512520552,0.193659350872,3.21099116772,0.717954305289,0.206596524436,0.996931881756,0.497680982351,0.847824191824,1.25553595185,0.763772318065,0.133233135939,4.69096604109,0.247192755267,1.51577990845,0.142131336033,0.149847447164,0.222887091637,1.89035277069,0.36259793967,1.24050332598,2.28556418553,2.27632283449,3.46139485598,5.64842947796,0.925962601304,0.832407285869,1.15639206737,0.0655989851058,0.197456582412,1.7031136322,1.34037718028,1.61007933766,0.0514552212507,2.72516648538,0.635045910776,0.390115602016,0.905401315689,3.09695887566,0.395121985972,0.760032449663,1.50328960538,0.337053990141,1.69671565831,0.127205720283,0.772335123122,0.483639846891,1.21241416574,0.552994716316,6.9927656889,1.75086029172,8.07521540642,0.680363239348,3.7012967527,1.37244450837,0.121252028942,0.300613117926,0.212050210461,0.0185679395497,3.96600780129,0.964482759535,0.188146613836,0.577545268107,0.761448099874,2.77207072735,0.194196100961,0.166482451521,3.31127331104,0.169843816012,0.554018978477,7.86511098146,3.06333498836,0.0614707431197,3.35007958531,0.329319838043,6.02686425686,0.21495791357,0.748588758856,5.77449935377,0.541064804792,0.521322901137,2.99527764305,1.65194423914,0.151437731832,2.46581263542,5.20180607796,0.282976697907,1.63791446477,0.0242535350658,0.0847257747501,1.50222596884,0.803236493468,0.790375455767,0.171527241161,0.778658313006,0.3326994358,0.310396820605,0.0253757631779,2.40630344093,1.53242878824,3.2744493562,0.779610940218,1.9617733027,1.35065707594,1.11355913049,0.0567294408754,1.06475758761,2.93756418884,0.569215924293,0.15068469435,0.359145795107,2.00629120469,1.83808487862,0.104808117896,0.236859683245,5.99333755612,5.66769649506,3.12790085316,2.92954615504,0.279596907888,3.15115102649,0.0929153998196,0.272313975729,0.702768651065,1.40313524008,0.0281089622527,0.0097941452777,0.840489815921,5.11177247524,0.421683128774,1.25535728514,0.105713782441,6.39655268192,1.95500155777,0.202723104712,3.31600960851,0.270211187601,0.280223995149,5.7355067569,3.27958715677,2.19342715606,4.23941147149,2.03721525013,0.0632043161988,0.430806381553,0.893867932409,4.18802494526,1.89866314538,0.666043784395,0.602896754369,1.03979756981,3.45745016515,0.776624259874,0.259946570166,1.48745228171,0.944761953205,2.64677830115,0.0447932077944,1.19804007217,0.415508543067,3.50422398567,1.36277061105,0.872980871769,1.69539097384,1.27188910246,3.92511265755,5.05389941812,0.376741045974,0.0814135539532,0.274483364075,2.3528855459,2.13871651836,1.52398998827,0.299064514376,1.35598664939,2.29807731152,2.02286435679,0.401005377783,0.272121799886,0.684392316453,0.816322083771,0.777267413214,3.18075847268,2.35042246804,0.318025579602,0.124988533203,0.279670323879,0.345844401419,2.7945836322,0.37274000179,0.293248957228,0.374925124049,0.0261428174376,2.12006844074,0.036654439792,0.486559392735,0.184389128059,0.316611272581,4.97863791466,2.39037984312,5.58759171009,2.24183480144,2.36927103668,0.617279392257,0.659469825625,1.97530574441,0.608025576174,0.0330182993039,0.24082241416,2.67182863785,0.442491422892,0.139397803321,0.380555547997,8.32972833157,7.29589138031,0.306957895397,3.81268614709,0.0226692572236,0.974759358764,2.34939358652,0.528169666976,0.0188481982891,0.878934943676,0.876675159,5.59471031189,0.720541768819,0.763324441169,0.208929665865,1.60901668221,1.46494534833,0.583614014983,1.37568710387,1.46077282548,0.250342156664,0.629715273678,1.50378193725,0.791074035228,0.695500685871,2.22745501399,4.27153468072,0.364235793948,0.552568995841,0.697756505292,2.14371241629,0.822233889997,0.0936326827481,3.48253886938,1.96764362179,0.209869823307,2.47251404524,1.45230637282,1.56355818272,2.25019152522,0.376892618462,0.487664327323,6.45577638149,0.1248426155,0.433336193008,0.0579177856445,2.95076604068,2.17305588961,0.355555581748,1.20212481724,2.7573632288,3.05059766635,0.232364156446,3.56683056772,1.00982541323,2.17069763839,0.49485501321,0.371166627854,0.191677955277,3.90571385395,0.0452259668894,3.49578492686,0.510024218597,0.270051381588,2.16917304635,0.377152436078,7.24598941207,0.614262044276,0.195198007314,0.494812048972,0.0690517472336,0.52675557062,0.346101282081,0.000171817280352,6.04275164366,2.01104686499,0.784242728562,1.54970160484,0.401364493519,1.1147211197,3.70164587975,4.00510277748,2.14151529878,0.270571529837,1.46019217759,0.297532426268,0.63131485343,0.488707171381,1.42442996077,2.24124891341,0.272143827975,0.469151367806,2.00364060357,0.222504771203,1.32602420408,2.26145323388,0.296396994591,1.12338118911,0.00877085447311,1.39288089514,0.972661259472,0.128395313881,3.26849056382,2.83891627699,6.31879262928,1.98609388974,0.653874665797,0.330996603444,1.47442242861,0.0529713960178,0.968306438625,0.230692076087,0.483411066011,2.06000060096,0.405976610109,0.363847767562,0.0412472078204,0.256440280378,0.829650556147,0.230934958234,2.48977245241,1.49540495008,0.318905113637,0.546567607857,0.384438509941,1.57127541646,0.136136004198,0.419197000191,0.179866457228,0.261634889841,0.373953739293,1.2383089745,0.497344814613,0.62013783928,0.711444617752,0.0593205456436,0.534887089431,1.40079948246,0.512658174261,0.747073789015,0.284626616426,3.20230250005,0.447230434418,0.368879530244,0.981626710892,0.597153982818,1.85918034129,0.122879540846,0.206739275921,0.397230425179,0.574792388291,1.1051266706,0.428363578916,3.94664799809,0.553130607978,0.182841755114,0.796255800426,0.468203566559,0.0292798512708,0.253442262821,0.542145403922,0.966340020895,0.448792909607,0.595998549536,0.755225301434,0.455733525865,0.388821702176,1.59329179913,0.0619363747537,0.0444908247516,0.283739056669,1.12749522258,1.20873262808,1.40330350412,0.0596671077842,0.0908992415294,1.30915861338,0.970064035952,0.299633686095,0.965613868535,0.0843272185698,1.18782085389,0.98238183111,0.0769141153246,1.74199364634,0.309651035876,0.393846741021,0.536046399176,0.146040307116,1.05605485465,1.13284536589,0.377171511538,2.2866233027,2.25120545179,2.63423681706,0.283919554166,0.904808020443,1.11404701293,0.450301165581,0.587520755697,0.417046291307,0.22791285919,2.88312691435,1.35476400439,0.607740618289,0.875719485963,0.817739061033,0.639996968061,0.126403671689,0.68032330947,0.36656927675,1.05491553485,0.962173087001,0.19303861321,0.32648423837,0.11337518096,0.331649575457,0.191778731188,0.450882083885,0.401476529948,0.905350107402,0.826056755818,0.275992939696,1.63360463356,0.0475176552683,0.315046501649,0.28917026978,1.63428268284,1.74709255099,0.212150798906,2.44491120741,0.308783858042,0.0897931989748,0.113642619457,0.83770048108,0.846489709001,0.42907662061,0.734426398389,0.692350244373,0.482171297967,0.862509254217,0.385146252215,0.136789887622,0.230149477683,0.217802360542,2.08335379422,0.157219578624,0.954540517628,0.583280262141,0.373375881296,0.769869334102,1.07392852791,0.165989729573,0.672034613714,0.112077229209,0.456570304185,0.583131822646,0.567010517158,0.266434200633,0.361692963094,0.433166952357,0.114747736398,0.481492091641,0.0665736499708,1.35142570805,0.157570735551,1.13088937861,0.585679430403,0.244473385345,0.187518888656,0.782130440623,0.971527587287,1.25119223624,0.0883621937409,0.772955942452,0.341278110966,0.772482488602,1.09084422767,1.60777632937,0.122825987935,0.503174930438,1.78160283729,0.773515965343,0.799576441199,0.0606801378354,0.331905829441,0.351660429984,0.501080010869,0.769802514017,0.263406894505,0.49388416931,0.476848137528,0.216281882115,0.176336380765,0.273812336233,0.411581318863,1.05393837973,1.44158793937,0.44158311951,0.339869653806,3.64694023795,1.13466166474,1.75213925838,2.00938973308,0.480769991882,0.364301001914,0.417816240406,0.109784911796,0.361531831622,0.377021499947,1.44783896513,0.133077164367,0.136891544461,0.66488288383,1.84808148131,0.0384074652195,0.111088723689,0.12171339256,0.171924937069,0.113871228993,0.359195422791,0.219983191341,0.0486335232295,0.566884358376,2.71571708977,1.53884889688,0.146046023853,0.0480646193027,0.41536340937,1.83453239277,0.206938764229,0.248606123626,0.966968114376,0.140112228915,0.232686655521,0.457492952086,0.126017376147,0.388199418932,0.0498876424646,0.736626057951,2.85004533645,1.49535665266,0.671166083515,0.355045835786,0.717600239441,2.36840136357,0.0323251487501,0.256439088136,1.61161833242,1.46578375608,0.0549724026956,0.315354481861,0.288314767526,0.200853583217,0.997364383191,0.181777596883,1.09362036559,0.378400548026,2.27473112106,1.56273674905,0.11628194551,1.46213364456,0.601040523984,0.298898090571,0.117816955075,0.221525722044,0.212459628284,0.428625863418,0.17642363444,1.56753693901,0.332363009807,0.193453554667,0.164305485692,0.317954093534,0.0521687841788,1.79555304646,0.529504745752,0.258347110748,1.55634238288,0.453521876335,0.63498014821,0.0733229454048,0.355040943213,1.65006177187,2.84840082124,0.257698781379,0.0723250049353,0.146103130728,0.24834274218,0.147694294006,0.257529161572,0.256379242912,0.185450704023,0.741450200677,1.34261050213,0.758425029367,0.277074185126,0.670353939086,1.25213021801,1.17092995137,1.90459999407,3.1180884701,0.525738215912,1.84890324779,1.16201241009,0.311015393687,0.765096798241,0.790037210882,0.646401066575,0.300175646693,1.00451229587,0.47848874893,0.623584648743,0.328787656426,0.0565202524327,0.117730482072,0.631222136766,0.343812199384,1.05044525098,0.378811112233,1.77109593092,0.232917381171,0.518339135088,2.2282345973,1.68716136992,0.198325741179,2.30491548937,0.339462214932,0.358445151746,0.39981323977,0.0993442595052,0.5736947391,0.145247173402,1.07299573373,0.818273054659,0.163294928744,0.785303591937,1.23310067013,0.724998243246,0.423485866413,1.09576425012,0.126068140659,0.00469794690609,0.315128896683,0.527745515592,0.0,0.882681960315,0.652111125039,0.556757014268,0.0746648264118,0.371297230312,1.57000796728,0.161807432892,0.475472107679,0.330018385485,0.24520029597,0.195273883427,0.0308630685322,0.892566725467,0.251338511258,0.113242724175,1.06257578492,0.412621312086,0.237121778866,0.671684531309,0.730399239622,0.13444053812,1.09040269651,0.0936659123935,1.37078480802,0.492594106644,0.994522546232,0.171604187489,0.758808395118,0.138009668849,0.122472831644,0.529888014644,1.54083712697,0.280486542583,2.13450204313,0.699707363471,0.258520675674,2.28911094527,0.442761990002,1.55780352443,0.113133885991,0.0498104560375,0.474030643702,0.586256843377,0.307094017491,0.0647929278016,2.21013377752,2.43793216914,0.453732360143,0.011444635354,1.11049431469,0.71771465376,0.749204532476,0.362405340783,0.616898249659,0.898604006767,0.330940925106,0.506166878715,0.0350044539943,0.783428710382,2.59615874745,2.69717822999,2.21018514812,0.024985370636,0.0280145499669,0.00216080540325,0.0745977749117,0.69951846173,0.512542015035,0.0638301733509,0.476797170341,0.191925336865,0.390582481325,0.569592566416,0.0656252516806,0.849465946332,0.0267859020829,0.109580999948,0.447673117593,0.672045837641,1.0977599326,0.861052702181,0.407079243474,0.0782729254419,1.7873668462,3.63839632034,0.337507771105,0.265668773167,2.68677487344,2.10422382563,1.31902971804,0.545023056604,0.548099981789,0.84942511484,0.085326814726,0.104008051055,0.153447103053,0.367125517484,0.37384660095,0.256888462561,0.00793002346531,0.0958828783035,0.451149504893,0.209877051115,0.444412857667,0.169908594973,0.0834012989094,0.245331722093,0.194472578056,0.0446512082383,0.064220346529,0.232436004281,0.225348827755,1.44246316373,0.0208886530623,0.372213704642,2.29797821857,0.217888240069,0.241878339946,0.379433237426,0.74005811654,0.378414174393,0.0315459141135,0.139102319777,0.445998910312,0.535248941891,0.159511012882,0.485654046219,0.504049979611,0.425533103039,1.16953127027,0.189993892238,1.02134611093,0.0370988601446,0.168019877959,0.663149612173,0.422242601421,4.43910431791,0.490480152257,0.298027304932,0.298853574544,0.867741878303,0.0968904441054,0.271282587834,0.0570311907306,0.203147766143,0.166333297732,0.15464006721,0.57658525072,2.87132224198,0.354160903171,0.0519705750514,1.06131110255,0.127340321774,0.426066993671,0.986130618602,0.0675207205489,0.602741982897,0.120916850232,0.276582995821,0.316757386262,0.102538194079,0.202560482842,0.340369624384,1.30508439604,0.842924175579,0.760556139499,0.0103139489889,0.0379124997556,0.022907938119,0.0544108648598,0.329137285817,0.0620337549597,0.234019097482,1.54743933327,0.0594037866779,0.0179116703197,0.0432768172026,0.808271590546,0.055477944708,1.0959465423,0.278866880275,0.0683545296453,0.117457645016,2.47749275851,0.37135410279,0.0171272407076,0.0694322263822,0.112690038446,0.565434334297,0.262680795379,0.124424905181,0.0518978961557,0.462802035362,0.868208513856,0.180562094096,0.0462866792455,1.23009677082,0.0344331598282,11.3211119735,0.139139765268,0.758125268966,0.071807629168,0.262658370193,0.345296372361,2.8451080028,0.512951994836,0.35159276057,0.536914760545,0.621322217472,0.0476120394468,0.0164147510193,0.289244891936,0.162452337733,0.0900701705366,0.232356094038,0.985537447259,0.238103825357,0.0430869999714,0.00731440968812,1.61013281345,0.123732468933,2.47931103498,0.339917967841,0.149346651305,0.0492243769392,0.944027337376,2.19462628812,0.0286384239793,0.530535285473,1.39496643782,1.45522654027,0.449628720284,0.0488381713629,0.00629756867886,0.758004785478,0.361804335737,0.0326602062583,0.463109115362,0.319569544196,1.89895859003,1.81627920926,5.55762583882,0.377608700246,0.148568079332,0.0,1.46715171576,1.11514710333,0.262061305493,0.725521884542,1.12897569567,0.125237479657,1.72720013678,0.0477809680998,0.421072103083,0.0,0.496904505286,0.831838329285,0.490952950958,0.000151255857199,0.453545218557,0.0644526129961,0.882378276587,0.106049311534,2.6174005574,0.524743789714,3.89772687927,0.0946022284403,0.543535916954,2.15029048279,1.49570039511,1.30349354029,0.373971088231,0.0651716253161,0.88283496514,0.644029648788,5.73682513922,0.0801212140918,0.129843375385,3.83459288955,1.34691000879,4.01760254636,0.430370234251,0.0337937879562,1.59799523592,0.109278680086,0.0633058723458,0.322762461118,0.0175222826004,1.83789804459,0.0947814501822,0.0421660959348,7.40193390802,0.231617648378,0.92315087448,0.384274442792,0.0244803327322,2.14795376986,0.595157584995,0.50716360854,0.254367641956,0.996890643574,0.779606285803,1.0005195941,6.39305188574,0.0880614317954,0.0253857278824,0.0541840529442,1.0019223991,0.0,0.040294393003,0.938514506817,0.0,0.252396739721,1.50450195192,0.159119907133,0.0472949635983,0.0293041041493,0.704912785888,0.338555599125,0.337597252429,0.0,0.169792324984,0.0177372513339,0.621501116455,0.151393747553,0.933432598636,0.342367353998,0.181811514497,0.0352081772685,1.72310710683,0.534069555402,0.21305584915
12,0.0631763771176,1.31709736884,2.49286624618,4.99793426514,0.755584232211,0.270609768555,3.10774280787,0.527918689698,0.10486116454,1.14048681701,1.24751678161,0.426598363519,0.572113826275,2.63104136229,0.367753672749,0.930567271709,3.5988255167,0.129218769968,1.94045429528,3.82347724915,0.164183221608,1.05478087544,0.835730511546,0.303325923122,0.0150195193756,0.314163108319,0.938043552935,1.10269555032,0.656647040583,0.556300633061,2.05914702997,3.69383436456,2.3638343811,1.06516779907,2.2466704911,0.143696955573,2.74261934519,0.927685583252,0.166044652984,0.903864193745,0.224115424007,0.510899701715,0.428811171502,1.12995707277,0.0676685267314,4.57231851608,0.359740375051,0.485347748511,0.86866376698,0.223502280712,0.327374670506,0.79516942367,0.743553249463,2.14891640902,1.79999550037,0.722912116498,2.15505791277,5.29260087192,0.947961938716,1.18570689559,0.4746720732,0.0210488989716,0.110444402695,0.416120445803,0.896146108508,1.43254962474,0.34383416377,1.6193723055,0.825423290431,0.464883252382,0.537389519066,3.09578320682,0.0853379744291,1.04066114224,0.518250731528,1.17916405417,0.898585203253,0.257093085835,0.160172479786,0.834580829144,1.19344472408,0.373187384605,5.99919613838,2.67078201771,6.4824054718,0.447184539661,2.45498791615,1.24240597367,0.111784282476,0.564653404178,0.396070398688,0.0721404227614,4.67405851483,0.603447934911,0.0866937857517,0.0589281575382,1.07976628631,2.46198218346,0.133808280267,0.0457215797901,0.823890390173,0.352449046075,0.784882683754,5.07109145939,2.91384392858,0.0144290301204,3.45245490789,0.474911863133,4.64987632275,0.458292478025,0.226105264351,2.53526694834,0.613244516426,0.349623201974,1.83290023893,1.11408816591,0.0712856059521,0.811859074533,6.01900092363,0.0786308896169,1.06428866953,0.0186465429515,0.155669716895,0.95957894206,0.104937345404,0.713736133501,0.547682315633,0.122124499995,0.312187075,0.290141057968,0.000466079711914,3.0673871994,1.1545582284,1.79532647207,0.578371159211,1.16749586225,0.871916337758,1.26367556373,0.158608646393,1.22928370491,4.33822816849,0.887433071807,0.165991273224,0.520225417353,2.15447221339,2.42930347204,0.14449934274,0.32343914777,5.46305943489,3.76429288566,3.71321417332,0.813216989115,0.318124283403,1.78463975802,0.17393072702,0.362668717131,1.54901710637,0.591397725344,0.0,0.0096724631032,0.649552048743,4.71295055151,0.323216302544,0.998038311899,0.49757729888,3.75170501232,3.81367090702,0.238413729668,1.19200725377,0.150437227488,0.366700105742,3.98689516157,4.18839594722,1.17928968489,4.14573285103,0.284922620393,0.314112826344,0.515442044139,1.65621731088,5.07684199333,2.56573803812,1.11758664966,0.150561893368,1.86612970568,5.38982938588,1.24825417817,0.474184198547,1.9775697425,0.794043217413,1.9949812648,0.00220348358154,0.889528034478,1.73207717121,3.34137983322,0.716217932105,0.323191102594,1.69723279595,1.78057678908,1.76125268161,2.49839325801,0.100050523207,0.0136111652013,0.0181629457325,2.67075401887,2.39445390806,0.564719908386,0.023665125519,1.74650018632,2.34899975235,2.75279274333,0.169804885369,0.175959661752,0.444825558711,0.993167192787,1.13891162783,3.62211716652,0.820976734757,0.077385156136,0.254083392359,0.632538645566,0.234552773014,1.42565574974,0.0955442447588,0.356473868396,0.116153299101,0.0722080855072,2.3412172401,0.266772657279,0.773949573785,0.486584305093,0.0240775103867,1.44293583632,1.62969566286,4.27715386868,1.2961378336,0.782900363598,0.738337711187,0.116323380172,1.86756700039,0.861414567153,0.00446112897247,0.197065809965,2.39852508485,0.218146178946,0.147353179008,0.48239272058,5.09174227715,2.57507379919,0.535240801275,3.72210609674,0.00211499229074,1.60843206897,3.34696804017,1.61434599757,0.0163883074373,0.657631034106,0.493880439401,4.71422289014,1.04936177917,0.431157930009,0.104530645162,1.30595838919,1.05390145671,0.449300803039,2.48814351559,1.21509570569,0.114152849615,1.1130265861,1.82242079675,1.94663352447,2.94291261196,1.69070760489,2.74934549928,0.12279106617,0.479521265402,0.907463320792,2.57149033904,0.414500848353,0.216236405559,2.7986743772,1.95440874726,0.320165731311,1.78749399267,1.10382589807,0.354465318657,4.15846789718,0.620830083787,0.668923271596,4.73504282475,0.190228144228,0.19806914065,0.142887210995,2.49372227922,0.990798671544,0.550284923911,0.676614322662,1.77546047211,4.35159823358,0.272132530212,2.25985094845,1.18846895717,1.5842863372,0.383251094148,0.359953641444,0.0685052982718,4.66158302784,0.06437150212,1.23318672597,0.712669029273,0.409003776088,1.91043066621,0.78222099185,5.83508873701,0.433717201948,0.194630022496,0.425552422404,0.240689510889,0.108097744733,0.528342407644,0.0,5.26266186714,2.92326020718,1.36489833772,1.73564670682,0.395065480024,1.40513994679,4.25865784883,5.16819670677,2.00450415969,0.0063613024354,1.48641185772,0.426166863288,0.341497053653,0.0571074789762,1.0512538363,0.950495495573,0.358715659976,0.505487030745,1.24348192275,0.495101792067,0.819796290351,2.88628732681,0.0279619812965,1.16931059554,0.049073544573,2.1585126102,0.657058442831,0.242993772849,2.67532558799,3.33892949939,6.03782988548,1.62393435359,0.532081762888,0.0159006294608,0.0978731711209,0.197155382801,0.867858713903,0.52457561234,0.157249668986,1.19071152478,0.331351215914,0.0973432579637,0.0566514034569,0.132407826483,0.352699277564,0.115910923681,2.37794170499,0.704377818108,0.561451131981,1.07151081331,0.0112038826942,0.724893940389,0.581386760543,0.699223680943,0.0712653233763,0.221487113535,1.22383682072,1.34794561703,0.727449439093,1.11269529741,0.194095909055,0.0937652774714,0.465663072467,1.24795194425,0.251585538235,0.162217239998,0.192387271344,1.76880262248,0.207661252506,0.0235797759891,0.863562635779,0.0457424386078,0.845706674308,0.134759997297,0.0499346567411,0.315150094691,0.196395058893,0.372113995925,0.888478680775,2.20670471966,0.383910810929,0.139446935989,0.268687477708,0.160080968593,0.23941780813,0.0657464455813,0.27397491686,0.742100983262,0.469552174881,0.23310290572,0.76628272254,1.14484866168,0.692895584106,1.87640835121,0.0992452847958,0.129066166645,0.18752153933,0.29250840364,2.07292420335,0.676039645001,0.0324178669788,0.0265998366475,0.579311469286,1.36909504965,0.522367724031,0.118506772593,0.505076139867,0.552032161206,0.635168913109,0.0317250010371,2.03451521385,1.06772953626,0.164155843705,0.745140452385,0.678712784238,1.13272619484,0.62386679465,0.412836599983,2.18493537962,1.88106553689,2.07944326316,0.395172988717,2.00867803633,0.229649069309,0.171325623598,0.146502949291,0.15976391675,0.0218843987212,2.46507929765,1.18886122458,1.02534025848,0.614801769429,0.107231052034,0.307170334887,0.104463419374,0.103123079794,0.0372938112915,1.04302611269,0.144901996031,0.831254130639,0.0196856015921,0.0550132918358,0.268412269787,0.00432271063328,0.0646098566055,0.216693370817,1.06008041557,2.37695106596,0.149563702866,0.619959641099,0.0318043667078,0.174658849509,0.410571500435,0.210729437284,1.0993928642,0.0272484125569,2.06423792958,0.373643196207,0.0,0.017325517498,0.0689546433091,0.276560055166,0.179463937045,1.03113582082,0.219578598542,0.00115134065971,0.763848145772,0.524849229082,0.104469051734,0.114068253404,0.328173115849,1.4773274368,0.0829478225484,0.253604133888,0.429682008922,0.207774897218,1.13642277911,0.897063283958,0.0246513893432,0.520273547173,0.0145760466158,0.562906983681,0.35361955063,0.110132826567,1.65748120427,0.53056151066,0.655326349065,0.100497623999,1.88042028069,0.00997377911583,1.14029213369,0.0313193129376,0.795358825475,0.146545117032,0.437422124213,0.0176974617736,1.76746945098,0.744530472755,0.221582867429,0.138195585348,0.469082776895,0.135316619202,0.662354718968,1.95881708201,0.822673979029,0.483680703975,0.357677399479,1.26743605297,0.609615197536,0.802998801023,0.0602419161308,1.40091980964,0.0444505348802,0.231088105347,0.42079442339,0.166538972389,0.556487263292,0.105026929863,0.0806201811507,0.0319330899045,0.322909988835,0.702075979169,0.54830063466,0.275872093514,0.11334289629,0.0627351605077,5.9661045742,0.827243755218,0.60609998405,1.34961963803,0.572705182582,0.106333365738,0.79450095234,0.167992235459,0.248136800006,0.133050997257,0.32051413117,0.131280493941,0.0119908810384,0.278411778919,1.04006810881,0.0525481984764,0.047262529945,0.291210496482,0.0323581247032,0.0243630122487,0.268795889788,0.0346367066726,0.221767489146,0.504435768723,2.28446127981,2.05122038394,0.0208397405595,0.0698736619484,0.344666770101,0.8717893604,0.0714841905981,1.28393142439,0.226847957484,0.0306879307982,0.171316478252,0.384774188437,0.0459507950861,0.206467197724,0.0120405144989,0.887552097589,1.74000239789,1.53350734502,0.388118187729,0.479306466877,0.299758127481,0.943160126973,0.106872462928,0.438792715371,1.00644961879,0.2308096499,0.0904098598659,1.47332595646,0.18035672307,0.505433180965,1.34037726082,0.116445631534,0.38946324762,0.206321013924,0.957219887227,0.804980699867,0.0508320517745,1.26129428193,1.76089891955,0.079883551239,0.0256793832034,0.187666343153,0.0593232905865,0.195487646405,0.0907567166863,0.522982245348,0.0104277380044,0.189073275477,0.139936224148,0.0124675197899,0.0851357591152,1.28395866513,0.466973402053,0.151480330378,0.432607685775,0.657498665377,0.590288425982,0.262121545896,0.169198368005,0.196918649189,1.85730496168,0.135182852522,0.205978504308,0.388440794125,0.0633504181122,0.029373968764,0.0100945426151,0.201370903514,0.0206681707129,0.640917918067,0.46416554004,0.27057381399,0.415068394616,0.145886161439,0.2438265118,0.794531728067,1.12871719293,2.65111205399,0.1229342632,1.98188918944,0.912957859933,0.299419444855,0.743192351162,1.06505317714,0.0612213069946,0.431754594855,1.38810143687,0.0892764808238,0.124757027775,0.123848064169,0.0631952260341,0.0670917884726,0.525291268229,1.02103329204,0.409837353751,0.575300729722,1.00858316518,0.228393505663,0.0995244638785,2.21939006321,2.95681702897,0.0529310307279,0.786091570603,0.115462746122,0.235962866405,0.373112249225,0.131709351987,0.377509098351,0.261215541605,0.617845090409,0.355428348184,0.435127679259,0.405911570911,1.35487762824,1.04758317814,0.514823764991,0.743152071238,0.0363984046876,0.00465311016887,0.454212774076,0.537983209677,0.000134043982252,0.158373909295,0.0370968520641,0.570349785723,0.0636845219135,0.26559738718,0.806841682792,0.294158707624,0.465428196564,0.441533735711,0.0397276958777,0.160078057796,0.0608555874601,1.12970387243,0.289480471201,0.0842968168855,0.395602371097,0.810712271333,0.373274711482,1.24838043645,0.289047208875,0.0285732830619,0.306415965753,0.0912053286307,1.0624241668,0.586167848483,0.230331123956,0.381543562785,1.54787888912,0.0905186399445,0.209761655385,0.259832734279,1.43573638931,0.0305959296832,1.63752660438,0.691873656213,0.0368864754587,1.56905842848,1.6013821876,0.550142663531,0.457675525099,0.0165423702076,0.739342006296,0.376212405554,0.962632759246,0.0776918652654,0.699460004801,1.73979731217,0.120063448697,0.0453222953528,2.23589060545,0.703327241912,1.13463434277,0.330001835711,0.502008586824,0.649250410423,0.232904946264,0.684696143027,0.613140611285,1.19124121886,2.25544521496,0.823209927734,1.64286469493,0.0150474529713,0.0681990874186,0.0241772365943,0.117097358108,0.525693485769,0.32441934065,0.0297748656571,0.604366420656,0.0732253012247,0.40786143817,1.25309902416,0.00197008058429,0.401386410445,0.0739600020647,0.148731745444,0.36334329091,0.385707428816,0.668014421938,0.39054350432,0.379347776733,0.278298779503,1.93758601358,2.88976461411,0.44702315405,0.188170779478,2.12618816651,1.19392966717,1.10060904011,0.0845336159691,0.18149098875,0.920167375179,0.219309734805,0.368043998778,0.0940132036153,0.104984589377,0.203431942631,0.611464242786,0.0,0.194868256673,0.352641349956,0.404710444286,0.619788806811,0.382719117748,0.354731443496,0.0411158090085,0.0659345316142,0.287502262816,0.131521474775,0.28230683282,0.0915081097744,1.7500150032,0.568355894629,0.174608197734,0.624290137216,0.0358429059107,0.27563947849,0.325152939688,0.365341693447,0.145898906952,0.0957516649924,0.13869204618,0.373062656317,1.87887518764,0.355580371339,0.396532420069,0.168753281832,0.823295443021,0.91664720431,0.0337504609674,2.01852658837,0.136225020587,0.199096257351,0.634586649351,0.333939637616,3.2322609365,0.185183268432,0.154305218086,0.156263647592,0.63359373007,0.108502305634,0.0983394720592,0.114937582156,0.193866619319,0.442693578899,0.0914215992205,0.217283409573,1.10754272354,1.36808257778,0.00572018712759,0.523040943146,0.0709129440039,0.302199042551,0.810028629052,0.0137667648122,0.234905157425,0.180235609561,1.17478017548,0.267317141443,0.0870144069195,0.0951055561565,0.187970547532,0.782085879296,0.935002679229,0.541361324117,0.032210806217,0.0137189248204,0.0770292637497,0.00764956195373,0.151251619216,0.00883823111653,0.35418018125,0.62177753367,0.341549492925,0.141094573513,0.102440953348,0.219192566462,0.0432903434336,1.18322446696,0.229895336628,0.0271185747907,0.574215244241,1.30818554943,1.257765108,0.282733802199,0.0816249961406,0.45554878077,0.226938875988,0.656429409878,0.0209016728401,0.160947492793,0.862311212183,0.844842649996,0.0407900087803,0.167404120192,0.777049181394,0.00766972130165,4.49100968599,0.687687110053,0.369458591559,0.206531766653,0.904265104979,0.630732922032,1.61410279267,0.865704820007,0.163028185964,0.817813395262,1.09890061349,0.0,0.0390639841557,0.294741789298,0.233598432466,0.371500209235,0.0132152843475,0.158390458971,0.405693493187,0.180086510107,0.0,1.64802834257,0.184844883084,1.38210270062,0.691667464525,0.0170488792658,0.216626086533,1.21735463537,2.52694026783,0.222650578022,0.234900614023,1.04201386413,1.67577100962,1.90956735611,0.132400773102,0.0,0.764352272563,0.371291790865,0.0682130393013,2.14175840795,0.520080921203,0.613511553854,1.42385726087,5.10866814198,0.0618458004296,0.131195057258,0.0,0.0100423172116,3.35136806369,0.454768633991,1.29607982889,0.27951637508,0.0631535807252,1.37985966593,0.0383430754393,1.41585682446,0.0,0.739394754767,1.20751831323,0.689292571172,0.0102597367764,0.26756085068,0.0304648565874,1.72555383503,0.0,1.15192902684,0.209960928399,4.23849017575,9.33911837637e-05,0.839086192986,2.10232088417,0.214530226705,0.891928020716,0.211256137677,0.902283430845,1.95383100316,0.510876996517,1.94629838794,0.0309681895375,0.0552811515483,5.59770712614,1.84956741512,3.49470972721,0.350945975006,0.0491494830558,0.189299991243,0.356923595443,0.332574850172,0.0232415399351,0.0,0.718161511719,0.0818516095728,0.238012248725,7.62152137876,0.0689037725702,2.22311207235,0.0873976401985,0.0623019785015,1.22496617138,0.342256484926,0.126176840216,0.219712000173,1.22153121531,0.160915885568,0.795428764522,3.48560252577,0.0468112227321,0.0757693845034,0.00521133482456,0.82427584663,0.0,0.0441659007967,0.735017569587,0.0,0.256252916621,0.74640343979,0.00701333310455,0.0010601592809,0.0564660464972,0.349441961907,0.16254048738,0.500178808793,0.0412311795354,0.513753391132,0.212831063159,0.859477476515,0.0887486010045,1.40476094037,1.44908811886,0.0137143954635,0.00902335524559,0.488411440104,0.144768017456,0.0283476864547
13,0.195486979652,2.00899206728,4.06237556934,3.53472674847,0.0629380866885,0.163108858019,3.17604254246,0.143817358017,0.0750227054022,0.810308067948,0.172262637578,1.00287071854,0.801266244017,4.27810577393,0.221798088253,0.768276717365,2.45970147446,0.291072745135,1.67370247841,5.54902096272,0.144267134741,1.18190576553,0.526828202829,0.287558965534,0.00142681002617,0.0340143324435,0.0474476799369,0.87789280653,1.83727007419,1.01349771835,2.03866132259,4.97820495605,1.85967930228,0.154677100405,0.299442016333,0.02328600768,0.887291122377,0.983621388152,0.192633798495,0.376160293035,0.281325659007,0.668497449011,0.927526394129,0.713100627512,0.10177656889,7.38629829407,0.140005502552,0.64192888204,0.561364982314,0.458616326153,0.550152360052,1.05703619719,0.701474868236,0.385875450913,0.964333051257,0.116443114355,1.20741600111,2.7001736939,0.230892353207,0.927057060152,0.547410365343,0.169765059426,0.479518144429,0.385668165749,1.65559518188,3.07150676727,0.644314976614,3.71551830649,1.23663864497,0.00229505615309,1.63626245975,1.85981900334,0.0511822079867,0.394900016943,0.605570801795,1.86103460252,1.30053931933,0.101084329039,0.395568020791,0.950051172376,1.64786313862,0.457733764239,4.43812475204,2.6812627244,5.20693420887,0.311218412891,3.86883904047,2.73537977934,0.576936754659,0.381315233409,0.663241332471,0.134479451701,0.895802673758,0.889264928997,0.0849549473822,0.253141201735,2.30147787571,1.20035754859,0.122894062456,0.162719276845,2.69366204321,0.581053032279,0.357481095679,7.64720762253,3.42886261702,0.486487768441,0.643683016077,0.0615269769169,4.32626702309,0.187991991546,0.346878137102,1.87383933589,1.18309512245,0.152613141425,2.44245356083,0.176980198063,0.167247144915,1.05384892821,7.27754881859,0.0426542139798,2.15698201418,0.144948468953,0.0359023989737,2.04342148006,0.350799485482,0.459445460252,0.339852509424,0.0709713882208,0.118881777308,0.146222872138,0.0,1.61109151736,0.969449170679,1.89464646637,0.504282980338,0.877430855334,1.93367992997,1.33413281698,0.27544878602,0.468924558051,2.21777446091,0.934377055205,0.258363656253,0.412719245031,1.65286632553,2.21443964005,0.0850216205698,0.307054151418,3.81108893275,3.15523235679,1.89986719429,2.51381160229,0.393064599782,0.27087287344,0.488826763034,0.345923393518,1.3361954689,0.560109541118,0.0,0.0267644975893,1.419869138,1.86629687026,0.246687350646,1.65820697546,0.185151813552,2.20709112726,3.09955825984,0.170917126443,3.17969168305,0.335626831893,0.353606459768,3.90119812012,0.905648662746,1.52594162464,1.87863737643,0.549094330668,0.0127905082703,0.0355593145266,1.9381478934,4.66324858665,0.371564743668,0.512991252318,0.0504747004266,4.5128213644,3.37161729574,0.73784904547,0.465307498602,0.58240688622,0.816508848593,3.4573076725,0.00610082805157,0.898485700041,0.687241082005,3.29957502365,1.25878181085,0.369657146763,0.576709216088,2.42297957819,1.36451870099,4.89542950392,0.136452651676,0.0044875729084,0.258244391531,1.38546108708,1.73644542038,2.25896848574,0.140839755838,1.30909407139,3.74989714548,3.23995985627,0.171834888831,0.252901971191,0.637860985994,0.873384852409,1.14039481759,5.08477171898,0.77047051169,0.0261284414679,0.347024748549,0.0556189705431,0.216000593454,1.99692417562,0.0358624412119,0.498400875628,0.0798187130317,0.0734259616211,4.71385440826,0.0351107427478,0.653623359129,0.231771399602,0.087059911713,4.22880962372,1.00477403083,1.66301651776,1.79341033831,0.252260219166,0.46647539718,0.447166790441,2.9464483279,1.64692404568,0.00123312577605,0.387773415148,1.12820868224,0.81019067049,0.160656820256,0.193936093613,5.38702347755,1.91796521902,1.71082817867,2.33765381113,0.0,0.0865086651593,5.19502478123,2.2845881021,0.0982699633739,0.760704698712,0.505099897385,3.01968711853,1.94813529968,0.417537504584,0.263710045554,0.865155029669,0.50492299607,0.556536780894,2.40303989112,1.56865921184,0.440699068606,1.9894536229,0.292245713323,2.16806799114,1.68272523969,0.783101816233,3.47651631832,0.207909261771,1.2435438455,0.109880852178,0.856814157665,0.609090658762,0.82039200604,0.911384918094,1.73301667079,0.70960309769,1.12404767275,0.999519934356,0.30080647029,4.98856172562,1.07175852865,0.665657979548,4.201620121,0.450857308581,0.271062375307,0.0799892091379,1.54011912405,1.44159723848,0.666382880807,0.971786369346,3.09141465425,3.16392742246,0.293909625299,1.35436603725,1.14026140928,4.26792353153,0.0134273793548,0.252595112324,0.123885451555,5.83690400124,0.100080147739,1.53644414401,0.245113002621,0.973626561761,0.929539977461,0.302319113277,8.65276473045,0.584173164964,0.270902749002,0.0961403103173,0.47496828422,0.0653666547313,0.723968440245,0.0,3.58684213638,2.48415780067,0.481184287518,2.6967243427,0.811863554837,2.49434420228,4.31917387009,7.20045083046,1.36429570347,0.0132385411114,2.31943349242,0.849710838869,0.176284557022,0.104304842204,1.31963011935,0.12640756309,0.0270813521743,0.503041002052,1.15755517173,1.0662366627,0.303401343822,2.59407879472,0.0578802876174,1.05008896418,0.010558372587,2.76151699185,1.7273915258,0.0943314647581,4.18977008343,4.43868980408,5.80268689156,2.36314172029,0.51888221018,0.164113268359,0.584999141581,0.105703688683,1.24511571348,0.308005360886,0.199570952505,1.34478294151,1.02356328793,0.104402873782,0.177507770155,0.356192002371,0.561004315261,0.145408899635,0.350176228955,1.09418999225,1.46335164636,1.18245185107,0.185462565422,1.60445160508,0.786140099317,0.218477262259,0.266323269773,0.34747101821,0.528564086491,1.05703793392,0.201343321782,1.26453226566,0.667046593865,0.0850055874046,0.881773137201,2.15467340171,0.786155510806,0.441610216312,0.279524050169,2.22135167059,0.212456480281,0.118323559538,0.725819474012,0.240001782812,1.01273368102,0.367636596411,0.227262112498,0.338988597579,1.34791957784,0.559635427669,0.572642301973,1.9461059821,0.130391216734,0.350958517632,0.212831661571,0.0517845637724,0.136614758661,0.402870810013,0.0637510105222,0.940353039354,0.371034505926,0.884588155039,0.927022263003,0.895697941482,2.11174263,2.65914532423,0.616550056636,0.264410725413,0.33420693785,0.387889171373,1.85185759023,1.4706808148,0.0105632341653,0.0297830463573,0.34345880664,0.354457150474,0.247642549789,0.985466030091,0.120265313685,0.848400797248,0.185529623628,0.0765528305992,2.42443040431,1.09599908501,1.03180201802,0.852601748109,0.137662215978,1.33449763298,1.41123197079,0.680520139858,1.03491390238,1.80236955449,1.7877330672,0.920821910128,0.88810984388,0.0774760795431,0.162416621111,0.277194908708,0.266454770789,0.249261729307,1.00145612981,1.62613814502,1.25542370357,0.114768040776,0.0924335795268,0.43983175762,0.308428830355,0.0822015066072,0.120072340369,1.74642720714,0.193289825693,0.618215519823,0.201185577214,0.18840870779,0.507049481533,0.0825449956954,0.163325375021,0.121265003197,1.060203036,5.91236543909,0.197531650513,0.489516086653,0.140380882416,0.167154996353,0.0865289559215,0.359839586569,3.31988491297,0.0687382727861,1.81876350611,0.904300538599,0.0,0.0506778789777,0.323178020287,0.778438210157,0.134006989822,0.227791610695,0.515422538519,0.215107024666,0.424704440683,0.411959031969,0.180505083959,0.267839414775,0.338209201396,1.00466515779,0.0607094251364,0.201964429021,0.611739391685,0.213900091685,1.02437532123,1.99243494436,0.232360059172,0.645758885592,0.0103249387443,0.228842998743,0.681201821789,0.128373060641,2.07100195348,0.360400845557,0.552717766464,0.244325900832,1.2150907981,0.0903718323633,1.78955778033,0.408038418927,0.539807778001,0.728797585368,0.132815846205,0.0818444380537,2.83169028997,0.944813712463,0.773385188114,0.390332330689,0.230416802699,0.321557841823,0.776290073451,3.291433056,2.10058707774,0.182679213881,0.292291162536,2.33896638259,1.03455742449,0.751155655608,0.185411006538,0.950593068656,0.0993822302204,0.271371764923,0.11534551654,0.102133796904,0.836717770845,0.332164284647,0.319496629871,0.14274889484,0.0373404852301,1.47055207491,0.63205789879,0.281310161413,0.52538405627,0.412058865726,1.99696041346,0.642057830915,1.12629298896,0.537785200318,0.441003945172,0.114890463129,1.48498970479,0.118917012957,0.776312812753,0.452637150041,0.882065321393,0.312220047712,0.0235234075226,0.722835756969,1.28086908475,0.150331136584,0.0638187092403,0.337571781725,0.240531543456,0.0692588004936,0.761683849841,0.227523996523,0.182762097493,1.07632670969,0.156831136923,0.38078599073,0.367407497764,0.227744351625,0.151712987889,0.685061455546,0.0967889876291,0.660013683438,1.63151368126,0.203274601679,0.42886059396,0.220972791463,0.0669181394577,0.282995717078,0.00859245672822,1.08094010303,2.74939242303,0.248891369347,0.499128055051,0.448693379909,0.997978270203,1.19104143232,0.107180575691,0.0357037100568,1.2677457267,0.658062517531,1.16895808607,1.0936088625,0.101372271432,0.446131143272,0.876164616942,0.0268411757913,0.141154601276,0.208548386823,1.95383496165,1.39241056375,0.124149634466,2.04600452244,1.48899706155,0.147934952006,0.0758878134936,0.033327174522,0.181185575677,0.521931428015,0.115333415791,0.4338397789,0.0587582308426,0.139113379233,0.024496319294,0.00574459314346,0.0504816765245,0.744627541061,1.43083998896,0.57878706485,1.75301061332,1.06525654629,0.490289533054,1.44814621016,0.3635723643,0.737275795937,0.999289190862,0.31799698431,0.102155495919,0.788063958995,0.295832702473,0.115280096848,0.066222089529,0.156598060578,0.171174538881,0.0931272944808,1.49594865568,0.505879760832,0.0200408030674,0.420039257705,0.687950043879,0.553993277624,1.35425883132,1.68113397896,0.464835307719,0.463851165324,1.19264441865,0.713435463607,0.0562618206814,1.05107717782,0.645673680731,0.618493937925,2.50374922514,0.231872027777,0.833375285268,0.345542074889,0.22333071962,0.316393640488,0.549119358771,1.35470819473,0.172333768234,0.985695119612,1.99287057057,0.228310817033,0.191070055813,2.00702335924,1.98244306594,0.296789418459,1.61847034693,0.849287285749,0.232602893263,0.966383591481,0.0361318763532,0.17981225808,0.187945882604,3.07706329703,0.113786606938,1.24556347914,0.109817883745,3.54679513276,1.56388240337,1.37974226542,0.783070234656,0.132201991566,0.0681458492577,0.333550523873,0.489180214331,0.0,0.473336069584,0.159662954286,0.424315160569,0.0476077297051,0.436822493635,1.01264071491,0.0801407638658,0.214694804493,0.555868862066,0.0999025865411,0.0747950410389,0.113709817213,1.52915329352,0.262873374764,0.249463241156,0.403512437753,0.540141701847,0.389039377049,4.26887630224,0.909311770545,0.072377768755,0.599668278992,0.17066726787,1.01539309204,2.05480978861,0.281900533019,1.26065027185,3.96365850925,0.405510296663,0.318063360294,0.0729600103665,0.362004685104,0.563328233883,3.14208267927,1.34591847993,0.586225091666,2.62332072698,3.00961737156,1.82839306623,1.90385320783,0.122866382822,1.30339590028,0.144072039314,2.0133893068,0.0193317298964,0.2217186902,1.81959689289,0.304072842437,0.0527848678082,2.56045490742,0.523157832418,0.709990521669,0.165752968192,0.47376301771,1.07530882239,0.4278317222,0.0905662440881,0.928222137094,0.0771013543289,3.36622820377,0.710971906036,0.808053032383,0.0679877220094,0.136151580065,0.03962296471,0.231274448112,0.293155289283,0.141257669143,0.0358215732872,1.89622912928,0.011427113153,0.668061398268,0.774593582675,0.00257325202227,0.579751736301,0.0433640106022,0.162711999377,0.0870852446184,0.503012764119,0.629475749508,1.69142166801,0.106251861304,0.518905391395,0.985044830516,1.92934069482,1.52722042084,0.259707853124,0.359860543488,2.37880459905,0.398336824868,0.0997991208232,1.30279893935,0.97525259003,0.203374952488,0.184601786362,0.572010003738,0.549497629926,0.699621708137,1.41047800409,0.0106717149168,0.606174482256,1.25363799616,0.524567234479,0.671791310254,0.0624304614961,0.321011250969,0.0318862744584,0.0625177163631,0.284485252891,0.441639593765,0.62365594238,0.0583453653753,1.39453972143,0.340333173275,0.0668117109328,0.602555932803,0.0625177326426,0.890035721952,0.688680363111,0.394619100126,0.0727195171453,0.0,0.06290587686,0.979400350451,2.40389199562,0.524666644973,0.0545461776853,0.219568876922,0.467203386789,0.926983239446,0.255090266317,4.19081029326,0.431340012923,0.0598662137985,0.161938569658,0.108806121703,4.72759996176,0.599753934443,0.914269615859,0.233009045254,0.459951844439,0.224070961624,0.337576488331,0.223484721258,0.578762899009,0.0789854157018,0.122796027511,0.51824135419,1.08086651117,1.49260746226,0.0524727466702,0.862122104615,0.0754393675923,1.39712189887,0.579775872156,0.0703616827726,0.0704191518272,2.19663588284,4.23716653757,0.37190305097,0.085704610683,1.02790063351,0.280262725968,1.73244582728,1.23077887475,0.0824916368723,0.0783954536915,0.076447187867,0.226468183249,0.289076147536,0.50155945316,0.0989668785757,0.685524519235,0.98559427537,0.762020818032,0.0563151240721,0.121320592649,0.199929788141,0.302441833019,2.41227739692,0.755627333894,0.360880658515,0.970214310028,1.07074520528,4.36088949859,0.695406895131,0.445974371089,0.518456484005,0.0517727930937,0.426772250915,0.261346308887,1.00987212546,1.2096882531,0.13833204072,0.624403494373,0.122483080029,0.6460054335,0.0752237135917,4.88532277822,1.66274514571,1.83241424948,0.0113706892729,0.454022390656,2.40407363653,3.23874907464,0.449631613083,0.801581274867,1.51033996128,0.354395942912,0.389499673955,0.0677576240525,0.138719200715,0.288041366115,0.346965750456,0.024013479203,0.587174834087,0.00348506271839,0.0481302556861,0.0172019332647,0.476887282729,0.0,0.568376140334,0.532620266937,0.056981253922,0.275804568068,3.11217277735,0.818611041307,0.0,0.0683378989995,1.27999987215,1.16850209191,0.623055012822,0.190539477654,0.0212558522075,0.587364275008,0.312369683385,0.182522798534,0.54421525903,0.997449381649,1.46506778002,2.43505334228,0.710498972572,0.270270322487,0.307165961545,0.0,0.0368083530664,1.25863357186,0.317534931441,1.32494582921,0.550225060508,0.140173957199,2.32527446359,0.0470798633993,0.213371347487,0.00411204889417,0.201227502748,1.24921536192,0.296428762488,0.0293563456833,1.37992364854,0.398798881844,1.55892773934,0.0,0.426416809708,0.191640344039,0.854780140296,0.0325439768285,1.30498231225,0.0977904690709,0.11326771453,0.285453907996,0.247739781365,0.159924196415,3.72030127287,0.591118004471,1.5929847602,0.055634942262,0.101259451546,5.09296082268,1.62713762522,1.48246413849,0.542370743603,0.118645415008,0.469538371619,0.323441571593,0.00255199156702,0.159553239346,0.0251909024641,1.93986334145,0.0204547715187,0.317552051842,2.57435760319,0.104943840578,3.65023045719,0.315694810748,0.0603797852993,2.44145022932,0.0840905088186,1.0436962311,0.657491115406,1.38964424774,0.628604177982,1.07554828595,0.836266619712,0.236226306584,0.099575369386,0.00258543998003,0.924492779672,0.100075139999,0.00588340938091,3.67953646183,0.0147639560699,1.35434454903,1.31225456055,0.109085655212,0.0309768179059,0.293131500185,0.944550615726,0.401015855661,0.0237952447496,0.0723040980473,0.256023878977,0.0616380612552,1.12445233554,0.0124477057159,0.650811824836,2.85589260221,0.0797146883607,0.0982358261943,0.609900302514,0.02534402363,0.110211726911
14,0.240990623087,1.71882109463,1.25668344706,2.15223243747,0.982571513206,0.117097364869,2.10271746308,0.461413390934,0.127253955083,1.50123660326,0.636889314931,0.821659407616,0.259747398198,2.59946854547,0.0906056934362,0.548160313838,3.03851964235,0.196864929274,0.62639791064,4.44065459639,0.704066634923,0.796591528989,0.383727493212,0.406334835757,0.0633764353395,0.0766848781705,0.217725290656,0.61391133422,2.18403996289,1.67221795499,2.88640964627,1.8482924373,1.27350852847,0.171788676698,0.654269009829,0.0238840669394,1.12464510828,0.926568410993,0.0278147121519,0.493961931765,0.119780880958,0.0750374232233,0.913638075497,0.701999423504,0.126828586571,3.44009090587,0.43856473688,0.373586366698,0.0335371517017,0.557426659651,0.161583229229,2.54715276361,0.990077874064,0.125206140578,0.490857451558,0.191902283207,0.87747958594,1.7451046069,1.00886584103,0.835609499812,1.41495637447,0.0844370982796,0.105160834938,0.187842652751,0.429390316755,0.944009358953,0.447787725712,1.10923978897,1.68396107823,0.439302846529,1.80378550638,0.891704847217,0.116684732549,0.192897029743,0.280157276988,1.58725531578,1.27744818226,0.300105404407,0.199700719286,0.754298770279,1.40157916546,0.14500534758,4.01223083019,1.74365486026,4.64616381407,0.191593092531,0.978510105163,3.38432832181,0.101056228876,0.838705158234,0.304196638986,0.017645101957,1.08137902282,1.27710850909,0.250968105644,0.373451593518,1.13107058391,1.47086656988,0.0489775061607,0.303064389303,1.84054696456,0.936398914605,0.561048250645,2.99042069465,2.7346748805,0.0174130260944,0.72161642611,0.623591912836,3.43176558733,0.167447658144,0.525853241648,3.4899258852,0.878191118855,0.0189466001093,2.63454223394,0.767679127008,0.0991300756484,1.85670435719,5.37941325665,0.363936349051,0.954184543937,0.0105986423511,0.278896147585,1.07755779445,0.37179372102,1.11616942018,0.899462423325,0.234800136862,0.0557738345675,0.126073269136,0.00527203798294,1.96173339427,2.18031971067,1.26895584404,0.38819771558,0.53391610682,1.74998973995,1.45709438272,0.171958501954,0.578535768688,1.9420726788,0.845283186361,0.191740639657,0.0718958877027,0.682548674643,3.93507085055,0.739447168186,0.220119248508,4.90235275149,3.54080830097,2.68885674112,1.67740825444,0.362383043468,0.444080736637,0.490497247577,0.103800382544,0.693059898615,1.28229225181,0.00295622140169,0.041106361486,0.989051479846,1.8633143515,1.17475147054,0.720471968651,0.0511904610321,1.1606686911,1.82192462981,0.151646167785,2.5781811893,0.0611237335205,0.346175220786,3.5020716092,1.08782465875,1.1548889944,1.61463043392,0.435261440277,0.216039746674,0.0543470584974,1.90785542427,3.17844702005,0.98091020707,0.662562435269,0.434667990729,2.66811072111,2.68453236282,0.819632142626,0.472563730627,0.837462950349,0.473110103235,1.82066425323,0.0607843625546,0.565945965368,0.968928999305,1.84060131729,1.32603808433,0.289250268638,0.88349045366,3.95200451136,0.621689745542,3.22181561708,0.192158807777,0.136085145865,0.0348582075583,1.02775717139,2.0583911705,0.628757333159,0.169047294613,0.844729249105,1.73612688709,1.65363274932,0.109690993316,0.235570820719,0.678172799647,0.344091520905,1.17070950083,3.75364356041,1.76213609418,0.110188474953,0.0680855246261,0.206239491061,0.636863141656,1.80219213814,0.372099831402,0.871890390515,0.0332944604009,0.398765450083,3.17507776648,0.0969022692367,0.868495103419,0.243992045522,0.258205865175,3.87305752039,1.39000581264,2.01399316713,2.04552106008,0.389103879035,0.223619227316,0.102874945998,1.48788121194,0.714130377285,0.000796521268785,0.0781095454097,0.430614643358,0.0915617688,0.327115602344,0.336254744865,5.78124873161,2.34769325197,0.560019259825,1.89466617644,0.0770918531716,0.403322475925,3.64824280977,2.10795125909,0.294811420478,0.557912689745,0.724095275197,3.86799016297,0.999425917938,1.48103451729,0.616033510864,1.12364965282,0.647804383673,0.683468200965,1.41915112376,0.698800047338,0.0143090150878,1.36339011252,0.614392918944,0.91091241464,1.18641911844,1.49688162506,0.805518941432,0.0681481401995,0.587712945417,0.211790185031,1.95161099792,0.505092000552,0.191907399781,2.30543192327,2.95173622251,0.661268306822,1.80261624813,0.752625164986,0.587596068569,3.25919760704,0.564205980524,0.0395630356669,1.96968050063,0.478588158861,0.312671471089,0.0663585836813,1.08551723767,3.31005886257,1.11193249926,1.00320001215,3.29440883875,2.57666606188,0.546021496952,0.759989207834,1.04930764079,3.47123926997,0.13585012218,0.888377665076,0.0619099783897,3.41118737578,0.0372451705486,1.514055444,0.343677648678,0.667348743975,2.5290876615,0.192757372223,5.13192517042,1.40823011726,0.436662518699,0.048275423944,0.311296054169,0.358019776344,0.773002087325,0.0787670116872,2.2361786145,1.32789956175,0.400420181304,1.69451779008,0.970604876801,2.15033247828,2.92192958668,3.6936025903,2.4463888371,0.0224252341688,1.43575658694,0.406995991841,0.418152672388,0.101744294763,0.711475463063,0.117199327499,0.0764859755337,0.565278240042,1.21684908628,0.275853103176,0.636517715752,3.00214195818,0.195922347009,0.813028850928,0.0867675465826,2.35457721949,0.824548480362,0.135140141174,4.21288689047,2.32762349367,3.89045894384,1.16995194376,0.604519776795,0.20491368711,0.586890286077,0.163248999435,1.09109592453,1.06977960749,0.0798864922207,0.644389356186,0.580131114959,0.507313237935,0.0252163975686,0.661829563142,1.04101060482,0.177009870466,0.641965404691,0.486468718415,2.10370773114,0.878086909503,0.0158881064132,1.56906230718,1.32204957545,0.342492714953,0.468656290397,0.198524266481,0.534320555925,0.322168133121,0.210524180904,1.01737942994,0.430146323312,0.0672036061902,1.43572509646,3.07690347195,0.598803893118,0.788183678826,0.0762697096542,1.50898169618,0.578710432202,0.0910495218821,1.0842430298,0.155546553805,1.03629684487,0.274656448066,0.540540686734,0.616746322364,1.07342717901,0.492723892704,0.348694700599,1.26408614457,0.0707269793935,0.16173900567,0.173961992748,0.0606354152411,0.191252866015,0.0247408303618,0.920868666768,1.0554433465,0.456539659314,0.319870907404,2.63824503161,0.773610818237,0.87066459626,0.394693767056,0.273894469496,0.423776915222,0.120069365818,0.0839972485532,1.31104322972,0.935180734098,0.0287152451277,0.0744931183755,0.948237226903,0.353358402625,0.752903632335,0.356425516177,0.0396538860165,0.416306812149,0.199690240603,0.0517085468769,1.35096770495,1.56090560138,0.264035115764,0.357454282716,0.171088194251,1.61299101874,1.84376843452,0.381112090237,2.44774667472,1.53554146141,1.01248412669,0.509046868235,0.329646373726,0.163253347464,0.689893444479,0.443669788984,0.349577174447,0.0228500898927,0.994805561453,1.5688646902,0.322171690315,0.0569488229975,0.0949209232721,0.300789360479,0.446693357816,1.11918738082,0.148288463205,1.17251913786,0.621351097375,1.15240129858,0.253693894893,0.951829214022,0.250847728401,0.0423019808531,0.244805461448,0.524702276066,0.884490990173,2.85280466259,0.362279119715,0.526455463469,0.361234202557,0.0987164139748,0.0432245588303,0.265794040114,1.67452380362,0.396907472629,1.12204322368,0.881023711191,0.0125506860018,0.0107264061086,0.371433691755,0.99701670073,0.30117756024,0.461949471682,0.527285839692,0.380823683143,1.51173055351,0.188484103717,0.762695677429,0.149459255487,0.0938698172569,2.22156439677,0.074291559346,0.285568346828,0.176892909976,0.191068027057,2.54806487978,1.37605281681,0.190528177395,1.13086563915,0.114234428108,0.517999384515,0.334708969854,0.382361825034,2.2834731102,0.130898191258,0.474275046308,0.639191062152,1.67551034838,0.11780662613,0.913100803867,1.36362918388,0.914126053937,0.616580630466,0.380491134352,0.118938467968,3.20573810458,0.842017538548,0.402687728293,0.0543224594509,0.16747913111,0.454395170342,0.231606462896,3.40003958941,1.12620501356,0.0553859290481,0.111303814482,0.689067513272,0.49917522165,0.729759539086,0.0950043746829,1.79320251346,0.127886316292,1.17206396248,0.0655350062437,0.104112782031,0.26812649163,0.229671964571,0.143933799453,0.0988042268716,0.301818118691,1.49762198299,0.50915741995,1.03066022605,0.154282465428,0.149878704026,2.27760470167,0.282633756846,0.420623708628,0.560909281336,0.301288457066,0.658851763792,2.53216118515,0.539449963458,0.321924538389,0.330332787167,0.352295002826,0.434014719501,0.00546389758587,0.456715064766,0.681993890777,0.0158342695236,0.128430799395,0.711610456705,0.499562481511,0.229472439438,0.613802305423,0.931060285345,0.127303143619,1.27931622537,0.439592227936,0.898167244308,0.0264389256435,0.289012926742,0.246883632056,0.44847069893,0.0140055596828,0.784809480906,1.24347911131,0.228529141918,0.239937001094,0.01540942505,0.173677860573,0.290542836115,0.001066955477,0.494941066466,1.28766043559,0.629360890836,0.824697260149,0.430328658968,0.946381693855,0.725605719462,0.290291796066,0.15372787863,0.543120717555,1.14961237816,0.354017847776,1.46899051607,0.0299195764679,1.03954031939,0.83880235374,0.233636060506,0.26757395383,0.197844133377,1.55531221401,0.744885536581,0.11602400654,1.99391661167,1.77198141776,0.217130195498,0.273073021546,0.179478332587,0.123927273788,0.191334119141,0.0547962186672,0.0734137880802,0.0628433276806,0.142589673996,0.103521042466,0.244592673234,0.135293258354,0.370766433161,1.26844456754,0.187600027397,1.46513045919,0.965956141651,0.268511909707,1.56081911564,0.942127953693,1.41688848227,1.20817745492,0.369963409249,0.495191952735,1.08544302881,0.351565622091,0.403027261868,0.0587912684679,0.218477459699,0.355318265283,0.657178212106,1.16009694732,0.249771652166,0.141729802564,0.121843940336,0.83749881845,0.67957908079,0.487400042508,1.06336655937,1.43198248841,0.240123547167,0.920501123965,0.308599497378,0.0749586135257,0.490124238306,0.301309157964,1.38366215482,2.29196674265,0.0547784887999,0.172406489253,0.0985207323823,0.0879164227098,0.878664506264,1.25168683231,1.12239610612,0.155729164779,1.20396976702,0.799575179312,0.894510819912,0.613119138926,2.76631605476,3.39828682184,0.270891191885,1.17384510696,1.26805084761,0.309321571334,0.830204138532,0.128576745916,0.660855110213,0.103127070703,1.00755620785,0.107333129831,0.167249027044,0.0846264570765,1.43666165471,1.26191661384,0.2741582295,1.02141363934,0.0753587848693,0.029208979127,0.427708519022,0.495969190618,0.0,0.272615505904,0.00663609854877,0.217318058796,0.0693276393414,1.82899824999,1.32725125954,0.165327757974,0.166354546547,1.12857436776,0.568952697143,0.495354460925,0.0224473120738,1.01892494529,0.367883903384,0.402651576139,0.443272682643,0.497051108722,0.521505696764,2.22164186835,0.950568645503,0.0612757330388,0.49324002631,0.0996605525166,1.79822450697,1.41936999038,0.0555551911052,0.377870679725,0.974056200332,0.374188048355,0.113754016832,0.199201507792,0.945713969544,0.173340071589,1.73883200765,0.729810590744,0.0692961911485,3.51931534648,2.51787536711,1.27778083656,1.19187198788,0.0299004629254,0.454095176449,0.31611979045,0.331553349607,0.128687959926,0.0309106910601,1.80731516302,0.779561002962,0.774342841562,1.51023548663,0.190245956667,0.687579205837,0.145140135549,0.118308380675,0.699010298848,0.398086926304,0.5853135873,0.434339047207,0.548288134672,2.20002727211,0.968830930479,1.4459445256,0.0506369705498,0.154044646947,0.171829674244,0.276128129717,0.922810545117,0.402122549061,0.115810241997,1.07700437695,0.105015515098,0.298951021135,1.33324149713,0.0211926263571,0.543294528704,0.0362065039109,0.551891712099,0.109073776305,0.0894836176885,0.608992605507,0.476719133332,0.175322553776,0.498605832458,0.899248759076,1.65364968181,2.24452416789,0.894457949996,0.802813325524,1.86017232746,0.690951089673,0.509463858539,0.82694495067,0.395601654369,0.18060560097,0.852699459232,0.570487626507,0.216944660116,0.666836966053,0.532738957759,0.0484427915839,0.55479515668,2.01897918463,0.705426266417,0.790004601814,0.0802833849564,0.593709013015,0.0452608167659,0.0493349810224,0.645449544396,0.419266407043,0.0842524535209,0.205295636524,1.3303911157,0.019199597165,0.373481815904,0.148584660254,0.0309153051302,0.532041728289,0.390301890299,0.522774996385,0.319322397988,0.0276171799004,0.0725268306397,0.597715881573,0.529790472388,0.361928505376,0.53929060651,0.110590210054,0.889501928836,0.535035674954,0.129920267961,1.99420531876,0.00893335238099,0.0774387424812,0.225806611367,0.202579649901,2.39656028748,0.207349615997,0.571809121924,0.150933188815,0.4229587253,0.428424232304,0.385863361757,1.1056749332,0.0666022343282,0.262422382385,0.0353882178664,0.66306210883,0.587018108666,1.30569190025,0.148115141988,1.01055127718,0.0869938206673,1.18349911341,0.538036510935,0.061756151421,0.415170534728,0.910488084406,1.57177949652,0.495254174173,0.111226681927,0.547245932072,0.5706446794,1.09327622049,0.707285197899,0.0460603106022,0.0012828219682,0.151062385291,0.0978042439301,0.278142080009,0.235654150518,0.0127654092759,1.16931662172,0.32575582128,0.184867830649,0.0119254837185,0.111432764232,0.288214058354,0.061493127048,2.76006059105,0.372232414056,0.147946897103,1.1685514125,0.912518142015,1.29500104712,0.0813888248801,0.709689664841,0.159096014053,0.167962042354,0.700404460076,0.549029246606,0.43124526846,0.268487437032,0.227118587233,0.974473700225,0.111058011185,0.273579053637,0.603669728264,2.3619593966,0.656167837027,0.684239812493,1.44279058535,0.885364773655,1.79786172718,1.52930512831,0.270813446194,0.0153100838512,2.3994463563,0.499663679302,0.108696149327,0.0309667233378,0.163916361853,0.251713847311,0.84204264597,0.045053242743,1.47533058196,0.126507368982,0.314398809373,0.118038807139,0.605599950999,0.403275942206,0.506323172897,0.748558194265,0.169235454202,0.379320644652,1.81346545161,1.17531845821,0.0349099549651,0.379421654046,1.46428762376,1.2666699934,0.444481832013,0.567726039886,0.00319261871278,0.989034758061,0.357698359266,0.0205904665776,3.19035228878,0.0676440822333,1.33646302167,2.93803016603,0.999446589649,0.028800277207,0.164680986078,0.0394153146446,0.823599765599,1.88238645911,0.0622123861208,1.14941566914,0.173847109824,0.44929709956,1.78936453462,0.00721696555614,0.641095139347,0.00983197644353,0.140534009021,1.12195970163,0.376942685321,0.0107927042246,0.205674956851,0.145714145862,3.21939973516,0.0262913498282,0.688975773193,0.0655427266657,0.848031864064,0.113770201206,1.28939357396,0.888100553751,1.26326638617,0.12810690552,0.970364031643,0.155948621333,2.82749081478,0.325138829052,2.02290517522,0.221978835985,0.0118797300011,3.65966546893,1.09751912982,1.68907614376,0.127816037536,0.000619975887239,0.202504013851,0.244204617562,0.020441278331,0.0816830562055,0.359599021599,1.14801321664,0.0027628326416,0.472748691365,1.9285446316,0.0654292283207,3.56982941061,0.0459983623028,0.00652577936649,1.48158236623,0.661634133905,0.592446314692,0.12349854853,1.32926986732,0.133657889366,0.130348595232,0.837379126102,0.342712500989,0.023646171093,0.0822128646309,0.268736670387,0.0321709156036,0.326861620843,3.18113317966,0.000717959478498,0.169391272552,1.91395877847,0.127536842525,0.00142285838723,0.0184025764465,0.364643447548,0.274137258139,0.0887867803127,3.51911666803e-05,0.296447975282,0.0664604718331,1.7838219142,0.0686068256944,1.07134877294,0.908692975696,0.0,0.0169789279997,0.7652296336,0.32291207578,0.0572447820008
15,0.807741708532,0.630379793746,0.274518575892,0.180642136559,4.58476039886,0.102796782851,0.55230546087,0.184116998762,1.36951338708,0.403225704953,0.568062629104,0.167506515682,0.429929279536,0.242000822895,1.02699043334,1.26067714304,0.2482884112,0.3498945692,0.237078457996,0.173598740175,1.13914291769,0.0696483164281,1.28789392121,0.0549950859603,0.0361108188005,0.0621587440372,0.381276554135,0.195518141612,0.942538789958,0.228238193803,3.35372837543,0.291491729319,0.293453514157,0.0476727354527,0.221378203146,0.0289453588381,0.206629630476,0.235803258531,0.152380920043,0.383841908462,0.402165196836,0.0830957776308,0.162833748171,0.293173788972,0.15829887867,0.279179995507,2.51364993095,0.453796393201,0.0580657374114,1.02800348312,0.172098507052,0.819634408057,1.11966009527,0.0681787657924,0.284081013054,0.306721818894,1.69375035524,0.131628366113,2.07791375607,2.04680240981,0.350782287335,0.287767477445,0.167449293137,0.835595756248,0.145260464624,0.918344940841,0.534433730841,0.0393113614433,1.16137054287,1.51815057158,0.334345752485,0.344043239206,0.189008206665,0.316444618758,0.026496489495,1.84863084793,0.0315988533571,1.11471873105,0.134363935813,0.124989463685,0.112019331008,0.0967707614228,0.122519216239,0.218831002004,0.283828030229,0.043218215052,0.152568101629,0.479422627687,0.0204297816753,0.269919733405,0.00191391542554,0.0813016634434,0.451645596921,0.349803811014,0.784507733583,1.38262432903,0.0823279534467,0.99349423483,0.0125678569032,0.374880890846,0.59900635913,0.381171924752,1.07155752126,0.0652583251894,1.10274289288,0.0,0.514293751046,0.436926759343,0.279350447692,0.143301712275,0.00906075045466,5.43925822258,0.0843965554889,0.0538911348581,0.93144298926,0.525216119901,0.0120940925181,0.200281235594,0.357552563371,0.0442100952566,0.243119625747,0.102716100514,1.11689941831,0.715216053799,0.180681150295,0.475714396723,1.7235820742,0.268549971953,0.207599254921,0.032291566357,0.371463643312,1.36729027245,0.342214380261,0.723312354386,0.387759601027,0.627350008637,0.828086088002,0.245488871485,0.719702262133,2.41899160234,2.21836715341,2.31115597606,0.0585693791509,0.0989111553039,0.210299050054,0.117699858546,0.430917320848,0.212347498555,0.742761191353,5.27111042976,0.221352470024,0.101607491486,0.00571881347336,0.290787885264,1.34118028559,0.353654734029,0.194537077472,0.0215200529248,0.39202814918,0.0890693036467,1.65222363591,0.409940781835,2.64194490731,0.369006191343,0.457796903867,1.40993390992,0.547247149538,0.11988878407,0.45538863834,0.0441634838283,0.124730877578,0.0396523693763,0.218777608015,0.208289536741,1.24469838224,0.812642015498,1.67202930897,0.104505387247,0.18797704611,0.366580091342,0.640964769572,0.602813567892,0.816708504409,0.0621988930088,0.306376218796,0.0526384389773,0.285436257273,0.0386963352934,0.00622619532049,1.03382233068,0.0379329995438,0.212890393399,1.12651948988,0.608392942622,0.0645832730085,0.25907064531,3.52432360224,7.50870313644,0.158643896878,0.258643777929,0.0361529631168,0.396155768207,0.0940763565525,0.742985466109,0.247566772923,0.108562227339,0.0914704673737,1.82015214235,0.536004845463,0.421307118051,0.672112620994,0.240134339258,0.639122420773,0.148195740134,1.11231429264,0.550099969804,0.197975724116,0.577334642038,0.00917617961764,0.651473373771,0.486238691807,0.192163745314,0.712430650964,0.244573098258,0.529831230044,2.66729274958,0.644152947292,0.0957361420058,1.39643938005,2.06427136827,2.69629971053,0.300031450056,0.891963088512,0.00629855290055,0.0650918455422,0.0342396375909,0.594021542072,0.066041843202,0.666441814005,0.422237964999,0.186510948539,0.0356414898112,0.348706263367,0.208418520577,0.0299578118231,0.188998563439,1.90823334575,0.297806681618,0.278593528252,1.846678316,0.786466745734,0.544496058449,1.69912347794,0.494461978143,2.34538774163,0.0595733057894,1.39152189136,0.176151027046,0.0255551169068,0.275136853922,2.60567086756,2.29913260698,0.594635145441,0.424563927323,0.265129679069,0.443393704146,0.0317738626897,0.0341084721684,0.471503013074,0.726394837946,0.454496873133,3.20299035549,1.23255066817,0.108858536389,0.030092270067,0.0114436225593,0.490199325532,0.0157811927795,0.671267781407,0.243589073205,0.871722377837,0.884409599304,0.898020718694,0.0843777671456,0.15162978258,2.25459405318,0.16581812392,0.0,0.521689053681,0.0394737217575,0.148768324871,0.175102314427,0.941029026218,0.177251980547,1.74780889288,0.0335880275443,0.848591783196,0.114980872087,1.36120686159,1.04581719458,1.63659694195,0.251907483097,1.25392655887,4.60357318878,0.0104546615481,0.592082594931,0.102723146081,0.430461915955,0.176435623802,0.943202408254,3.14859939218,0.0870584277809,1.25182134688,0.651358700693,0.250345478624,0.176676041214,0.0994100185484,0.111713883802,0.531748936065,2.01802908301,0.525891031623,0.128760806769,0.111913419142,1.72310654745,2.0582533586,0.405994034708,0.0724794602394,0.0902053876966,0.168993883282,0.0295783348382,0.156910851225,0.629732397757,0.072901917845,0.524530136026,0.403219643272,1.15404731333,0.215861628205,0.336109195873,1.24672157288,0.109756530188,1.6442589201,0.12883790344,0.28988367416,0.715631034821,0.793913815618,0.353461230174,0.407870547473,0.577460595965,0.0295918180048,4.65553348541,0.166861754764,0.403315672651,0.196735370659,0.0672816903889,0.551136399917,0.23658210028,0.310119293872,0.511025463883,0.259470580965,0.664765119776,0.318228171691,0.366039430303,0.0760558544844,0.306111434624,2.29707508206,0.26639952004,0.579005321413,0.620327012381,1.03619071808,0.0948689904809,0.0805298543954,0.371486938782,0.213436945379,0.106201462746,0.05502779603,0.878156969976,0.281598810554,0.394751531556,0.307059590127,1.6098766011,0.701050092578,0.450886751562,0.378566797432,2.40442551374,0.675113075301,1.55312292784,0.0313471193647,1.01505568027,0.240651295781,0.278648210876,0.230676511675,0.814804027118,0.0766077060997,0.808381198477,1.8245798707,1.00915888986,0.390412877649,0.128437733911,0.743543379642,2.14643452018,0.104836038612,0.0148462482542,0.193002753295,0.437045167126,0.618842095733,0.160546003617,0.480746983811,0.877844765037,0.369465217907,0.166200231374,0.642704707384,0.0989620871656,0.129234191328,0.371631668545,0.182520843651,0.324203822119,0.573392766807,0.187518687844,1.44058883995,0.5199198048,0.158346432298,0.225888689533,0.463413539249,0.0242420087755,0.584704200774,0.100513000302,0.0250425424241,0.383899307549,0.2737127259,0.0774670941755,0.389995874614,0.206660683267,0.14208225267,0.494355275854,6.87900837511e-05,0.384123879296,0.187797091007,0.274641430862,4.66334344387,0.345623066928,1.20676047191,0.0289740792289,0.123810470037,0.106027856767,0.310868265056,0.340529472698,0.349218344204,0.127293196819,0.767226280943,0.99556959942,0.12987621177,0.105759822018,0.0764132854342,0.832702956945,0.511215128861,0.385377670974,0.212456856566,0.107984977849,0.555288540008,0.871024915278,0.246105617506,0.651491154265,0.77164052222,0.110567679442,0.365663325265,0.0502160877455,0.617471686639,1.66520082295,0.56033790797,0.587535611154,0.128374638604,0.327494223937,0.152716092505,0.24972181947,0.866456031501,1.46925477721,0.335668027177,0.425285584787,0.0,0.0448409318924,0.355509767951,1.26279675275,0.492937898291,0.297696414436,0.248580848426,0.289386812486,1.75237478554,0.13014607802,0.39497510545,0.0491640646546,0.0721375715733,0.213832441787,0.00258714206517,1.24117774636,0.427530275136,0.442840377204,0.528925943002,0.388887508437,0.154693760891,0.660675313175,0.127368311174,0.183898874354,0.258531108666,0.985930830911,0.167611081563,0.160322179869,0.95706299847,0.275811687885,0.34213521176,0.401432481781,0.465282991044,1.07638956625,0.283852135986,0.0470383743942,0.302369110119,0.199116448313,0.167634271802,0.908412872255,0.302098742197,0.0147524738312,0.326240530284,0.114630907539,0.0826728412323,1.27950840771,0.148148766477,0.104006922245,0.100500911679,0.504715563171,0.218502801284,0.118631937541,0.194035041872,0.390736605488,0.220364072993,0.969954568222,0.298487321399,0.262322223596,0.128175427951,0.625657397024,0.217719736062,0.0464690674562,0.16067605665,0.0911512953695,1.46018869296,3.40602203369,0.518322601616,0.260998968622,2.11054960638,0.263503192738,0.364549203236,0.414567602724,0.407770038377,0.642259983197,0.35562545348,0.522503903881,0.285532367937,0.13516964714,0.807219495634,1.17156002268,0.0684329325706,0.341779030748,0.556144641936,0.192972669164,0.700113025606,0.208237594217,0.57851260379,0.224801182188,0.531997972056,0.462670745701,0.354254615977,0.495256031845,0.421655455232,1.0356604911,0.217170382738,0.4960453144,0.693297205269,0.754840523805,0.0,0.03684694767,0.277124290199,0.124548949115,0.12967459593,0.0609010825306,0.105547132008,0.279880017992,0.0477474422753,0.869784516087,1.1584804459,0.29833101009,0.390050048269,0.348806483597,0.312940478176,0.444025808228,0.0989332205057,0.236489860117,0.358744928176,0.487135157287,0.227734127045,0.249032092504,0.119340355545,1.33334396422,0.141856402755,0.607355580702,1.00251743579,0.445130287326,0.495062095746,0.440044463016,0.126341702323,0.403833494149,0.0620273472741,0.342254683226,0.287823904827,0.067079180479,0.274129599258,0.603263783483,0.147068317872,0.361126719881,0.247760533066,0.510040182397,0.0786823491147,1.0502845487,0.19771620892,0.33398908658,0.221338432617,0.10575139543,0.251838739887,0.914941220917,0.1479489436,0.414747764822,1.23902531341,0.936636035591,0.520987828914,0.519217659459,0.383047395423,0.3783332715,1.1193613404,1.08747738488,0.0102617666125,1.59471131712,0.339204476401,0.819889683574,0.265154188201,0.754474895522,0.24562204726,0.372672331519,0.308425025605,0.316124376189,1.12487043675,0.462652112462,0.401743618902,0.505719305277,0.365272508934,0.0802479232848,0.325210505752,0.205636319108,0.535002627894,0.118525730446,0.416134667303,0.012353913188,0.379079793934,0.0,0.189989191405,1.35413793355,0.815692746043,0.176711262912,0.643055527806,0.395737336315,0.233800666237,1.26033428505,0.466936785523,0.820299277008,3.15161565212,0.30893150853,0.928587293169,0.256815590709,0.157074791193,0.183552490473,0.11898386851,0.401883716919,0.70416478144,0.474814577885,0.173263285384,0.0109138661623,0.533429955654,0.363802466011,0.0291704536602,0.104687673133,0.185962597351,0.441144278497,0.580291989022,0.208270981284,0.213384201378,0.0,0.296836287432,0.047193416357,0.56473395694,0.217216848088,0.618294121809,0.809674182907,0.218210218921,0.703380015707,0.567172654718,0.509745838195,0.414990441948,0.32974565655,0.236324346489,0.0865885001747,0.0122200619569,0.714277318344,0.378611588827,0.179745594282,0.28371715771,0.25690099163,0.265605669431,0.637282058718,0.865663383603,1.57135325611,0.60423312068,0.399934223797,0.0835461200774,1.20681009704,0.164398763194,0.0346713051572,1.1388875562,0.787678214945,0.462473628409,1.2006225343,0.168611693457,0.139132100195,0.238616355173,0.628246074468,0.47270267725,0.571465550028,0.0134405225888,0.18127707243,0.187795054641,0.262687779348,0.163491160842,0.338333129762,0.0781169010233,0.715981639456,0.303212079466,0.596268648021,0.597388624167,0.29862277614,0.512464964688,0.255212366342,0.477000085537,0.428658029102,0.20154510729,0.110137769878,0.25432690872,1.00903840572,0.998217664957,0.27331428431,0.0309792561457,0.15852917783,0.00684819422662,0.31840304222,1.13213837948,1.17786032733,0.858539448101,0.70005453568,0.0994720472582,0.0681135753542,0.219517907463,0.0228546619415,0.522936080955,0.0738273182302,0.393600217681,0.19886177727,0.048268860057,0.266273285653,0.476274455544,0.0737526070327,0.0210608127713,0.832952077221,0.456550276726,1.14670393061,0.782049416453,0.552105009705,0.299361534687,0.886682825955,0.666638571918,0.465855779313,0.503263299568,0.0727956420928,0.383335209265,1.27528287835,0.25631284073,0.325939475875,0.0929799821973,0.350252838992,0.351540911868,0.341230335934,0.16794272095,0.144997110367,0.712608802021,0.179462901903,0.114945108593,0.113223912865,0.344308148101,0.814158506095,0.213529966865,0.220514143407,0.643628668115,0.182033927441,0.416834959453,0.887052449137,0.276740568308,0.392013452351,0.108631973993,0.660735628307,1.2969123619,0.115654641222,0.332964657769,0.41366147317,0.0850472118985,0.821491236761,0.177086581215,0.182929868922,0.166121221185,0.155065721601,0.0271552858967,0.193136491477,0.0101427284908,0.285053174049,0.710392035618,0.151313072778,0.907848502249,0.183262260109,0.455349861202,0.171641923147,0.0899087660015,0.256857702164,0.873112836331,0.83466436252,0.24559039426,0.961698325202,0.0965255668759,0.589379118741,0.631136895351,1.0956148646,0.169090976547,0.0478766344301,0.0894759979844,0.667180794331,0.371469300315,0.0824328156747,0.337317798361,0.791798063368,0.540099450052,0.0642900796793,0.117120086662,0.0641243670229,0.649707114547,0.872213720679,0.0933798986115,0.037310651429,0.0390323115885,0.164831590699,0.207156285867,0.107633623309,0.358317470164,0.0882363124192,0.305548835006,0.269767914154,0.283106050938,0.0447427467164,0.0737967570126,0.166273500511,0.100124180466,0.205439354759,0.359206139287,0.134868905905,0.500478744805,0.816706975764,0.388624671549,0.0497896337509,0.0553611530375,0.104347612485,0.60888646774,0.408419282218,0.524902340854,0.432107635839,0.0488278702646,0.0792444170942,0.210197704248,0.0419946454465,0.741873413473,0.622673861068,0.606965197586,1.38401326567,0.555802928656,1.25075275406,0.426475047171,1.06403387649,0.0110635557771,0.127304337174,0.567110124826,2.14660082813,0.0769947043061,1.11283951182,0.0509439757466,1.8589648968,0.21638566345,2.66482711144,0.192162418552,0.226506147236,1.04098104276,0.303996748775,0.718463453948,0.275260077342,0.301063059717,0.0209858752473,0.467351737395,0.0,0.627397243828,0.956383706778,0.0913699104451,1.24330560386,0.196492550075,1.92594154269,0.106934187016,0.302061946988,4.97894074082,0.126995272413,0.00208858564496,0.170126518309,0.108398215473,2.24388175011,0.031884483844,0.0667096075416,0.926036460698,1.75299045563,0.120421248451,1.11412058497,0.280910770632,0.0168808831484,0.555420830017,0.387016187459,0.00413662046194,0.266877118647,0.536295877027,0.13121550791,0.0357694996148,0.174250275493,0.364630601928,1.246586712,0.251355824638,0.10532858301,0.00994407489896,0.0397093368322,0.055942158075,0.267308428623,0.0238771015406,0.331854536869,0.222719556391,0.781560645364,0.544247579463,0.514994840566,0.562593334764,0.0890728381276,1.16584755741,0.390012772828,0.31879270304,0.171112248078,0.244235557467,0.248759016991,0.725648582876,0.15284646878,0.892236653715,0.123962988555,0.876621241868,0.340390318036,0.0808048653603,0.360605511665,0.505072190785,0.251170861498,0.822493468029,0.250096170492,0.121042338219,0.12257219702,1.10110678673,1.3882839351,0.1254867585,0.171530932114,0.370881468728,0.493493808657,0.105659447461,0.474864101261,0.297648009844,1.02269609787,0.222669357657,0.174870628454,0.0252169808745,0.740924795717,0.0751090934873,0.216874597371,0.31153803695,1.54614815149,0.334393913932,1.93883462369,0.507161177397,0.14957991749,0.441819708124,0.0951966133714,0.0681343731284,0.0633650146797,0.141643897134,0.270362752564,0.869331842661,0.454066156242,0.0200959467888,0.0693518339097,0.551752967685,0.507150842207,0.149014032185,0.807789681852,0.972693009973,0.0,0.370901851766,0.240882789008,0.455130411219,0.320425066799
16,0.204917246103,0.646918345988,0.689775028229,1.626047621,0.816673991941,0.19665705082,3.46818425454,0.170378968753,0.0564976862073,2.17658557892,0.316144455969,1.35854922773,0.0894937486202,1.78640485005,0.273881496005,0.940823551118,3.30220475864,0.418533646539,0.561729986444,4.91248237163,0.317806512006,0.26642526418,0.196229907572,0.0277388983965,0.0501334616542,0.0977807070501,0.0520071871486,0.131515813209,2.09307786196,1.9709293288,2.52233106852,0.467448302843,2.09156274825,0.0323227976635,0.831236588433,0.00314661614597,0.526912926286,1.7769359538,0.0569481628202,0.494916058928,0.278427532278,0.112115961631,0.741039015064,0.842385045886,0.0124167457968,2.52175418459,0.529356853552,0.556073988974,0.00495090121403,0.652256094962,0.114698746689,2.21606452942,1.64060086735,0.0739662553277,0.385913891792,0.486163222268,0.1505412082,0.749520074725,1.33594111383,0.626317112148,1.1544258821,0.164278454948,0.0427262628078,0.236190563738,0.161646231264,0.439451620281,0.234560433198,0.694691022038,1.83265771866,0.311676492169,2.34613191485,1.25699182194,0.0645007136464,0.393169605359,0.268870022148,1.34263325663,0.640130541548,0.578923270106,0.301729284674,0.231414659368,1.26680642277,0.210243729074,2.91644569159,2.16566141039,5.52145131379,0.282604367286,0.40443555139,4.48279341221,0.0674612262845,0.859806536436,0.218769532358,0.0304927889258,0.42607518293,1.52715511322,0.14695597019,0.245702089146,0.424134593923,2.28162640691,0.0889550140314,0.274242312014,0.927955830395,1.17605440617,0.22150726968,1.75623533772,1.22580243826,0.0,0.395905971564,0.852990291119,2.70123412609,0.238791155219,0.384009731788,2.82305203915,0.674877297133,0.104701388739,1.76147681475,1.62582236528,0.00708662077785,2.2633565855,5.22776696682,0.362215731591,0.106934270635,0.0366684579011,0.460409264416,1.3798929888,0.912266777232,1.68486890078,1.11774440527,0.214944716357,0.0346052776091,0.48958797954,0.0116767388582,1.41234787583,2.989474594,1.57955281436,0.390496939532,0.723960916465,1.558510741,0.56811836049,0.235927563079,0.595636814833,3.14842971802,0.550378662646,0.0543029119819,0.0939898984134,0.0637165290117,3.45951133013,1.74945883438,0.0205219821632,4.23436527908,2.60965843678,1.08101758733,1.98611400604,0.191183757242,0.287904813997,0.257726801764,0.0582344728708,0.288453337923,1.71907749474,0.0323272723705,0.0840764686465,0.812016099393,0.542450885698,1.05343332354,0.387899077088,0.0528250486404,1.66487179242,0.906218010336,0.0869801514316,1.89208213806,0.193602495641,0.456056506932,4.94465878963,0.187268708944,2.01043649206,1.27819170602,0.242863402441,0.415457363725,0.224573274627,1.08818719782,3.04142841697,0.290168435499,0.445161385164,0.789043909013,1.47636495292,0.921415397907,1.02693277523,0.476579240412,1.08165184155,1.11304197639,0.793914660811,0.0636117604375,0.210616876949,1.40759364247,0.933242594018,3.15865656257,0.12729679639,1.01031445295,3.68280281544,0.130956745334,1.29795690876,0.067362042584,0.0831266757846,0.0358790121228,0.966823015213,1.13167461544,0.822036848962,0.370003300731,0.653500974998,0.809795722738,1.87309067426,0.161990926107,0.319378186353,0.368608604744,0.854949118197,1.1846019832,2.1523326838,2.5045107162,0.121559953988,0.010262475796,0.591785239279,0.224926275802,2.20581621408,0.331626499388,0.362370888889,0.0319951564074,0.49001334995,2.61300124645,0.00767900859937,1.03994704127,0.332203877252,0.594080325365,3.51056355715,0.929219626058,2.04492434025,0.545069588795,0.215642059073,0.33677112747,0.0573012082605,0.74142418094,0.686759061515,0.00108617782593,0.0788167463196,0.101889212169,0.0790947163105,0.41781280336,1.04032129616,5.93299622536,1.54063541949,0.72604049027,1.25949678332,0.232036794722,0.0552211448364,2.00591640592,1.46835205734,0.455527892113,1.21512913078,0.427142882273,4.55466988325,0.42070249334,0.878555969596,1.09063133925,0.836880323887,0.268917508274,1.28365473971,1.64587452948,0.449726397693,0.0392808918096,3.14111783981,0.240728185363,0.540653411597,1.57241312385,0.821694366038,0.743803912587,0.0330885141715,0.453121199198,0.0313403677754,2.847939533,0.218086268157,0.227691833526,2.26730826914,2.61509317636,0.807817728035,2.12805340052,1.29188312352,0.122014460266,2.28458910088,0.198571768571,0.0331241098046,1.94638388753,0.0816195897013,0.254434532207,0.156466012821,0.961133045703,4.15563771248,1.15379848987,1.91543075562,3.01518077612,1.98205393404,0.416998718828,0.764089769274,0.434936590344,3.76163774848,0.244617311247,1.15835473895,0.0342310731113,1.8440058589,0.0152070562541,1.09417487245,0.314355219305,0.310414281273,2.89737020969,0.0231775653828,1.5826994497,0.636475291848,1.05848280773,0.0638052280247,0.0998414862528,0.357319261283,0.345983182117,0.0519101858139,1.04433053453,1.04101285024,0.0893508664519,0.955632745177,1.06578241268,2.30273656607,3.81100281715,2.09019720897,1.76467757225,0.0131035748869,1.77585703909,0.653760826439,0.618085183352,0.113969380362,0.740635298311,0.158687352538,0.0396954497695,0.683680992052,0.687043040451,0.248550484516,0.77013872087,3.27182107329,0.120915258043,0.397783409217,0.227857615948,2.91514560223,0.985933132786,0.09459990412,3.55763465881,1.60170037806,5.14443778872,0.912851930261,0.590235385895,0.109405639673,0.278988404125,0.127582533546,1.26044516796,0.781176566482,0.0568937536702,0.324398462363,0.263466743305,0.587042205632,0.119175487868,0.153444106011,1.75845069468,0.0634194222838,0.165526847055,0.114446585923,3.60500595093,0.314104557037,0.0612950181961,0.539776496887,1.35633989692,0.347487539686,0.463731669786,0.321610511295,0.152859252561,0.330401613899,0.163298201524,0.356938537061,0.19946390681,0.342625361215,1.49450277749,1.63678918036,1.59517875016,1.96738824912,0.351775521785,1.13109467275,0.786172970012,0.103878540508,1.49858572178,0.177385263164,0.284813709557,0.290236212611,1.18412484586,0.541361043295,1.02616202526,0.582105321286,0.195731855743,0.923058091551,0.0997835305338,0.403828801662,0.320202052593,0.0313552529365,0.0396382872993,0.117764030797,0.756129892403,1.6967839396,0.144190935995,0.162106712023,2.77254956,0.61193009764,1.19318584584,0.2031002104,0.190943697169,0.768086043959,0.204176303521,0.148317656852,0.346071690377,1.04529703669,0.134500942044,0.0563867852464,0.431858453602,0.0288891746104,0.95305572439,0.173395236097,0.042613886469,0.178441786552,0.567933171373,0.0328368176473,0.330227206778,0.784493021797,0.327499283887,0.205904255481,0.234114438742,0.681592995189,1.32437918894,0.266780611239,1.80909626961,0.869519646652,0.106543919016,0.114090361204,0.306448156051,0.268000988439,1.22042254061,0.628461236581,0.396394256502,0.14694782258,0.170379703566,1.674304628,0.0776858425513,0.0536936086416,0.0618814435974,0.168943989379,0.127821174711,1.16544120193,0.65392297525,0.574154695645,0.768716712892,2.23486316204,0.397476442121,1.43498006344,0.155991726015,0.121180497208,0.520029363781,0.535027376562,0.485863040686,2.21419592559,0.449317832887,0.0645143076032,0.869843202112,0.0380310557061,0.0136146244779,0.091420779489,1.51569789827,0.892833922156,0.318108402416,0.714135888293,0.0,0.0737116106227,0.617128239747,0.437974513336,0.364314343333,0.495971642211,0.355669583082,1.12027506262,1.29620677128,0.195008899365,1.10465674035,0.0102927620709,0.0,2.23119500652,0.125556405187,0.155414751507,0.139485533256,0.59889129892,3.11727108061,0.745466957986,0.4841500612,1.33306562771,0.298270962536,0.574179268479,0.14288589804,0.350494068563,1.82752856299,0.398582734764,0.914280170241,0.904324068874,1.36184782736,0.158389448524,0.112938107364,0.667522361502,0.489408467636,0.33395096086,0.205037115961,0.0846711041406,2.14059367537,1.36641243577,0.179364323337,0.00395177824423,0.0324951119552,0.76542391683,0.198894503489,2.72393936157,1.39575119853,0.00272020772099,0.0173794124648,0.0764113597572,0.358971408606,0.773151250024,0.169533229247,1.65126104519,0.550202358961,1.62419193268,0.0132260889187,0.126422743816,0.34463088192,0.106984602062,0.252712387592,0.182368905488,0.124482265003,1.28466354579,0.226649743319,1.25337052882,0.377663138583,0.103249353133,1.67030451407,0.177178133987,0.332678216696,0.00799154395238,0.254806817994,0.442770637274,2.26890716299,0.595299126259,0.458157685138,0.320436429516,0.363242542702,0.616871238635,0.0992990589142,0.394278669357,0.161936750561,0.00271476089954,0.178134376742,0.473730651066,0.306746855453,0.226684298664,1.60523645997,0.567622280717,0.308036207315,0.543518534899,0.00899360908195,0.713475516755,0.131724347789,0.416594110206,0.221231226958,0.436858801432,0.00109019555151,0.221934431493,0.631897149906,0.15683326453,0.150561933061,0.0457599595934,0.0126897351173,0.133635992557,0.0,0.446860781237,0.391265784963,0.0701225528121,0.995402151588,0.523428787291,0.565037263632,0.597370646819,0.241847130954,0.092149053514,0.207830366492,0.701925136298,0.00835278206796,1.62042963568,0.0425961203873,1.08858886572,0.605716531724,0.132177855521,0.393496049717,0.423980598841,0.652040325701,1.03231448948,0.316486154348,1.40909315653,1.62186070899,0.224527650252,0.163647467922,0.110307404697,0.321437355541,0.127786608934,0.0409136610106,0.0116987772658,0.219557648003,0.009637032561,0.303017989374,0.177149404734,0.480457108505,0.098930875808,0.540429946035,0.102246230915,0.906565531828,0.978307372155,0.120663066832,1.70229805201,1.3023958822,2.09271734238,0.386099010892,0.0638539437205,1.04998264611,1.05639977053,0.561532544717,0.721078213826,0.447892374545,0.173816138781,0.782479407284,0.673870997876,0.907170083784,0.143589316756,0.417845833823,0.199271152585,0.620651170611,0.118846160434,0.220781969223,0.319238163754,1.73643873185,0.11997021893,0.611627859566,0.489910943601,0.0202771358192,0.0153375758184,1.78402447289,1.25017007083,1.80418378346,0.0798427215219,0.491760259457,0.45307475999,0.169738462009,1.06870841026,1.07560984626,1.1201208882,0.0303908113763,1.53205825537,0.540797991883,2.15895968907,1.09446379965,1.96096890822,2.06306380025,0.553597530089,0.804634811506,1.39170246799,0.14976026441,0.838313487675,0.24468799077,2.09419148542,0.258461982245,1.21602555329,0.429744785652,0.879789304137,0.313390128147,1.64773459107,0.313958910201,1.08913690404,2.23425941825,0.4159751302,0.0111048831046,1.85696775174,0.638367659897,0.0,0.57584485732,0.00617728044279,0.236916866293,0.0501839590445,1.78454372283,1.5206674546,0.164466708247,0.0435012576357,1.38208659098,0.383207935393,0.338566299031,0.107731539086,0.422103007953,0.532181834509,0.903690915331,2.08935115099,0.771942221867,1.31997454058,2.91275172696,0.618228541911,0.743932819292,2.17425624967,0.294357186705,1.76649382114,1.94438940717,0.361174283028,0.179525301997,1.62493035287,0.58446786392,0.510886698812,0.299047157094,0.131381257661,0.215095084208,2.83608846743,0.823082701527,0.0115696264803,2.75775347471,2.03090584013,0.990041048937,1.98619556537,0.14770091461,0.0191397541482,0.480211805543,0.359301050184,0.44735030733,0.214652694967,3.92308606042,0.51683724843,1.16628490599,0.989418076351,0.215985964518,1.24817939699,0.174296197258,1.25750492708,0.123330860129,0.212096400633,0.45022378169,0.677093803436,0.785538803414,2.6318565762,0.646149982342,0.940761449635,0.400191821456,0.427628033184,0.403435256109,0.137650096379,0.532119790912,0.194826469044,0.130833787143,0.325917587578,0.162629237399,0.219951667525,1.01962636858,0.0222988766432,0.729381061494,0.206375526683,0.798384376392,0.242915107161,0.430661276937,3.21480880201,0.639073319538,0.460682960451,0.277821358368,0.0401276966557,2.36361903738,3.4982816416,0.0757278623153,0.880455805957,1.02271319103,1.65082369208,0.531113423295,1.95958135977,0.377224476151,0.806944571622,1.0916455631,0.875466709994,0.265838726666,1.23183592308,0.0921864965186,0.196217061654,0.432573416531,2.63667782024,0.881923089139,1.39146590654,0.0703932852484,0.860499247015,0.0906525731832,0.115614169203,0.601419411078,0.319937368035,0.0828419513255,0.515709866583,1.55489991456,0.113565813247,0.0847158873198,0.209839496501,0.0218023519963,0.431882092021,1.88910967991,0.966411549971,0.575345601141,0.649224791341,0.19673942118,0.789935808368,0.944839682262,0.808751714865,0.917803148068,0.104615017809,1.03544527791,2.5968880639,0.305009610616,0.661580150351,0.07518744573,0.300749954991,0.711847454365,1.94705101669,1.64731302211,0.4725673135,0.45998298265,0.169563569278,0.229821025021,0.934980378496,0.382384424694,0.625648120074,0.0789592563361,0.0895596094429,0.0646524258889,2.05002309978,0.622546912432,1.25264527112,0.39483498726,1.71151605777,0.686259247661,0.533795049489,0.6848714884,0.163112624995,0.238404298723,1.07849342719,0.440824661274,0.467422529645,0.427373015406,0.129760059332,0.6749005424,1.51183523618,0.421093206462,0.505601102444,0.0971129131317,0.0582492958382,0.198559915684,0.137586538848,0.599625624791,0.0476062847232,0.98444304198,0.872161695957,1.24253455762,0.0716784048826,0.72343041636,0.645802932456,0.184154323488,3.17775516484,0.92200619325,0.0445931643248,1.84617961243,0.560949036209,0.596817069352,0.37831193924,0.688683586717,0.333526103161,0.528914508522,0.752061453462,1.19916539818,1.40158314383,0.198353140149,0.612010465339,1.76341622591,0.226979831159,0.96638494038,0.362254050151,2.28409672897,0.897942738011,0.528814679161,1.02523568444,0.761822160482,1.49037883416,2.24773764282,0.359452380091,0.0286494743824,3.03553579569,0.0821633766562,0.147723548273,0.174020838365,0.578123790324,0.0515656521544,0.56742918361,0.147660524845,1.23057435781,0.156197919473,0.023560250625,0.353043074384,0.305295040095,0.153129025418,0.913075593486,0.563791515976,0.0874389761686,0.176310186088,0.531085532904,0.0223939331621,0.00308882862329,0.155050414205,0.966299106628,1.68502727564,0.307926858896,0.515994441658,0.021839645952,0.496950192954,0.0498924833536,0.0263656097651,2.51888127565,0.0172102261614,0.9015420717,2.34784976751,0.0453464496136,0.00331379026175,0.150180666372,0.0266010181559,0.466421180516,1.68678434089,0.038031924963,0.182456817403,0.00660964664072,0.752802966367,1.18523882389,0.00178193345666,0.490822457802,0.0697531080246,0.0682881227974,1.6087625362,1.22320687629,0.0,0.263887145221,0.570734926909,3.85643307894,0.0,0.73347142701,0.565894584954,0.292690283842,0.0116235996038,1.22434016824,0.534191122651,1.23124682367,0.0717217616737,1.50136333063,0.179148298979,3.82971844912,0.00275370806456,3.6202352016,0.699225857109,0.00230615228415,2.37533245095,0.845782522443,0.765968646109,0.286879586577,0.021358089447,0.0257651999593,0.980367215127,0.00802503496408,0.0717711735703,0.083945357427,1.63556115158,0.0,0.370715062395,1.04359069228,0.084555490613,2.55365713835,0.0413837097585,0.0263182446361,3.33216852963,0.188088372536,0.101451255977,0.0353662007861,0.198287307806,0.0085295686312,0.144938892536,0.349623013353,0.145631155921,0.0198632526398,0.711198856756,0.174618812203,0.014506944418,0.0333737504482,3.71417306453,0.00319757148623,0.191685932726,0.928888646923,0.0880775309354,0.0,0.000272408705205,0.144387111999,1.19161413984,0.0122428605705,0.0361414313316,0.0635600816039,0.17639225374,2.62132622421,0.195664565265,0.840057307184,0.479905740116,0.0,0.0,1.42840733856,0.302738370802,0.0567251306772
17,0.118430999517,1.14839305341,2.00900769711,2.50716835052,0.363787054867,0.107097878903,2.9882573998,0.326592713296,0.144512849251,1.69766356647,0.23415302068,1.46770834267,0.397917283922,1.55290208817,0.195099984482,0.627943207622,1.87733780198,0.543335017115,0.693027628846,6.56680306435,0.262764834613,0.615432402641,0.501600266732,0.187910639308,0.0101172588393,0.0162705152482,0.202422990203,1.05848368287,0.887742467374,1.11979966134,3.350276618,3.06185198426,1.77447243631,0.139336820128,0.919614243805,0.00531032621861,0.869534717351,0.566075068451,0.0752515033819,0.599907755554,0.375345349908,0.202076517735,0.893466076553,1.24919898063,0.0742466408014,5.74410386086,0.360532392114,0.814579222575,0.048661509864,0.631457884833,0.182980814353,0.617996772863,1.31091225624,0.551447698902,0.846118374169,0.557088856697,1.3931294632,1.7810218218,0.721618930176,0.707594307661,0.755308858156,0.0993442521989,0.186101067322,0.414622952975,0.911330016255,2.90174576372,0.936281009167,2.41647397183,0.883728130758,0.231019460559,1.50592353344,1.03160720229,0.155508694202,0.552012808144,0.446592414007,1.39647501528,0.349060260598,0.321620719358,0.3453457091,0.397521410277,1.03997806996,0.381501763407,2.87640245326,2.30384673238,5.61208993912,0.0872983773053,1.14266262561,1.80520415664,0.0323755214503,0.674908139333,0.0899881299585,0.0765349140018,1.81312203154,1.19211242467,0.113775956929,0.552555768788,1.112959067,2.21451587796,0.0658991111815,0.0486869327154,2.20184733987,0.872948712707,0.529135100339,4.95057883263,1.31329346359,0.010018132925,1.00430864064,0.602631563097,2.7078534013,0.202733121514,0.180490946164,2.23360405803,1.11205104172,0.166688378006,1.44445070848,0.96860933423,0.00501176089048,1.62181099057,6.04301257133,0.425139729213,1.52080183096,0.119942747727,0.390055958629,1.82438238263,0.479127585664,0.939625701606,1.03218144946,0.0549396012723,0.0941505833715,0.322357830256,0.00198103606701,1.74751159012,1.55896531269,1.24473368824,0.558372005373,0.88514359137,0.677919469103,0.434267550111,0.54731215775,0.601602232456,2.539315207,1.58410440773,0.135725156553,0.0873129924876,1.5615902669,2.39878032193,0.466172188595,0.245863167807,2.55494564921,4.10545735359,2.88668497086,1.7382511723,0.324834120972,0.663553755349,0.318057691753,0.101544503495,0.347912398949,1.01534474649,0.00313757605851,0.0417776786909,0.513181746416,2.20827604763,0.606554165408,1.59281719685,0.0518551003188,3.1528201592,1.34928692728,0.100585641088,1.51865540028,0.178543987423,0.352194109969,3.27644143641,1.18945229262,2.39799784064,2.55792222619,0.453440178968,0.334403760806,0.187959102094,1.16923981547,4.62733638763,0.923437777478,0.379704201035,0.440753484704,2.59479082584,2.28372829512,0.662257649899,0.546761334091,0.701495904624,0.393320941553,3.19066510201,0.0302073946595,0.624833074063,0.310756942108,3.02154139757,2.90334643364,0.438842327446,0.754359851331,2.79365663767,2.01104089163,2.76233053792,0.0534497699887,0.0861672473256,0.0,0.887055147588,1.59128607295,1.88132833868,0.0870833304524,1.89817972302,1.44100464314,2.05348238468,0.103737121951,0.15595991157,0.542204043865,0.621175731309,0.692744629085,4.37006420135,1.43852666169,0.093833033666,0.139795815833,0.156518711969,0.170227023866,2.02997274429,0.150083516054,0.670578926727,0.0259673187137,0.313453526571,3.06179223061,0.0433025053889,0.676405817419,0.496683270633,0.293628261834,4.51950849533,0.9699762436,1.4576200211,1.39081604555,0.667335961722,0.995084038079,0.440697950013,1.58910331011,1.35091472059,0.00214177222922,0.0645129977912,0.691576535553,0.0580711568892,0.109444456212,0.18374821702,5.66135284424,2.83412138939,1.09786378995,2.12424122893,0.096403268259,0.63773287192,2.87414947987,0.906786792874,0.242687638998,0.519708471149,0.289936204255,3.93280851364,0.804508046843,0.0952179339528,0.919075691737,0.7795025298,0.725610048473,0.610898278654,0.963653236032,2.36614227355,0.167328516915,2.82753968239,0.574293438196,0.656687946916,1.64989748359,0.857491670251,1.63335353097,0.0849395373464,0.351141667692,0.11256994985,2.52073272675,0.217324877745,0.275733587742,1.42692943513,1.87614393592,0.867480248809,2.65683109522,1.98142897546,0.383592355177,3.4278319025,0.545193257907,0.0580528271198,2.78099913597,0.036802592352,0.157478444502,0.0188028264185,1.78664015263,2.75820212364,0.376330275238,1.44688355207,3.36098824739,2.02815212518,0.23232875783,2.38147837639,0.870516391098,2.96669079781,0.0421467636153,1.50442703411,0.0818626248091,3.09277348995,0.0948719609529,1.63358979642,0.339318061471,0.704916666858,2.46752277017,0.179374807226,3.83632447243,0.294108658088,0.393770137154,0.0735303134471,0.223872686736,0.135398567095,0.567793593742,0.012112519294,2.40962804317,1.52344841521,0.242871171236,1.42717187494,1.2636016662,1.72962951183,2.84193069994,4.04784273028,1.09982930809,0.0154579531401,1.42103282452,0.820231136382,0.160544222984,0.0657578337193,0.620322067291,0.27852255713,0.0495826336741,0.20548236154,1.07017555766,0.995247841775,0.661545393425,3.38891659737,0.20346191315,0.542217239141,0.0908619337529,2.03965659328,1.13619465217,0.0770660626981,4.28657324553,2.74978367329,4.04476176262,1.61570242703,0.332552744597,0.429411604665,1.39265919808,0.0434489138052,0.854141281694,0.22916753496,0.0518988301605,1.02320840169,1.16179114252,0.463286146894,0.0760343447328,0.262187769115,0.565643119887,0.243634329699,0.715582528552,0.832496159077,2.35754413009,1.10209574968,0.00993642327376,0.648174164649,0.288981880993,0.26018927183,0.100269786939,0.617017349228,0.48384602733,0.479316329509,0.194195490703,1.25407622986,0.997777751386,0.793293622024,0.923930967432,2.47007706642,1.52499449968,0.882488104701,0.456166872177,2.64492963269,0.242934322543,0.195215110779,0.731859383788,0.470053015649,0.527328514159,0.239623250142,0.848992955796,0.776198931746,0.37818209663,0.609257156402,0.120513272882,0.930015334617,0.186428648941,0.209476915747,0.379575587477,0.0726829162193,0.151090664724,0.216178747155,0.104100131541,1.10064658858,0.657047348469,0.988150362074,0.571807757057,0.315706430189,0.825219340026,4.2095902577,0.099351849705,0.202434244137,0.0694574836642,0.238809378464,1.20598993175,1.06857416347,0.149440324223,0.0345426008711,0.763544291258,0.388313009441,0.119290980417,0.533186507933,0.00641865521669,0.660791312605,0.0821013946086,0.0696162771061,1.47620156661,0.378331093751,1.08106686428,0.36442578949,0.0385433453787,0.608450428117,0.314595132468,0.252267407589,1.51568737447,0.58807492584,1.25471193209,0.319207294136,0.731990255825,0.0518574162759,0.289126961827,0.591005496122,0.179948845655,0.178001435641,1.27768091232,0.436846526768,0.278210514169,0.00145962506533,0.156565742716,0.390346863791,1.11974318799,0.842564621344,0.284796488099,1.08551183123,0.465635063052,0.364591764137,0.603100005568,0.695353879333,0.348369789273,0.235323345102,0.597492777556,0.0637742964178,1.39406927695,3.7286926055,1.02154717917,0.683868823797,0.440724001229,0.0953541113064,0.00514319990616,0.371238294486,3.18141579509,0.135958873322,0.920244009383,0.605232330048,0.00789583597332,0.0439339614846,0.491016471162,1.1053073217,0.126565010808,0.320178212475,0.894873958528,0.677159410417,0.406201941222,0.275582764591,0.723910563104,0.277198781758,0.100100245122,0.449740575925,0.0287339659035,0.370986622395,0.363164842092,0.204400897827,1.27205362141,1.75504511654,0.248809859361,1.010320777,0.0962836507708,0.321297766566,0.711791128479,0.198310813168,1.13541814268,0.260587804085,1.31270143643,0.437932378147,0.455617897809,0.108088963255,1.05226836193,1.00655776784,0.378405845687,0.988627836555,0.264674590398,0.237752604224,0.619792218208,1.08917027242,0.932372226603,0.0541115058586,0.328798623979,0.22943026945,0.170758420359,2.27423997402,1.45787201278,0.27862501394,0.687038958818,0.688511362337,0.303516111374,1.56533874586,0.116005491265,0.67809622176,0.168133731186,0.82584225947,0.286005476401,0.274029740095,0.508987956196,0.883936336786,0.133483381772,0.11104521608,0.293672703356,1.23015109237,1.14665678374,0.818644249672,0.354305318557,0.463983551636,1.52000507742,0.789755762219,1.0399100405,0.565797568038,0.381875302866,0.62033486139,0.863331090258,0.676972727668,1.36064899564,0.30106779851,0.993770749532,0.39518506214,0.0562034965772,0.377390465699,0.525352384895,0.00382765799761,0.0603876760975,0.587796565965,0.479755870476,1.04075588954,0.562927145464,0.2472627078,0.148951452803,0.480221907049,0.212904832959,0.448715222441,0.104079566412,0.379424054101,0.174297286719,0.753474350572,0.0994397321716,0.698331151605,1.90764071219,0.0653487148508,0.247089374587,0.0332517770678,0.262559348345,0.214347425364,0.00556993700564,0.604061003178,2.10943664052,0.320804001093,0.298056893125,0.45901169786,1.60046003342,1.67939446643,0.558664632738,0.0450615096837,0.948582352586,1.10747952372,0.167678156504,0.672413786734,0.148012868688,0.853168201074,0.409661901146,0.095536744222,0.276864382587,0.36390780285,2.64770874396,1.74358825624,0.32160074234,1.71150848139,0.250604532808,0.270224296004,0.301278907107,0.0960948713124,0.0717363184318,0.325790830394,0.30922461018,0.340588917397,0.000415151566267,0.0888349476084,0.142656643107,0.0290340255201,0.330182185153,0.724467863515,1.49128470153,1.0674325271,2.1196219486,0.978422974944,0.186845779084,0.671852333546,0.272840622291,1.62931283832,0.715660942607,0.462352751344,0.817579629049,2.1514650391,0.259323077053,0.315630070604,0.0268572056293,0.101710873563,0.423124532402,0.581293580066,1.15813060239,0.251730042845,0.0713836284727,0.103540531397,0.900906260461,0.110421599746,1.44369767091,0.984539596438,0.736714198962,0.11839595722,1.40405232627,0.214762144536,0.00197274463251,0.378001428493,0.280942842737,0.793618445545,1.7576842846,0.370787763074,0.245165514052,0.0327160406113,0.0978524112701,0.924192389578,0.95452543064,0.450368285924,0.15415782392,1.07115833044,0.937969436795,0.955913201794,0.541830599867,1.77389256446,1.58857789174,0.261869152058,1.267218602,0.513382544518,0.498917633519,0.42316771403,0.0808847880727,0.501850022618,0.163145317231,2.34695561409,0.208455000855,0.302413519286,0.109228710234,0.383027095795,0.829859341308,1.05842762113,2.30862542152,0.482254186179,0.00803363740444,0.777278249934,0.271490785778,0.0,0.204975678762,0.446719246637,0.212767110988,0.0127652413771,0.397981460467,1.72205419824,0.151794481417,0.175368130803,0.0910751930438,0.00856828528456,0.0920922344178,0.358534827456,0.24544853963,0.0101662044181,0.180013788231,1.54107489005,0.821343128979,0.636604865236,2.07973516941,0.518074415922,0.354648516923,1.67800107464,1.7014484426,1.63039369494,0.90236504497,0.383995335549,0.300900291083,3.0865759182,0.344273877605,0.0530489548668,0.137048313525,0.363302468508,0.248327945275,4.77702886105,0.694909817892,0.0959149542754,1.81606504798,1.05828055301,0.60883033067,0.925888483804,0.00655192442238,0.183567831609,0.36574949313,0.579044880355,0.0903946211886,0.806272727437,2.69957643911,0.291094267033,0.896611079946,0.704313986413,0.303997425772,0.248868341744,0.0401492410339,0.591828987449,0.142187231295,0.147878566347,0.0355568074435,0.114037807994,0.256823618151,2.27056482077,0.574222275657,0.425498183034,0.0176203150023,0.0333471054956,0.342540002465,0.170020820051,0.310221176492,0.13844979135,0.313926658919,0.636244013309,0.00113555382937,1.1013765968,0.697883624136,0.0177242620289,0.143502782881,0.123033974022,0.448455107212,0.189547837749,0.462460337318,1.03728234647,1.59151041478,0.0525918737031,0.191219089851,0.614651155621,1.33856504336,3.36305709168,0.112591094412,0.754284350462,1.49276749521,0.407566200898,0.101271251887,1.06091673583,0.297620783225,0.183977105794,0.250055265105,1.34092805881,0.423322193138,1.66338638574,0.599571123272,0.172345654555,0.323798942268,1.72378599092,0.309476806056,0.737123015597,0.214658285165,0.676027050018,0.158892011752,0.0151169852016,0.17060636811,1.02270082807,0.0735697018914,0.093958094418,0.923255261928,0.314026585589,0.628124871254,0.788854839497,0.145077137733,0.293814607421,1.13911762293,0.352557755867,0.262218147665,0.122452566791,0.025562110357,0.412154298015,1.16070400895,0.410253138393,0.119706426356,0.10670396016,0.495713409781,0.843828923404,0.0687217333785,2.48522123218,0.0149471259117,0.00691522657871,1.32468075395,1.60507416537,2.05346400782,0.177629474159,0.304190643529,0.0866563129239,0.850054735169,1.04358984917,0.339334714822,0.101678639813,0.60984893851,0.0469639189541,0.0242366572656,0.712135066092,2.142510961,0.398639370259,0.0458142673969,1.48074506031,0.0215745909419,0.568620070843,0.428698702017,0.062702879007,0.246302404273,0.176808438338,1.93120090961,0.243932897458,0.137162432913,0.304915764183,0.196604493214,0.654504494108,0.437265913039,0.128267884217,0.0419683891907,0.0920121156238,0.246705367491,0.0912867192272,0.421596892476,0.0337718528137,1.55360736616,0.898976048417,0.962519235909,0.0700774210785,0.087755446732,0.11834037866,0.059454395175,3.98699969769,0.941344521778,0.0847986394446,0.469152704589,0.405700314045,0.938641991019,0.297134463848,0.510123535013,0.162030896023,0.0898723798245,0.158247151263,0.583471057452,1.92803532436,0.338392959554,0.025318757674,0.322663074173,0.0180508109927,1.5850896728,0.0189554670453,3.66646512747,1.87448677242,0.228781872615,0.110828923285,0.520274042673,2.24933517881,3.35707655191,0.33085904181,0.125872626975,1.27769074164,0.313119019866,0.0711455528904,0.0664072160423,1.341682714,0.562278251443,1.02676587462,0.0,0.764885240197,0.0140635995008,0.112586407736,3.06382472627e-05,0.748528366685,0.0424284266494,1.04340694804,1.21988200456,0.0763909266889,0.120822881237,1.55330621973,1.15700853378,0.0,0.143248123229,1.03245022804,0.673343936503,0.270279029917,0.894123537065,0.0,0.252544758534,0.034849764891,0.121672300249,2.79130307972,0.0541700290889,1.69018244326,5.17850977778,1.46182446197,0.22830185622,0.243950927705,0.00505849838257,0.0757162448764,2.30271909565,0.0315917679667,0.180905538267,0.679230119959,1.18060882106,3.44333280563,0.00211469382048,0.960767048746,0.00237890675664,0.0774926990643,1.78492324263,0.232799642049,0.0169844408333,1.2576242274,0.0564375174046,1.35128822882,0.000156602282077,0.943638658505,0.277049271762,0.837332959305,0.0478947963938,2.42000290632,0.171324669272,0.374787795541,0.193901278144,0.97034150064,0.0652809171658,3.30061320767,0.492678460628,1.0126727883,0.463002149165,0.0902852571011,5.41817081511,1.10698485244,3.99760508298,0.249021821469,0.525882411674,0.33061149532,2.41881885154,0.000987806096673,0.361120284044,0.0234176773112,1.75394719005,0.0250707140565,0.938771798015,1.81826119959,0.1131488619,1.67701105125,0.0174091245979,0.0,2.09695666298,0.133367068842,0.546674470752,0.500255275492,1.02673826979,0.602134814486,1.20790635599,2.3795302807,1.77637776408,0.00739536076784,0.318719304502,0.756536944509,0.00679336845875,0.0464513202198,3.70707369328,0.0,0.21921678649,2.39127236962,0.0444619542733,0.00836283147335,0.304945577048,1.23509428144,0.721540702879,0.151703270972,0.0,0.215899441242,0.460825906601,1.20908752546,0.259298285432,0.825635027662,0.320319595337,0.00726201176643,0.0409804195166,1.6629882122,0.186924575865,0.0240917826444
18,0.0,0.696004996747,3.11869234204,3.03415544033,0.515486133434,0.408473325968,1.90222886503,0.667868187334,0.0187450093077,0.880467700213,0.265563187748,0.691302871732,0.338688313738,4.00677091599,0.096616692394,0.633642407097,1.72773820549,0.369005746655,0.578596713617,4.55023076534,0.100911743715,1.21561039686,1.28523557529,0.526718699494,0.00665371179581,0.0720756053925,0.00106738574803,0.796657856926,1.25488110752,2.09443638518,3.58572618961,2.53371196598,2.4008881855,0.0512065903097,0.520831815153,0.0215136003494,0.345971221328,1.38652255803,0.0536614987254,0.504212577939,0.204332576618,0.18394083092,0.874630665276,1.86831217051,0.0310425309837,5.17574585915,0.302279786821,1.636616036,0.137479769215,0.409794152118,1.47819466352,2.17261713997,1.92059385061,0.370780176967,0.188683815263,0.125935497275,0.87007552892,1.29537186474,0.945570983291,0.241900059674,1.70668428332,0.165623405427,0.189730683938,0.664857163727,1.08362711029,1.80918251425,0.693493906902,3.97758764148,2.48272190809,0.172637637854,0.477299111672,2.05342268646,0.0488361405209,0.487799371183,0.316449746639,2.71827578008,2.14684993669,0.704412381751,0.165847364217,1.10416046805,0.840690109506,0.158473047763,3.17050048351,3.1167350626,3.66563241243,0.127457395063,3.06349071965,2.65906249851,0.0833199068904,0.302354806717,0.305854135975,0.0575341792405,0.98498659892,0.580806198791,0.045917879492,0.106667408496,1.66130921036,1.33804973185,0.107508796044,0.0841458167136,2.26141546726,0.55339696601,1.40678791389,5.43576760769,2.56085575283,0.012047496587,0.317735936358,0.165617345795,3.16267031431,0.705892617106,0.853529497385,3.31260949552,1.857095588,0.0283700234443,1.60214569181,0.490561992341,0.122650562599,0.99528023228,6.14480506897,0.445627970397,2.14717834741,0.237664055526,0.103411390167,1.08225743294,0.508814212978,0.493482105844,0.323291961849,0.0339787337743,0.024989702428,0.0175256809744,0.00114526245743,0.731427815482,1.76449861676,1.06681816518,0.74891700834,0.533434671015,1.14761886656,0.799607354179,0.527260835096,1.02043452758,2.10973042011,1.43612910569,0.447750034332,0.364069127254,0.829558661878,2.70483592272,0.780694840997,0.346317669754,3.72416043103,3.27980296373,1.96324524641,2.94717968583,0.49897133531,0.363357138671,0.331772913188,0.0793278630078,0.831983701978,1.43220169841,0.0158977100626,0.0163378715143,1.33600220144,0.914256012663,1.04051421433,1.72608772278,0.0805319256335,0.847259993115,1.86474306365,0.102021695822,1.84393013537,0.332475682274,0.479351298641,3.92343895912,1.15951959819,1.87190965295,2.21346576571,0.463752862513,0.171279724371,0.0424157132884,1.16704040766,3.33298472881,0.378801586479,0.14805284638,0.14992606923,4.65146109343,2.64411155343,0.894560535997,0.389970684946,0.550979304444,0.78590028584,4.57100147724,0.0024965621531,1.48638331264,0.433977199048,3.78400735855,1.14211236656,0.492387139201,1.4131710729,2.51321483016,0.710657848418,5.43986489296,0.136902554408,0.0601573843928,0.0137620979548,0.989705156386,2.25002657384,0.991454645023,0.159073851565,1.41124901429,1.57608516924,3.14518723309,0.462667939514,0.0986259468645,0.531357931793,1.1875332132,0.603729842603,4.09376980782,1.52671500593,0.0753254781663,0.318095686175,0.0354436164722,0.310174529675,2.47834899902,0.0803077789396,1.13169839978,0.24641587723,0.155326553285,4.28076820374,0.0288104772568,1.4993750561,0.386309939772,0.196122095883,5.67492071629,0.52600467816,1.47016063511,1.51565493256,0.230429934841,0.697716767155,0.577262474895,1.3745631884,1.97474608868,0.0048505256325,0.46624323234,0.297059191056,0.463187356442,0.176366254017,0.489745665006,5.89503499985,1.95951357245,1.42300821185,1.83392582834,0.00238999545574,0.221456358887,3.80794014454,3.15727855086,0.0659272714518,0.529946235809,0.364139320664,3.82643183947,1.32594070077,0.18795137126,0.577567358613,1.33673107579,0.221496137232,0.932854306847,1.67369683862,2.22834654644,0.267389819622,2.08219913125,0.348705007434,1.24868056498,1.25432838976,1.40147951633,1.92288706593,0.209020821601,0.342166840285,0.0739597040415,0.894157658219,0.544544984549,0.45367365472,1.23150581226,1.86885824382,1.44895406723,1.91311054796,0.338822173961,0.490292302258,6.16644401073,0.313310966343,0.201869331561,2.09396187544,0.0979415268078,0.25232236092,0.0890337847173,1.67055722892,2.03364840031,0.0371409071237,1.11679490373,3.22860549927,2.60084665716,0.0346465674043,0.953978184164,0.68255445376,4.12917377472,0.0232606772333,1.42953985393,0.0494224726409,6.61792838097,0.022687651813,2.09864930868,0.256541566774,0.626886921525,1.4884328055,0.71470107317,5.41403890133,0.570316210538,0.195893717557,0.118059278131,0.269558311999,0.163807091266,0.974561658204,0.00425202812999,3.48183382273,2.06035593152,0.48605320815,1.77847989619,1.14849766155,4.09550468206,2.74362123489,5.60360752106,0.665934434235,0.0002256366238,2.36523960978,1.38040720299,0.22238632068,0.0715586306155,0.519706773355,0.201793752536,0.0396781653166,0.136033687815,0.420927271545,1.46983625375,0.266353356661,2.60778124571,0.0674698993564,0.303021078911,0.0946415349096,2.40089197397,0.8320315817,0.016346616447,4.83912120104,3.90610492706,3.91657936335,0.976948558688,0.476426342651,0.447790322977,0.70006135162,0.0408461866342,0.959965264499,0.367350354213,0.0434352109767,1.48188003451,0.512020907626,0.350048255026,0.0763049852848,0.270692439899,1.42928277016,0.286865135557,0.625322933346,0.685062917959,3.94971007943,1.09457994685,0.0100201220997,1.43497177869,0.712912293822,0.60321833441,0.145585666895,0.312295709327,0.184707180634,0.493016528077,0.199200654589,0.924293850139,0.342767716646,0.371808431149,1.16793472715,2.52031137705,1.55687244385,1.28330355696,0.122040815502,2.44629064798,0.614091095924,0.0275930349901,1.74191338733,0.112108424008,0.786484991312,0.569171639755,0.254296307191,0.415795923527,0.679688893668,1.48929562433,0.618967898488,1.14065888069,0.0560662811995,0.190294589102,0.13512431711,0.0992960193008,0.0549885265529,0.100315195993,0.35491306603,1.54016367126,0.326013088366,0.792896993198,1.23146988258,0.61178027261,3.54986495942,1.53709772661,0.288251218065,0.441901264675,0.158140523285,0.277519156784,0.995462796658,1.44576489255,0.0397914411849,0.0550394457765,0.167374751903,0.0361912404001,0.549958265871,0.669271228574,0.00786508396268,0.285782860667,0.0602054261789,0.117745444523,1.71279758379,0.878109692335,0.820685775876,0.638968509957,0.0820277220011,0.723551131412,2.05136058107,0.453693996184,1.93141243085,1.44703372082,0.579558468126,0.143104490824,0.302254854366,0.0984357844666,1.01407019881,1.12899799622,0.186994707159,0.0169757752866,0.715723783188,1.27771367732,0.389833461381,0.0201474571228,0.0755329051981,0.152109629842,0.660694388151,0.746620272195,0.297946941163,0.592547353208,0.440700521283,1.96123543262,0.336864746502,1.15975900248,0.186585421376,0.0393462103512,0.280448924601,0.180731535405,1.03729599364,8.25755506516,0.242418723791,0.488665678373,0.325537271146,0.466960486621,0.00350672483444,0.482363493536,3.08291306138,0.0983220610768,0.708258156478,1.19039551906,0.000646665152162,0.0331263029017,0.236069036238,0.408269437896,0.258987393044,0.628761212295,1.22589748129,0.624662624747,0.711326211579,0.18223102279,0.179547646642,0.241998464534,0.0409692133963,1.04933166578,0.0083041882515,0.0979755742988,0.311732066963,0.372573662102,1.79032026887,1.80080473542,0.049527461417,1.07923646793,0.12663672498,0.16798893407,0.629472103119,0.243945382973,1.90394226551,0.724440988153,1.23103991836,0.308281527236,0.897105994439,0.278381161988,0.855041647367,0.468453745097,0.245051249415,0.835189147368,0.209137727635,0.154594429024,2.27511574239,1.26438216034,0.982668863498,0.318981160708,0.341561381817,0.586026903894,0.19401926931,2.70021397352,3.27475366116,0.225527554899,0.412958020978,0.499929726808,0.761799683424,1.37480956165,0.0907285202295,1.31077929974,0.225061041154,1.24854112256,0.132430155352,0.472659134436,0.880023029717,0.119745140038,0.476383313686,0.234683842044,0.119277893379,1.09355212159,0.426628768034,0.991591174155,0.180925238263,0.178734218869,2.16235445689,0.27877012752,0.505375973274,0.198379665911,0.436127661206,0.221765744938,0.886165866703,0.372695443109,2.01281579373,1.01535698719,0.747739591002,0.225396459457,0.0912982269563,0.421787929107,0.583930146173,0.278465287834,0.00913232106715,0.788851916119,0.451328702737,0.14738614019,0.960937134326,0.360008311011,0.162844867706,0.521416049544,0.0646128222346,0.524965283088,0.0243382473476,0.148221198265,0.0851295775548,0.513991099298,0.0232758861419,0.798999519898,0.702334487736,0.104732805328,0.292816457152,0.0569265732309,0.0754945736006,0.464855098538,0.00671691864729,0.814441325217,2.11676712483,0.280544561986,0.896715683118,0.694655783433,1.28239103705,1.30359905563,0.819721974246,0.0397445912659,0.808418058753,0.583395027071,0.13184809953,1.57043771115,0.122658793181,0.595254291892,1.02072707701,0.150449423641,0.231982415915,0.289079703055,1.3925965035,2.04622618556,0.197999377884,3.3312754488,1.44692954984,0.310579529889,0.126516053528,0.434322381765,0.113157471688,0.224336622879,0.0585920146108,0.405110876337,0.0122964928392,0.060214291513,0.0961632560939,0.165514570996,0.282830403149,0.322576340726,1.25108337283,0.445919198692,0.656822703071,0.457764494568,0.224170737118,1.6235926722,0.572168437056,2.0548162657,0.406540866494,0.149249080904,0.398222682998,0.902327686418,0.223568481936,0.134806135558,0.0515093173832,0.0270723426342,0.473701597825,0.243371740524,1.76675879329,0.222433332354,0.12175768625,0.155769953243,1.30170033336,0.590455229413,1.58138650626,0.620138398265,2.2537752492,0.117285451991,0.792681516372,0.486089683101,0.026312315464,0.0832854439784,0.341712694615,1.35657394968,3.24399366021,0.973774638665,0.235165515877,0.363061859012,0.0509444141202,0.226728049554,0.31929280974,1.47118605416,0.00904941972345,3.25118931331,0.464932283908,0.861246739775,0.699599671699,2.03680355966,2.24562368661,0.153520189263,0.598724213764,1.13787582268,0.588796882033,1.65334115326,0.0148044997454,0.179564668052,0.041467871815,1.65297139838,0.1366177091,0.928811243249,0.209970824122,2.07301810245,2.99773671478,0.666218571067,1.44558792833,0.0605194170028,0.0169512983412,1.08617361568,0.423707571657,0.00080431163311,0.476909986967,0.179964015782,0.87961940106,0.0142138220556,1.34273555614,3.00545668868,0.0768451901898,0.310297982395,1.56314028621,0.167633758299,0.0380911439285,0.0941012537852,0.836353522651,0.309426857168,0.507191946208,0.436757087503,0.67136620014,0.646758349589,2.37000555053,0.727545285076,0.229079518933,0.382241297271,0.391365105435,1.20574797481,1.83995498924,0.0613932605507,0.692335200943,2.59684629112,0.593099128555,0.429951682538,0.0581817039102,1.34238030218,0.209629237652,2.3307160534,1.09868055388,0.185112791862,3.87798582688,2.85716872692,1.25156119672,1.3433476606,0.329024682343,1.11793782875,0.176265447289,1.25796631537,0.0110746123269,0.168783075362,2.29697140813,0.10382438723,0.512566563236,2.70859547883,0.222988498228,1.00297237695,0.336101822108,0.439615665339,1.01930291258,0.666344835013,0.299868832752,0.790643318314,0.511404682752,2.01632988334,0.468125037299,0.926004641354,0.12099347915,0.034164824984,0.12356248565,0.0633763643354,0.217943285406,0.142035915628,0.0332684627734,2.390936023,0.0750788664818,1.00529871248,1.6633128836,0.056568198204,0.242874852419,0.15974941182,0.855456835777,0.374868514948,0.149998394549,0.0706157436408,0.349009435177,0.177583938092,0.237429133765,1.89552454085,1.10693777263,2.61568615854,1.078733797,0.629502759874,2.60503745228,0.946103555262,0.379729055315,0.789798110127,0.51982631674,0.450263824016,0.505924286917,0.654819720909,0.27931714939,0.519704556298,1.13456681401,0.00206771887839,0.177740846602,2.17658166047,1.28764278755,0.831241769707,0.0121110165957,0.662852395223,0.266557327956,0.0758016369119,0.118874302693,0.321494238805,0.755394437537,0.0897020222247,1.14048788214,0.408360735946,0.504632072151,0.526052154098,0.121947095823,0.754775021821,0.558918112852,0.719088051319,0.511851614267,0.0302222548425,0.250575246885,0.908566846643,1.54638194721,0.770540145114,0.277614510506,0.181738369986,1.06040200979,0.210127909733,0.298847313076,3.13284404516,0.233064276148,0.0728812524676,0.63354995287,0.156796408789,2.86332376957,0.229166740701,1.1660864307,0.154138262589,0.488063313775,0.338363393173,1.11387325129,0.311408779365,0.184316565543,0.243014951535,0.138101957329,1.30001625719,0.393499372154,1.52420454184,0.0151951560378,1.10673986316,0.201453104466,3.05922347248,0.402747224737,0.150548754316,0.169338875115,1.43963440746,3.17767083809,0.641476563271,0.0571946822852,1.49230979547,0.540272106901,1.24242385726,0.951356351823,0.0597489082068,0.00725568197668,0.00761486671749,0.143233413976,0.323667551111,1.11848983496,0.000651775747538,1.39406749301,0.421019472182,0.691980031878,0.0252205915563,0.318072098605,0.17272638361,0.0737692084862,2.15955923915,0.845104038268,0.174973471463,1.31619389892,0.660793050625,2.21616879731,0.618702454679,0.247370833857,0.524899327215,0.0674218611047,0.666233565626,0.246945645288,0.398799724774,0.566289332397,0.105732089281,0.693631292991,0.119905487522,0.764882260263,0.0839642273635,2.27503133993,1.3108975872,0.580923362821,0.189178249165,0.632852268936,2.27455336388,1.03994626313,0.635297692418,0.43050623633,2.04254001021,0.674455095306,0.134132530317,0.111755280346,0.445544490814,0.06079158701,0.45883536756,0.0361483901087,0.25931901494,0.0700789822266,0.150429054499,0.0026128844358,0.455263228901,0.0,0.289459876567,1.67601647019,0.182095004767,0.270957713574,2.79075414181,0.656129824349,0.0,0.446150106788,3.62703207672,1.09784285147,0.485877549648,0.194336700663,0.00862766176462,0.529769653082,0.0736920775846,0.0656834554672,1.64383197263,0.43626308348,1.29577840686,3.2580648303,0.866999164112,0.146016565338,0.921153246015,0.0,0.922814188376,2.10966010422,0.281715015173,0.954036486391,0.637687015161,0.98390242368,2.24119188011,0.202780365124,0.884209595025,0.0,0.0553062446229,1.53562284052,0.138087945879,0.0372281813622,1.3689806655,0.246890362836,3.5557805641,0.0170608210564,0.300737223029,0.0935973884305,0.433565158546,0.139450057223,1.83533087366,0.240255069435,1.65325021707,0.109911206774,0.773925965666,0.150305841159,1.93330307871,0.844488093555,0.883214127868,0.346205580533,0.0111449413002,4.10523812175,1.01580752626,2.54255735397,0.797570096999,0.0693035271764,0.360193282664,0.970084865689,0.00109631985426,0.391402040459,0.133028858639,1.6652393236,0.0,1.27943535078,0.22952208519,0.154701093435,2.80026206166,0.0315906077623,0.0,1.73860821262,0.0347983228415,0.506461970359,0.0700978193618,1.56255944967,1.43097887889,0.991582604907,0.36369991526,1.32771225177,0.172430570796,0.104549585506,0.972683401043,0.0,0.0445324715972,3.6648849225,0.0,1.13022948816,2.8241166465,0.623578955531,0.0228432458639,1.26376551859,0.935905278251,0.412824219353,0.0563404802606,0.085838175416,0.210474323323,0.135130911395,3.44866696775,0.0817604637146,0.553260138491,1.67283053517,0.0532546678185,0.0479326976091,0.479590209424,0.19819427941,0.028102237815
19,0.124887362048,1.52142046899,0.310554657187,0.616942530349,0.878013464473,0.0696513073391,1.23189272953,0.319798345678,0.0238823802397,2.35646062374,0.153480454627,1.12579962552,0.0494672656059,1.49964732528,0.176108097136,0.391818793714,1.50836173654,0.438896124028,0.208996287286,1.82218788944,0.605606865287,0.0351376020908,2.20053861976,0.106835340559,0.060119028464,0.0123637878895,0.187705675289,0.0280075033382,2.24569562674,0.608831026852,0.901567098126,0.266962861083,0.955942825377,0.0041197434417,0.0778089064732,0.0,0.489504546076,1.71618228555,0.003824393861,0.384584092051,0.29603617942,0.000349687077105,0.442143394777,0.691727904081,0.0,2.26723652035,0.865146455541,0.316471622027,0.00649735760875,0.201434715427,0.131203141809,1.65285904741,2.38304484934,0.0333811606467,0.212584858108,0.101871773116,0.0900317447633,0.437832151093,1.16571583627,0.107070807945,0.874044299275,0.38707476317,0.0598378648236,0.207654572073,0.107031353265,0.65504502669,0.598610104956,0.85230215136,1.05821584851,0.382730590105,1.18555134177,0.33785469681,0.0139682203531,0.245209388211,0.0828138919827,1.72259548247,0.781786622033,1.09161265939,0.0698549927725,0.0900903426856,0.572225536406,0.0930751060136,1.91695255071,2.93056803226,2.59552588731,0.0240349919721,0.229869820271,3.23997990489,0.0469363883696,1.04660589874,0.0438770392537,0.123988381922,0.375874951929,1.45897464007,0.119901018143,0.254056873731,0.547385267168,0.353281111419,0.0258062747121,0.076097432673,0.569749480244,1.59644209146,0.825859978348,0.803831437603,3.34956970215,0.0,0.00729030499235,0.495056557767,2.80699014381,0.0991828194261,0.692794905305,2.01168042183,0.328137124181,0.0452033149078,1.44881535577,0.887354741991,0.00473176674917,2.97049342036,4.41361578941,0.51653065443,0.255918436609,0.0130329418182,0.145670786276,1.35020137457,0.357269661184,0.56733576024,0.893436398432,0.100668968968,0.0389095822722,0.0393890615553,0.00163147211075,0.274979913831,1.0123385793,0.817388913184,0.627660777681,0.615370749459,0.824845457375,0.200677116662,0.41487375902,1.14748240311,1.3620540309,0.455003849827,0.40041190356,0.0136979357712,0.0480203919858,3.25040026948,1.2174333182,0.229126872092,2.85785197124,2.70050287426,0.938354522139,0.767270546854,0.201371991895,0.342236385234,0.587794734016,0.0,0.422658703662,0.490645273514,0.000635827109218,0.0217215066683,1.65419347852,0.10554532066,1.22692458317,0.405174161345,0.153517236775,0.40762294963,0.715262561738,0.26310303567,1.55875693731,0.0209557211399,0.0341371806338,2.54764489293,0.312113257274,0.81945004072,0.412499505449,0.74155141443,0.808655208424,0.190870969296,1.55821827471,1.39450704768,0.307304179557,0.733554716855,0.521065444723,0.902863305137,0.893866835237,0.613567010984,0.462330281734,0.539798124358,0.443028834891,0.896453081816,0.0245864458382,0.260174796581,0.388701664601,1.23188606292,1.42766560435,0.131911299687,2.05846340239,4.2144793129,0.0587287203223,1.27910333452,0.0285125426948,0.191530146748,0.0307685799897,0.603462083936,1.8266571518,0.0308169112355,0.0741179896891,0.972864475697,0.22211424116,0.614225323377,0.645798694491,0.573985614032,0.220244432613,0.240244616568,0.255793809034,1.28747708634,1.5809494181,0.110567003917,0.00219959136099,0.174495643005,0.582116181552,1.21926690236,0.219507321417,0.307538376823,0.498114727922,0.769394960403,2.84683544636,0.0123611156526,2.10047571965,1.76711964965,0.722744354308,2.34628940225,0.490910217408,0.427047097497,0.383618770093,0.0965807263553,0.562210023538,0.0243031685054,1.66824566796,0.214077807218,0.00280446350574,0.374157027006,0.0202644106746,0.196650387794,0.130673223622,1.148912251,5.01618697166,1.43694043696,0.914162350893,1.46112613678,0.0848963692784,0.0318908321857,2.60960541621,0.252857175916,0.247662590593,0.967146833334,0.308181625679,3.23996537209,0.755827927589,0.540813815892,1.31177588165,1.26469118781,0.0447758672852,1.53489991307,0.957903902554,0.115232645869,0.0476866240799,2.47812345028,0.118263563253,0.159000884295,1.08050557107,1.24937448487,0.358186543435,0.183003195263,0.391149791628,0.0170038468391,1.2462889507,0.52125347238,0.150742624104,1.02072411509,0.942206094041,0.992000066936,1.12056730092,0.420768805519,0.359716692269,1.94280168295,0.528603182584,0.0392167137191,0.383372737467,0.196310382783,0.671162235737,0.0700758036366,0.491105675716,4.04809448719,0.109098931737,1.34549794078,1.6265655297,1.33314018242,0.0630505351722,0.407228169739,0.801050443053,3.90708113313,0.15554654412,1.61442359537,0.00469670813531,2.15355411679,0.0382487381995,0.496031057909,0.143978718184,0.232473147362,1.97287202537,0.0540754234791,1.83356288508,0.190908598267,0.66276299119,0.185355987847,0.0138420874625,0.130420323834,1.06673995376,0.0196610569954,0.354719518493,0.701133711636,0.0606389557011,1.11671364672,0.721923697963,2.41999105841,2.75679417968,3.04696439266,0.552254718691,0.0227731297165,1.1112263611,1.36506770521,0.322320608497,0.0326889306307,1.12461223215,0.059079477936,0.0726883452991,0.0815451882035,0.183089289814,0.0173842243641,0.220690810345,2.61908764601,0.33088692206,0.0815491914749,0.223329499438,2.6193211925,0.822334248796,0.0636904607713,2.25830020905,2.42698798299,2.41116133928,0.54542044498,0.747174268626,0.0554370985925,0.10622839395,0.150795314163,1.32477549657,1.05799217016,0.000151745546609,0.49605146708,0.175977325253,0.824026145935,0.0538398468494,0.0652354751807,3.06869614042,0.0510909438692,0.441146829855,0.0949026467931,3.68535811186,0.224310825244,0.00739519536495,0.478466853257,1.16699203387,0.443266524486,0.173085306697,0.949437849596,0.154995437078,0.335422153743,0.414543491942,1.27297198992,0.259271666408,0.500101892874,0.77527400136,1.84744116545,2.23109355807,3.13236162249,0.185570653901,0.973364889026,1.60313076764,0.0893366491795,0.575326483026,0.20639817222,0.475593762659,0.85976467818,1.55985528767,0.216075515859,1.29058496568,0.630917473175,0.246873874962,0.17356299635,0.211015625596,0.0986149227666,0.0535004363209,0.289969613552,0.0504345466895,0.0,0.0698207757436,1.98498808861,0.0934983612597,0.0243848801218,2.71062064886,0.465818203539,1.78790114716,0.137924269699,0.0786431288719,1.11528097196,0.153558693714,0.0800292536616,0.624308917169,1.19188416436,0.0160997372959,0.0438810588606,0.00836055874825,0.0253252765536,0.293044647081,0.25801189445,0.00988577961922,0.0459062455595,0.0440724775195,0.0965579530597,0.48776856944,0.575169224218,0.190191371143,0.143163084625,0.0479221976548,1.11898170719,1.00838040143,0.52113054581,1.97642576233,0.596725578904,0.0848548650928,0.0323616629094,0.0375347405113,0.590197812393,0.809979582205,0.858072618693,0.0408751745615,0.0993247681111,0.238308320753,0.221122149192,0.34819398284,0.00619484961033,0.000324627039954,0.268312426396,0.111909396433,1.13755891681,0.704831791632,1.17080513418,0.684437767565,2.69091105938,0.127477434287,2.02040885329,0.0260893624276,0.107107725989,0.28040805012,0.0658793625981,0.80875978142,1.15615685582,0.664997291081,0.0126242054813,0.487125174031,0.158991425484,0.0247343044728,0.0525364032201,0.932630095202,1.20593921274,0.0282403283007,0.905176796094,0.0,0.0529396801745,2.0448285377,0.454464646727,0.135153700113,0.195900461068,0.253618813977,1.19393713623,0.50989030689,0.0520505801588,0.653417541832,0.13862781194,0.0114419925213,0.464872925542,0.002492735181,0.360487698652,0.150175482938,0.636316552907,1.02938731432,0.986722590625,0.269798198584,1.87329757929,0.513371859272,0.290046247672,0.153183478322,0.102011562381,0.787254487681,0.45761397019,1.70067501545,0.18748622166,0.449418175668,0.147030212525,0.244061180428,0.0712889223173,0.389543731287,0.18006782759,0.592993067692,0.134341552397,2.38770176917,1.46785900958,0.428846232295,0.0960582968593,0.0195820182562,0.325357339457,0.23185798971,1.68809668899,0.719095187448,0.00705194423441,0.0469641609117,0.0181288683042,0.319602822065,0.571944668693,0.198867426952,1.69757671878,0.368444396332,2.86013580974,0.00655238896608,0.258642324284,0.0598511243053,0.086143944785,0.4278762573,0.219170132848,0.0906568490667,0.565285827969,0.105198200457,2.18199607909,0.725351561904,0.028629559353,0.4488605728,0.123825014047,0.179003461562,0.00381588067859,0.21520088047,0.365671718828,2.47716823459,0.223253346644,0.368746405039,0.332574697584,0.109665441974,1.20054955214,0.181682044342,0.325552505264,0.0490356431156,0.0376897327136,0.056648329848,0.585568007175,0.612599229044,0.594635951258,2.40928880572,0.412057331242,0.432713941475,0.533355655596,0.0140706150234,0.152871543914,0.383772413321,0.704339519423,0.129119645217,0.282719508312,0.00143414199352,0.0945255195349,0.190896810791,0.159007310942,0.334787337147,0.149777355809,0.130784904063,0.0672033267468,0.00193658858538,0.228332914263,0.25721617166,0.00481453352142,0.509781984091,0.267958317585,0.541228363663,0.514904907346,0.592577885482,0.00756130743772,0.224115907634,0.336779685766,0.0321142464131,0.490775594627,0.0900531569496,0.710984338559,0.348312175719,0.00864817164838,0.475424035788,0.0947704190208,0.324778658133,0.52427748214,0.181790598352,1.42156231456,0.177998687401,0.111341487722,0.240605284218,0.140215054452,0.191654796475,0.170545604303,0.119640638083,0.0231950150803,0.151503678672,0.048319671154,0.359673487768,0.241812787578,0.294989877348,0.0321408179775,0.22638939634,0.0933684414253,0.928203678578,0.317462645201,0.126182583869,1.9837069869,2.68978000179,2.01415654898,0.163491066556,0.0819655689318,0.742475206619,0.938694961369,1.19888939513,0.794623145983,0.0898290589452,0.162759743687,0.95263324067,0.932538040429,0.429345047101,0.16483226113,0.631103273332,0.0370391326398,0.553675113171,0.214026819104,0.107180909514,0.193332355472,0.788132196022,0.103840423971,0.0982965567708,0.0559353947442,0.0193790975213,0.0013244509697,3.44199070938,0.855718729831,2.04635049313,0.0734225495066,0.75709477827,0.0846333709359,0.121530066491,0.843879710734,0.600098458827,0.976579507664,0.000921982366999,1.6907344766,0.202981267609,2.66717058659,1.31429243088,0.677582545206,1.35026891708,0.795017463242,1.04961141869,2.50104523361,0.0167053827643,1.95187478773,0.0590778378025,0.856384778619,0.525339581668,1.10504666906,0.0253769883513,2.34110192459,0.0935073076934,0.852799263801,0.496912286505,1.46808310434,2.36179610014,0.926986400783,0.00654365003109,4.30525111374,0.814834275097,0.0,0.3731303625,0.00832779306918,0.0358175897598,0.0658850547578,2.26290178798,0.457416647822,0.244609403014,0.016828363426,0.738897992522,0.669663962666,0.49649010073,0.0555939560104,0.382872403045,0.256128238626,1.37401858464,1.01122523065,0.465457755402,4.01589199483,3.32494972616,0.594239255413,1.31778166701,2.48276527076,0.100965391314,2.02574656069,1.45904481461,0.0740024610236,0.502941842675,2.29646102011,0.801205956042,1.41433758557,0.271313166423,0.0210946286842,0.320118430313,1.64850649416,0.204055756293,0.130008988976,3.27124243766,2.28125832319,0.858018191885,4.27181225508,0.0445725741982,0.0876956152916,0.513790767752,0.630777597846,0.618558997177,0.0221036681905,2.83341498587,0.793235073313,2.05743597388,1.56194618322,0.488744622106,2.07947841525,0.501472356431,0.166885893513,0.0604566721851,0.450608542624,0.640714164823,1.10661954656,1.01547790408,1.9752673392,0.57487357948,0.833933581263,0.223356871754,0.292083456479,0.775135238105,0.475264279377,0.782207677811,0.438380193412,0.221838199794,1.5896376729,0.101065637227,0.331891891868,2.84530015111,0.00026954125613,0.0034668687731,0.72523976652,2.69228656054,0.571494060457,0.47477065973,0.909567517638,1.44636228785,0.366586965919,0.389933584686,0.127883002982,1.67191300869,5.87038610935,0.40070168294,0.994280014746,1.37538015112,0.925458618943,0.113834627685,3.13161263462,0.190581144392,0.927538703915,1.51080398109,2.58650775641,0.179086520569,1.50533023775,0.206273876578,0.0568123651482,0.888064951636,4.04200166345,1.57618045565,2.34054482043,0.0660000149906,1.37063463569,0.0217070667399,0.205868932111,1.08524898708,0.583229517341,0.150058811419,0.234810257517,1.95307550788,0.0103881601989,0.257957947962,0.0987094699964,0.00580730982125,1.21759833515,1.82682002129,1.40628021896,0.100919375243,1.20202915488,0.0350535763241,2.37038763076,1.54900537748,1.07430444118,0.791719934195,0.0435700391978,1.65174252056,0.956593914181,0.413796912096,0.885466138609,0.353713216409,0.11743031349,0.00741307575721,1.23601477079,0.999936004374,0.0906875568628,0.492487695515,0.0763107383251,0.191973116137,2.44423598135,0.287477528332,1.55231234178,0.194844093593,0.838388167024,0.151792613426,3.53436764538,0.974243644029,2.61313659489,0.65841218777,1.20817205787,1.17733849265,0.681002837718,0.351009021513,0.191207218207,0.836335402997,1.18341500998,2.45411868576,0.255047706036,0.14006788332,0.0930313159525,0.25968920432,1.4840997762,0.547269813567,0.00129616426304,0.0709705582075,0.197954019662,0.36105699055,0.133960724119,1.62221953312,0.0692168723792,0.867482192889,1.10960233986,1.31030068025,0.0179270047881,0.913691485601,0.432022007639,0.301547089368,3.76710340679,1.353464114,0.0905684361327,2.79991872728,0.0874713198841,1.91325712204,1.23941274699,0.468938435204,0.619792996608,0.318658757284,0.654814848267,1.1740216963,1.31854215562,0.273149571475,0.294478569645,1.62272094235,0.664478344239,0.121609831136,0.643485122919,0.516920284852,2.37742856249,0.673085570745,2.63355681669,1.25733206004,3.33813659191,0.601499227583,0.621043462902,0.031276653856,3.44025086761,0.189622458145,0.112302089892,0.398899801746,1.00153190304,0.0482810031995,0.144231782416,0.0,0.16418407131,0.488543778905,0.0,0.69121721223,0.0906919806823,0.127877975032,1.06610981733,0.987021112889,0.278671324253,1.86197424591,0.400939344466,0.00115639649332,0.00016208531335,0.0365381493047,2.96842984676,0.84764330104,0.0815780933201,0.558485141043,0.0171040151268,0.0473981679231,1.01606788712,0.0593568941951,1.96747114388,0.00989095032215,0.13959731102,4.21465266615,0.0517959230021,0.00331028372049,0.297382747978,0.0793041825294,0.557956273146,1.07029101342,0.0533003041148,0.0992005522735,0.0,1.18366199967,0.743201223835,0.0389529538155,0.319246436059,0.00354328125715,0.177983425409,1.17935052469,0.750794732496,0.0313270646334,0.34066788882,2.45176056027,2.18399208099,0.031383150816,0.46384225864,0.121434660815,0.14728974171,0.159342149198,2.77376908306,0.146283023097,1.14825760081,0.0409144529048,1.18628916889,0.089386681281,3.54507128596,0.0,0.711669800468,1.18940638244,0.0,1.79238394767,0.0984615927376,0.382487966754,1.00693753747,0.000538464747369,0.00741158783436,1.96556572411,0.0,0.0630911844224,0.254162119105,0.252135278322,0.0,1.25621019006,0.0175910693407,0.0202997758985,2.31690997392,0.00604888096452,0.0678401046991,1.2284796986,0.629077369496,0.170267998502,0.137677893937,0.156870588858,0.0287744539604,0.0178744247556,0.268125981502,0.0312009358406,0.0,1.04200502157,0.51352317974,0.0179185676575,0.368851522505,7.79002244845,0.0144646592438,0.58573665278,1.0906861335,0.383029304119,0.0336856339872,0.0,0.114621779788,2.79833533615,0.341378086489,0.0532118390687,0.291228025742,0.0730109614134,0.989371053763,0.60087163534,0.69014924299,1.17943131462,0.0,0.0115588521957,0.128452738179,0.231570392177,0.0659596297517
20,0.0,0.305231218934,0.106566948891,0.540460813642,2.62450725913,0.053098295778,1.37924609587,0.0799167075939,0.490362085924,0.950609196872,0.0944537144899,0.439714763761,0.0283686262369,0.224483176197,1.57966448642,2.49839609027,0.503788619637,0.35694741128,0.13183235988,0.946862235591,0.94022522985,0.0,0.995161508024,0.0,0.0143632959574,0.0,0.0682747501694,0.0211859417707,1.10854035258,0.311895462573,2.5835165,0.0614208893478,0.358501787111,0.00264904730022,0.122822265942,0.00161821395159,0.0714931794489,0.839087471003,0.0637119247354,0.207551062852,0.0439894935815,0.0495787575841,0.171129700541,0.283104575276,0.0278728571534,0.628239433654,1.23293231487,0.0301502370834,0.00335905894637,0.431721547768,0.0435909671895,0.919664614946,2.06467228681,0.00225307047367,0.0341763530299,0.026362491101,0.309552059993,0.0441278205067,1.32310241759,0.0503781716898,0.210036989748,0.296949059293,0.111785526127,0.277632004917,0.137135808319,0.313392671645,0.675284775347,0.107110845149,1.38998069922,0.58643586129,0.838151932769,0.591561296284,0.00852942250669,0.309128050134,0.0663921600487,2.19463870525,0.223867321759,0.982109169131,0.0451388585567,0.0311654482782,0.10078973854,0.157929984927,0.380482964665,1.32735945504,1.27457524006,0.00312503812835,0.100012548883,1.49144479737,0.0344685388729,0.55192623429,0.022196200192,0.0313907451369,0.180121737514,0.618058731481,0.29519601658,0.293652631938,0.241084827504,0.110179152191,0.00565914668143,0.0715008455887,0.685416180464,1.05155154198,0.604362700991,0.302589687109,0.943073621988,0.0,0.0,0.334660813175,0.830412142985,0.0479055688903,0.0932613901468,3.35349334836,0.12124891188,0.0110883397609,1.03782668352,0.726899894774,0.0,1.0667973966,1.80768055834,0.327672408111,0.092761054337,0.176796562774,0.186268735304,0.317691695243,0.265919535905,0.0746302199084,0.507605238706,1.27709300954,1.47191481113,0.0282142266212,0.14752776131,0.113107324429,0.507449670136,0.748514064699,0.265015458213,0.857742714658,0.596121992245,0.0445114517584,1.96757356834,1.39312872335,1.07091825455,1.75168000817,0.0941331996769,0.0369446062297,0.00579886160791,1.58217136614,0.443959049694,0.0646221894771,1.35034700006,3.15447733402,0.585516377017,0.234252957106,0.0182487848029,0.237968018558,0.515536991023,0.0829474240169,0.149446171373,0.210404872298,0.179108649828,0.00841086850502,1.71209953249,0.0388922202587,2.00644837618,0.0827364723384,0.310816354752,0.352675102279,0.66317370832,0.140536571145,0.800060992464,0.010590351671,0.0459858703613,0.790631578881,0.0517668967793,0.158156981412,0.126023296602,1.32845756024,2.76412347892,0.123746719807,0.37921730686,0.585761941388,0.36421400696,0.529936757311,0.191654464789,0.396174489036,0.0981493454985,0.0939589585364,0.0780693798512,0.200117611513,0.200433957577,0.646119340565,0.0437581601646,0.0104581376334,0.398935369924,0.27989016945,0.917012283206,0.114531039149,3.85150203528,5.75939730167,0.0467335242033,0.192497864962,0.0219139953703,0.260358816683,0.0160988150723,0.174769780487,0.715645246319,0.0930331963301,0.0663627701253,1.66245780945,0.087673410736,0.0798482965305,0.314301560847,0.3514573358,0.0118584772944,0.0361139785498,0.0547032489954,1.10739044711,0.728452542312,1.16371776998,0.0,0.157770774132,1.09403170183,0.182972459868,0.155686300118,0.179449694101,0.355541629549,3.14685065091,0.845355741382,0.25849847436,1.76880180508,3.36378154889,2.61147221088,1.21254711442,0.252537964527,0.0915817487985,0.0578542092443,0.196005339697,0.2629960097,0.0141933977604,0.284224638194,0.111049662071,0.0167708694935,0.0845927946363,0.00657790686935,1.05386495326,0.124257313172,0.303406322002,2.09809507579,0.712815876454,0.284169024974,0.348533988986,0.250977867395,0.0089547085762,2.09170327663,0.231473459452,0.87583590731,0.319700543182,0.432865819149,0.791439822093,0.176310946494,0.181836572289,3.06519510925,0.701381503027,0.00252156861126,0.807345369458,0.572937530875,0.190308571593,0.00101441130042,0.735977131277,0.00489131227136,0.332421486378,0.41965074271,0.710307635218,1.90226911381,0.0982856757939,0.080361160934,0.00729086577892,0.530265919715,0.118408426642,0.643782103099,0.396769438796,0.576441267729,1.57240950167,0.257105922401,0.308544997349,0.0543499163166,2.27117657304,0.395803909078,0.0316061661392,0.416590571292,0.0454742094129,0.303823153451,0.323641921636,0.22815569357,1.16211876851,0.0305227197707,0.618333580717,0.789297858924,0.300921903402,0.0149092989415,0.0811840322055,0.721571521387,0.789389516413,0.72733571589,2.60980604827,0.000149051118642,0.797235668898,0.0,0.240487861726,0.0338514971361,0.322798537314,0.792444780618,0.00609290994704,1.1622802072,0.182270457111,0.620420500655,0.0405932687223,0.0307250919938,0.0657962684985,0.455677951276,1.0267849496,0.257356070504,0.152420593087,0.0,1.16437428184,0.970929153413,0.953957110792,0.568176165819,1.03992762282,0.299582616389,0.00273000180721,0.933767091334,0.593551465571,0.412358151563,0.114224939793,0.615755192041,0.351671670675,0.00867382183322,0.0886039557122,0.465976336524,0.0194973009825,0.305592476428,0.888013292775,0.988021109626,0.0492525732145,0.300101789301,0.984671308845,0.518067124868,0.0103953070939,0.786286479235,3.7078269434,1.47598665485,0.0494268100709,0.687441993728,0.0644546717405,0.201087998115,0.100128891133,0.602865803391,0.543988433443,0.00160617947578,0.544431132525,0.106855323501,0.466428817548,0.0644004136324,0.353721322408,1.99515862703,0.0619271979108,0.436779656857,0.186110331211,2.35044993937,0.0722898115218,0.00506444122642,0.0267944791168,0.590331999967,0.143562494833,0.0849350870773,0.409349068403,0.15939202562,0.16890983874,0.112679101676,0.833385283947,0.10451288335,0.598755883723,0.401387998518,1.8647622782,0.760384795442,2.16127527595,0.048785043573,1.02102248143,0.796260011513,0.0738256851281,0.199705882818,0.234627854361,0.183745591007,0.257637929088,2.61264565229,0.221257036845,1.61446553281,0.343935327623,0.18983949611,0.77063258335,0.0763900323678,0.105834508343,0.0248064512759,0.0,0.193719972358,0.0,0.022438570857,0.848798784949,0.00957981227897,0.0430255988904,1.04097512186,0.0583892435161,1.00677505685,0.128875683165,0.0796744077047,0.507334183753,0.106192829348,0.0767775006965,0.559036254138,1.00067670815,0.00117384307086,0.0952086428925,0.0226441945508,0.00874780208105,0.292444947707,0.225864007957,0.210661889948,0.0740247852448,0.00589776906185,0.0693794436369,0.293584020883,0.193731343914,0.420838810951,0.167830770183,0.0157192846853,0.7810824297,0.217745080292,0.258325884342,2.12574778358,0.163677867241,0.0290750359185,0.00879043713212,0.00700578629971,0.149339019209,0.224649892254,0.707982974034,0.0396836463269,0.174944487736,0.371772038713,0.197704104176,0.314924862869,0.104923655242,0.0922454216704,0.312578314096,0.556995040905,0.627943665273,0.366224202551,0.485666098557,1.19953181446,1.19401760015,0.173464240399,1.26110908591,0.123079258595,0.0505236694217,0.0784949250519,0.0373769659549,0.142639841139,1.5241282019,0.571448289491,0.0,0.232155650612,0.0221546604112,0.0537447175384,0.053485921137,0.832796846703,1.69886878133,0.0143694651872,0.41778397067,0.0,0.0469091813825,0.712908233479,0.658755337,0.00224578116089,0.138360681795,0.481649437323,1.49592070729,0.280874569495,0.0253441932984,0.988009839058,0.183410744318,0.000789471268654,0.201677153312,0.0207463363558,0.967354882397,0.354765247777,0.269462063611,0.328338936679,0.45620558802,0.180822568052,1.89508198112,0.356715781437,0.361675429046,0.306120137796,0.0253212067188,0.417397367954,0.0468138273247,1.07960333504,0.143454716727,0.157605556441,0.50068608586,0.262788401423,0.0701337782294,0.132570736632,0.0840677835792,0.124292724356,0.0820812278613,0.885076721199,0.864707289338,0.283129855581,0.00763743042946,0.00369446992874,0.137240669653,0.158504364891,1.26223324232,0.299144397862,0.00744624361396,0.0335502544418,0.167769333023,0.0271949491464,0.204295932353,0.318667259812,0.342038845811,0.492549434335,1.89546114966,0.00207249032333,0.00575323008001,0.0143593985401,0.241100329114,0.329453596321,0.0931278840452,0.0467381203175,0.387090159059,0.341367870271,3.30228296041,0.210195727199,0.0268783307448,0.149981990941,0.0765668541938,0.0842587538809,0.0,0.107475679386,0.640809849873,0.939844046179,0.309248302579,0.31325223092,0.139949628394,0.194342908114,0.684629332721,0.0514215569198,0.269130614549,0.00498942457139,0.018643196905,0.166662115231,0.320666923374,0.750830303784,0.571952032372,1.21776170656,0.364645883515,0.482312759683,0.175639556013,0.0066431702883,0.201796551496,0.0619742963649,0.484178747535,0.1099367759,0.207238502782,0.0,0.0569380007312,0.354925011566,0.0240481768548,0.425223922282,0.0393042250257,0.0826763962209,0.0417281176709,0.00179821699858,0.14861012768,0.250473706871,0.116403996036,0.553857753053,0.261418462098,0.117391434461,0.433102610111,0.0350392707065,0.0138863443956,0.152791193426,0.529409409463,0.0149312433647,0.214141227473,0.313681223318,1.43786632359,0.117163919716,0.647895550877,0.000881733000278,0.133255310942,0.476341470769,0.185644596722,0.26371282259,0.718755388334,0.0016579502821,0.222327643558,0.061408758834,0.0244621159416,0.107433136813,0.148469286625,0.088824676713,0.0325123013277,0.113509930223,0.0687475074083,0.0545325770788,0.704009894803,0.35571261473,0.000886301323771,0.250094015896,0.0513494993001,0.342918104827,0.644672254254,0.0859538872726,0.614424425811,2.20180697888,0.926052187458,0.375784355756,0.312729845941,0.644119070843,0.722098588645,0.574100610539,0.692229383886,0.148898155838,0.60608847715,1.17872341692,0.214314814843,0.155156839378,0.155617673174,0.640461092293,0.0203114403505,0.257751295227,0.142617950998,0.363329873532,0.316204654425,0.879218479209,0.0386441870034,0.270627226569,0.140742266271,0.161188252121,0.00236148952739,1.48397078615,0.393839411438,0.755225727139,0.0553754413128,0.618871950898,0.011163136065,0.0303694188967,1.91816688657,0.708540474195,0.217958196588,0.0,0.981921568736,0.178103808351,2.31208081841,0.695162823647,0.675107359067,1.27709733509,0.32055013001,0.515896051929,2.34369482853,0.0146624002396,1.2955550456,0.0095078762807,0.24932252761,0.205331179723,1.03873354167,0.00180132029578,0.612853950709,0.0291034398973,0.249672924466,0.11598473506,0.646835557446,1.44294392426,0.494463843331,0.000508506558836,2.37603126764,0.334730225466,0.0,0.216376166642,0.00109415505081,0.00980218142271,0.00936988805421,0.837847422115,0.134090819955,0.0701802449115,0.0197377171367,0.475320294928,0.341510980576,0.196037510531,0.0663980294764,0.00737107642693,0.0873038776143,0.288408738077,1.26432874724,0.444141285531,1.40296812625,1.41461461537,0.0766016788688,0.947391738389,1.41304294094,1.6810446924,1.65041117579,2.00441747902,0.0496305987518,0.349267587289,2.10210729718,0.856616952866,0.232826211154,0.279450652003,0.0,0.271904393872,2.69231801033,0.0330635738373,0.108669329765,1.17978681186,1.6663241696,0.452346011698,2.61834250273,0.0332642576098,0.0,0.216508522462,0.301334110829,0.612594563034,0.0939943518676,1.50052930012,0.236611095155,1.07263409253,0.878226367384,0.129444078738,1.4936318149,0.10892119199,0.343378994055,0.0026315093413,0.352487322335,0.303638881203,0.740570899546,0.881708572954,0.989561615735,0.459754905775,0.279151811358,0.068393779397,0.0709389861953,0.570386452712,0.727751202807,0.373219991022,0.0504835620522,0.148818667382,0.428738088794,0.00367481078953,0.121264527887,1.598180498,0.000459332950413,0.0588732187962,0.374734118413,1.76882968713,0.266924486905,0.0963830858562,0.67511796385,0.793046066882,0.0478210056853,0.0293329948187,0.0160082141543,0.950076064225,3.50534852631,0.125664650928,0.441100586858,0.487540436248,0.630718220267,0.00557260997593,1.26573405509,0.0555653395271,0.573938524071,0.946696951799,2.4986180687,0.0991900167614,1.08069036387,0.0,0.116106131205,0.453651760668,1.97999161035,0.681697448716,1.56260206401,0.0933591811545,0.917286851555,0.0344196714647,0.0365349407867,0.0411152939871,1.72435065091,0.0583808152005,0.110767999887,0.4478916803,0.00164447188377,0.14317574448,0.167606099108,0.0273077303171,0.850038988441,0.648274654672,1.10473090649,0.0483916543797,0.323229718031,0.0900283744931,1.00180224072,0.740852864832,0.387663983554,0.472547380514,0.206806167336,1.26148998164,0.764382813135,0.112306962349,0.222388031278,0.105755714402,0.0797091951966,0.547323218416,0.588437868012,0.960722910017,0.301861913428,0.271948414221,0.015623214622,0.107143198736,0.944337978959,0.126227534935,1.32342956237,0.187724777414,0.510109008029,0.0139735717326,1.47730106115,0.627376553491,1.49083207428,0.120649340414,0.568990208544,0.57624917686,0.305299468813,0.192271031514,0.0880108568072,0.966969645321,0.779277635738,0.883988749534,0.064390623793,0.20942434222,0.0220286506973,0.363923830464,1.70808849782,0.049240346849,0.0022558975406,0.0379755693674,0.168216313012,0.721921766438,0.0165542101115,0.370097946543,0.0164180253819,1.0364029403,0.231755800066,1.87349369977,0.0136247796519,0.443905702531,0.122948784311,0.0423879303783,1.8628634005,0.787084615007,0.0204475720227,1.29407582901,0.0922678659717,0.858176832795,0.405365892517,0.0859343420342,0.271741013676,0.168055707105,0.630769360103,0.921539461613,1.34261722762,0.0433368379064,0.0100309507363,0.533177310147,0.113925261497,0.107280257018,0.462352112383,0.537356630377,2.07590802968,0.87016200563,2.03124941483,0.942041910402,3.19588691235,0.538622431159,0.438153661788,0.0283047556877,3.63026929617,0.0129539281456,0.0226030176878,0.457974197734,1.49175239209,0.0454697754979,0.0461698210239,0.00433183163404,0.62131699875,0.680642918753,0.00053265221417,0.10515107289,0.125759195313,0.00787007950246,0.476999305412,0.552921882533,0.322458085511,0.902441392867,0.0979426552728,0.0158868122101,0.506170271412,0.00689856886864,1.10150346562,0.121795290411,0.00411890223622,1.08836203436,0.104592871666,0.0740715453774,0.350512186885,0.00683549612761,0.369902408533,0.0669011169672,0.0125257325172,1.47217873868,0.0134636280686,0.0,0.191940628523,0.000747660025954,0.0318077328801,0.222215209473,0.000456282962114,0.00507274188101,0.0,0.752823578827,0.303203860391,0.0114191031456,0.223220460415,0.0,0.290543202981,0.0497812749445,0.105948694721,0.0271902140975,0.0112274659704,1.65500962995,1.21641146552,0.00324958890676,0.601258320324,0.395099111758,0.295438787825,0.0435715023056,0.617363987239,0.0,0.0860972801386,0.0287350076437,0.585978295654,0.0655418870784,1.20926392019,0.0,0.693520061094,0.796411184222,0.0,0.0672667842265,0.0198721639812,0.0796710471809,0.168678149134,0.00158538356423,0.0,0.68477139682,0.0,0.00760749489069,0.154119965844,0.122244773814,0.0,0.876255475692,0.0,0.0239863788709,0.909808837175,8.38299188763e-05,0.0,0.537996032182,0.140791244842,0.0392576963734,0.149114342462,0.00800618708134,0.0,0.0,0.2604457587,0.0376622728398,0.0,0.787121615149,0.632237807959,0.0,0.923507934436,2.81991379645,0.0,0.297174610645,0.146683043214,0.0526267097145,0.0104231590405,0.0032287055254,0.163938139607,1.0782597059,0.402320232093,0.00221674457192,0.0302575452067,0.00988626912236,0.729117813408,0.51714533519,0.164510722347,0.921804939955,0.0,0.0098629904585,0.0573766725883,0.6275169155,0.0531707864068
21,0.127417884637,0.917097105428,0.544415617511,0.613505676985,1.90722253358,0.0412475961074,1.33436095349,0.0364982745796,0.149058762188,1.04459119812,0.290065809563,0.993827959001,0.0770888015162,0.735874480251,1.76759924716,2.52156689644,0.995024842024,0.106091088131,0.36846018007,1.15901022912,0.674806902781,0.00612607797608,1.41720725715,0.0114797184616,0.00833009108901,0.0183018061519,0.0309264349192,0.158159998134,0.463791028373,0.269587470293,2.27523900557,0.549013957083,0.553529538177,0.0,0.0824997168779,0.000511861927807,0.273081723861,1.00779368976,0.141145578325,0.396805413961,0.115393703356,0.106324624456,0.0836704021692,0.550896060877,0.0086437857151,1.79684142835,1.47626623411,0.0775378072436,0.0499300049245,0.252358610891,0.0704855523445,0.376749754176,2.35744847655,0.024687166214,0.0941335826242,0.0,0.284579449594,0.215349395999,1.23502810121,0.207892269455,0.170690578669,0.139360203147,0.199473492056,0.18384137094,0.0991840904951,0.740738937855,0.548264510557,0.111750954464,0.983835806996,0.455735355169,0.76775101372,0.477153646685,0.0209449444711,0.240133720376,0.0343779019546,1.34116317958,0.403762517869,0.609005904431,0.0880170223862,0.0826924420334,0.45042273581,0.172968401834,1.26704698939,1.07138887975,2.13924332172,0.00320713394322,0.154199356898,1.70459748209,0.0965356093645,1.16103626415,0.0758009421825,0.0397789575532,0.330909947753,0.37071667201,0.50259526968,0.415311932303,0.47731847737,0.121476212144,0.0,0.0229984539747,0.355372683569,0.725962114185,0.345779915601,1.64842139095,1.19101363763,0.0382387945056,0.0708837645873,0.485280151125,2.14768730015,0.058126521185,0.176383940578,1.58039451897,0.357924840823,0.0578715860099,0.783649284169,0.554656723738,0.0,1.39250913829,4.16596562684,0.234994357731,0.420611824393,0.193011115342,0.10929336749,1.10421602845,0.121133925617,0.546535810232,0.746345690936,1.1434620608,1.71551038265,0.0395377669018,0.122603857741,0.539808003679,0.285219852552,0.372956257313,0.546173999682,0.512965242267,0.276629082114,0.105554804951,1.65720953468,1.69122640334,1.56832407355,1.59651136369,0.364814874753,0.0222377872281,0.240763070285,2.8815768975,0.436624260731,0.0868103780411,2.18761966586,3.05205787778,1.13228984177,0.536844674945,0.0862672685087,0.597966206819,0.21702304408,0.170815330623,0.539967062552,0.137188959252,0.00442261278629,0.00579833952666,1.22137497291,0.14185404405,0.480819182284,0.265662603993,0.131751809567,0.369807319752,1.46920294479,0.0718324878812,0.844783405289,0.0134171247482,0.0320337943546,1.61785922021,0.492854372263,0.208624038845,0.578733305633,0.682267165482,2.51310367759,0.188073234558,1.26251372516,1.31829783142,0.294530960508,0.38605620821,0.314705856368,1.11143643022,0.984622704983,0.215461739451,0.60292385906,0.478450758085,0.304749032706,0.692947623357,0.00565338036045,0.0490572190285,0.269439064302,0.459202060103,1.19197385848,0.0993635252211,3.12043279722,4.01812807083,0.310735489726,0.625212177094,0.0426405604184,0.324494986944,0.0121677553654,0.514761965722,1.77126502126,0.304482610412,0.0496908545494,2.73473210096,0.479687782228,0.52876503408,0.430557724722,0.230888877437,0.0687286120653,0.158979160748,0.310751782134,1.46335293464,0.244826963134,1.12609669806,0.00193977274001,0.166204057485,0.584284778088,0.603246536776,0.19821376672,0.34719460642,0.306974170133,2.45022317983,1.3274086011,0.0401446072012,2.06596372008,2.7435056103,1.1303458178,1.6316555357,0.168544473238,0.213556772619,0.314764613211,0.123852343261,0.680391196311,0.0492329567671,1.15842236996,0.219478174932,0.0,0.351964110285,0.00693594157696,1.01191336398,0.0744244931545,0.838933938742,2.17132757396,0.994426577687,0.780884211361,0.545964331296,0.0165319958329,0.0660624564067,2.43973624552,0.366279470176,0.458520705029,0.615412560403,0.124150413871,2.98206054211,0.494306909516,0.243427049071,1.46820930116,0.844998914376,0.0873070265818,0.817432744503,1.54940925006,0.166882672533,0.0647571078967,1.50272441626,0.311591558233,0.416756247766,2.22989551604,1.26004195631,1.80081530452,0.0398554229736,0.31221157372,0.00183164283633,1.0651974567,0.224276300371,0.389415621161,0.837119526863,0.668706247807,1.11459987044,1.53858514994,0.433941486776,0.10418451719,2.57437464409,0.557038790733,0.146065029204,1.49994855613,0.200003349036,0.582246452048,0.161613589302,0.650779306395,1.90903634787,0.202773598111,0.730177921057,1.73246613026,0.799417727888,0.13264685411,0.296816763096,0.777380623519,3.45677444935,0.409463637657,2.02106934968,0.00534695386887,1.21264874831,0.0165343734622,0.541967753023,0.0963153590809,0.379211325198,1.87053403497,0.0709716116637,1.37828884006,0.0590290427208,0.481153768301,0.0209260999598,0.0751287557185,0.0312386166304,0.986416814467,0.223149904311,0.258787650615,1.01978495419,0.00413800310344,1.39331905201,0.708338230252,1.48477239978,2.25885690093,2.45201910041,0.292981290221,0.0126680502668,1.45515045311,0.701516283266,0.220817096829,0.0491762758885,0.588257588744,0.181695284024,0.0288711527362,0.107768843295,0.309684150815,0.0694619643688,0.361585074505,3.25294437528,0.70263568623,0.0479742841143,0.0617548109591,2.01512421149,0.465098684225,0.105851621293,1.6897291851,2.18848643765,1.79223717503,0.463952680528,0.713455810696,0.0209753456444,0.0957370365411,0.349007875316,0.941510977186,0.749701155445,0.00103373624384,1.33677906767,1.096631006,0.616359479753,0.03322335748,0.047359258458,2.42838623047,0.0852424992528,0.770418131351,0.238684616815,1.80256498404,0.304803289622,0.00380101889372,0.247944257781,0.703112075403,0.400805565063,0.0654299876094,0.935441432595,0.54039557769,0.325871610865,0.267732379884,1.17724651471,0.207957202159,0.746092725098,0.42011990495,2.00579992324,1.24487838462,1.57812562674,0.409076565392,0.710359055549,1.38027862893,0.193817805704,0.460683946982,0.308250997551,0.306461960636,0.768966483995,1.55328390479,0.454415692613,0.534933157992,0.392080327291,0.452882449776,0.47295548819,0.108513136953,0.166645656228,0.0188565133512,0.0207053127885,0.172469151029,0.0134648411721,0.0807254225016,0.965908227265,0.220486214641,0.021862567924,1.87761315104,0.503389299773,1.06055958671,0.568273043707,0.1453293976,0.546634980584,0.086234129963,0.0888048089389,0.753579414189,1.10721289464,0.121678199768,0.180092315152,0.259958528429,0.310050376719,0.497204333022,0.193009600714,0.193426677622,0.0196628123149,0.0142896267679,0.249475463033,0.940519243591,0.345888452367,0.71467432335,0.295451070666,0.0474537301064,1.23636342542,0.679881425481,1.25622815989,1.45986061394,0.63425895825,0.141079274109,0.136300358325,0.200016812682,0.405349539481,0.230485105021,0.618940249085,0.0367362673953,0.362611478493,0.207860989999,0.155217896067,0.764363174327,0.0181842439529,0.0617989133298,0.553956055492,0.637302291989,0.60746176511,0.385116180927,1.03263310279,0.556404640153,1.20939623669,0.0986422389746,1.00870050993,0.135090862289,0.0291143456707,0.235095546022,0.0438895148598,1.20953036204,1.37514609037,0.443352182852,0.0178364795446,0.874803147046,0.058590714559,0.062508251965,0.0737639850704,1.45645509526,1.12219826609,0.180890084999,0.409805754768,0.0,0.0311652147397,1.45908800486,0.768755166605,0.14379326269,0.199246710095,0.204989670068,1.23355694492,0.201075550392,0.335190761536,0.748239961118,0.27008053124,0.0424788305163,0.45130078733,0.0514868424833,0.879031500444,0.589047707766,0.832576437518,0.679814664125,1.19439536482,0.201403445583,1.37194278121,0.319923266917,0.179666293636,0.412158442736,0.0267007063981,0.620762299299,0.348669804232,1.36993826315,0.542656311691,0.408063829392,0.506825945654,1.19085416502,0.25545815615,0.633884074092,0.195391672105,0.577754267063,0.15432885143,2.40422050714,1.08600948103,0.303513864353,0.0572483829409,0.0245698693395,0.0765227427427,0.386617915211,1.34501807768,0.293627465988,0.153244144917,0.0603075569123,0.144203393301,0.447525277138,0.648006752189,0.21189670918,1.27015997052,0.43249971387,1.5692512711,0.0114185782569,0.0710872580856,0.0374549198896,0.278612199444,0.127406321894,0.351976885181,0.220330450498,0.773622980257,0.387200337485,2.52589731865,0.53327850908,0.139217135534,0.405782809332,0.26831979692,0.317068457617,0.00830596977845,0.315964403562,0.513653243147,1.1923629047,0.370751333758,0.67112751279,0.230644519068,0.277124685748,0.882290383019,0.0697398740053,0.0798203375563,0.180831635147,0.0918961527385,0.358742069528,0.263294525333,0.541633644924,1.26167547822,1.59660608746,0.474693843145,0.360504518561,0.471632638127,0.175273910686,0.302916246355,0.217522782162,0.409867533259,0.160889388286,0.146076830912,0.00414060987532,0.357296251357,0.666320000943,0.0417590985307,0.215884737205,0.0158236691589,0.253343154117,0.0302203928679,0.000644382759929,0.276212250963,0.409822049402,0.0444684148207,0.206945183054,0.116513789874,0.640155956298,0.371616092501,0.233503026813,0.0419119339436,0.255948488872,0.275113145337,0.092311091125,0.446617546165,0.0989424117334,0.84372861743,0.462389346361,0.180848688334,0.0787522697245,0.103404229861,0.769048966659,0.318266200759,0.410840696541,1.74228206041,0.158763931543,0.34184847407,0.347824200173,0.080399141442,0.0598846763372,0.246506275535,0.209598863348,0.202517696004,0.0939624406036,0.0666962401569,0.0773743643984,0.540163345933,0.222531263605,0.0048267673701,0.946537434552,0.0578422871605,0.769417148344,1.04918004837,0.065094539308,1.3621620357,1.56797255476,1.48479689315,0.346589765698,0.222624936253,0.80609574832,1.21819231451,0.774716677219,0.468520081043,0.0452362187207,0.847170467745,0.236263391115,0.998631991559,0.217523247935,0.198460318446,0.301933938712,0.0806211929116,0.621479538358,0.243430626057,0.480160725303,0.176053975923,0.463646197179,0.115752108917,0.336189111471,0.167285001278,0.239068455398,0.0916199316015,2.15055696643,0.862852883153,1.31399726689,0.113007819653,1.04867130963,0.00623104928061,0.0592014034407,1.0202521953,1.26984622221,0.354965998294,0.00991896515246,1.4196937659,0.226731463894,1.70605821967,0.612927903384,0.808842259645,1.07926016331,0.630553086996,0.667685943642,1.78838428542,0.0781510942243,2.15126603089,0.0136590775847,0.0816678284854,0.473827731684,1.54957645737,0.0402133154869,3.07836315371,0.0370484613022,0.451280209124,0.411801142842,2.05421040732,1.77472699642,1.34966114536,0.0274725092202,4.33455896697,0.811445474525,0.0,0.902039925456,0.0834788382053,0.0112514793873,0.014608662799,0.514926545992,0.299419371309,0.0249269103259,0.0285710115731,0.237089105602,0.488297053762,0.0979424143163,0.0370443024393,0.139331782727,0.246811223663,1.0839076212,0.686894546002,0.377612722069,3.99610289514,1.543830451,0.252873464823,1.5709777429,3.21452025831,1.01997457147,1.13514965103,1.50212394546,0.104565490745,0.49225111438,2.38618594646,0.888656470925,1.40139452025,0.225671777441,0.0,0.21495782089,2.04907410312,0.137146047521,0.0665261249989,1.96514485717,1.40513372779,0.312091890499,3.83436389938,0.029920951277,0.176252977848,0.615717216581,0.882986712717,0.594246519655,0.114802877209,2.53718420982,0.0702731863633,1.15358948678,1.40180678368,0.392142459527,2.29274553061,0.0460890332982,0.389450684339,0.0181883377745,0.328007379491,0.164304756783,0.9822821033,0.844058266878,0.823100077808,0.37072934255,0.521007564726,0.337558708265,0.139966896772,0.723006542921,0.96993131876,0.856556455195,0.137171974238,0.116280385517,0.306415814906,0.00228618077934,0.484206205402,2.08292449534,0.0,0.0901439531485,0.573951747105,2.70714070633,0.671786008105,0.734533205191,0.803063917849,1.83775112465,0.311338567073,0.643546559811,0.116495908033,0.914622168448,5.03882063627,0.0287457051873,0.430439887047,1.16818009745,0.778703441992,0.0239407987148,3.62389978476,0.0706961032329,0.804023194052,0.9560724473,2.85137785196,0.176509827226,1.8531373572,0.174796096236,0.107525893226,0.624654909596,1.69734961569,1.22894041896,2.2017515583,0.0333601812273,1.26245696882,0.0506914935447,0.463554828968,0.0856071040779,1.07264014155,0.326965153813,0.139252831801,0.895418338925,0.0150950005651,0.150562100951,0.095404709354,0.0,1.61737686141,2.30055650145,1.36821701504,0.0266353149246,1.22009055316,0.0369709167629,1.51521286156,1.96339893761,1.13050404891,0.684701703712,0.16909465611,1.56834133558,1.0169392302,0.306480165888,1.07207625756,0.385938874632,0.18434235625,0.361745695099,1.83741711129,1.07681317762,0.119138393197,0.1864494005,0.0465460470319,0.182908628285,3.46636135638,0.130776594989,0.409196439311,0.404065648168,0.199219902866,0.196028892323,3.40673825979,0.910768488273,2.11371635057,0.556633676849,0.352153877644,1.42627139859,0.383855064511,0.296368150022,0.0926997584105,0.665903435796,0.514001579955,1.73591177136,0.194218845069,0.27178292172,0.0903708363324,0.330936616343,1.2472210975,0.182219250984,0.0,0.151880124919,0.235121941548,0.464603923373,0.0258973927447,1.52401896834,0.107714000456,0.654969768897,1.28540631056,1.77493902892,0.0387745255232,1.21743337502,0.499968705452,0.250289793583,1.66017337479,1.73418773502,0.00481656932272,1.32481183436,0.0536650644511,1.39500702223,1.31307103422,0.344560861737,0.621526259333,0.148168108761,0.388447022438,0.918178336322,1.50648976862,0.252053450048,0.0715584599413,1.25695745979,0.767259987593,0.272093342789,0.183182819036,0.465058996249,2.51294242376,0.66296624545,1.17033161403,0.862454838753,2.14745556116,0.888043753207,0.444670277685,0.190101231504,2.17601062234,0.158902055782,0.252597462051,0.54850224752,1.367386581,0.317059903741,1.30922522232,0.0121316060796,0.191320880962,0.686088656448,0.073308775723,0.833277998865,0.633502764553,0.0490259027854,1.25880165737,0.981173734926,0.243085791618,1.75125559177,0.447512692809,0.00747435420752,0.486397634298,0.0808887410723,0.991944160424,0.130347730517,0.188344682837,0.481880777627,0.0806772255898,0.0415725317597,1.05844496742,0.0440550411493,1.1062742909,0.0266915731132,0.595367011875,5.56661607742,0.410447486416,0.284752432257,0.576782196164,0.0229165953398,0.0189545759559,1.26732721448,0.195076155439,0.273962810338,0.0,0.837540798876,1.06483586147,0.0105005252361,0.513208847195,0.00640271898359,0.360386456912,0.873802628666,0.677985808849,0.0,0.502260589004,2.10485123098,2.77298394918,0.044420367945,0.620930813234,0.020413736254,0.142885186784,0.109389456399,3.73509900928,0.123917706646,0.0628575446457,0.0794249858148,1.26702715874,0.0871739788353,3.90176535964,0.00539436817169,0.888535030149,1.81446168825,0.0,1.08357171744,0.0938335390016,0.247694933191,2.02655869223,0.00387877985835,0.0,2.89074217677,0.116909119785,0.0699407711625,0.253776970953,0.802203239519,0.0127506935596,0.690615165085,0.122031598687,0.00432346850634,2.28191346169,0.0366187917441,0.000487016960979,1.20983870894,0.81006847024,0.469627099484,0.276887930017,0.123837178797,0.101461566654,0.0,0.442445884645,0.0390526259318,0.0,0.757196705826,0.628349260166,0.107675934434,1.11174383283,7.32821886554,0.0156415104866,1.05727940794,0.963848474622,0.24346219657,0.0755541648529,0.102802359462,0.408393916786,3.0120413737,0.350258487463,0.00150063887239,0.0368327717483,0.224269724414,0.531458066106,1.34822668162,0.618972143717,1.00046765685,0.0,0.0199444623804,0.453983497806,0.147430034962,0.174474616465
22,0.0512867254019,1.50570168689,1.49710382581,1.61125909805,0.260935698599,0.075186055433,1.84591505706,0.0679635701841,0.0325095869601,1.30017933249,0.737889037766,1.78021623135,0.371922279857,2.63637058973,0.0224439299107,0.555237249732,3.93356822968,0.168695255388,0.537376510333,4.99608486176,0.341000749115,0.402214308511,0.812923670709,0.61156134136,0.000562807582319,0.0118142028153,0.023270908026,0.139802926206,2.78829944611,0.924210848212,2.11223609567,0.843846201766,2.01225494504,0.0255640807003,0.205581030622,0.00509856003802,0.686072516441,1.09660659641,0.00285905607045,0.277414711975,0.0762614732981,0.0252471204847,0.318472830541,0.692824894041,0.0178013733029,5.13208135605,0.369218952209,0.2583699938,0.0764440026134,0.643259162372,0.107102652416,2.08834991455,0.946497221738,0.0483666662499,0.113961931467,0.112138041258,0.120479410775,1.16011786819,0.54194115214,0.271871263161,0.393080165535,0.088687074802,0.249258332998,0.0666903122142,0.242090636604,1.06082486583,0.854048805088,2.70756456137,2.16346219301,0.157895033266,2.32106027424,0.69939274176,0.00390313167125,0.130698061483,0.0775122260302,2.43747158289,0.837298480272,0.31500320185,0.390630364381,0.281826827778,1.3234999904,0.146949822754,4.65968667507,1.01390677899,3.49401301861,0.137939937213,0.720618356466,2.88724907875,0.311561003327,0.191488686576,0.228416485656,0.0391317857523,0.47462700278,1.39209637746,0.0694264691323,0.149118009303,1.06722132504,0.375216882555,0.0995520855486,0.0939716408029,1.20922561526,2.83395696163,1.02055154335,2.87412242532,2.53048999071,0.155269082189,0.198850585967,0.243224276938,3.96661335945,0.171395970313,0.295967564229,2.88785301089,0.712407085299,0.0141247235984,3.9766565752,0.385420527547,0.0213301675301,1.89962421417,6.26592837334,0.599225015342,0.127242501751,0.0501461298764,0.020394801721,0.96655941844,0.215934708491,0.576834688755,1.21328943282,0.121739896722,0.0193907342851,0.186719021928,0.00120221272111,0.994531876296,1.27819404006,1.18429961309,0.960574247092,0.289840322919,1.94344043314,0.283856687807,0.208902947071,0.411724313661,1.33442396343,1.13607578844,0.102234658934,0.053558262689,0.495304741114,4.04489644051,0.518261024989,0.303347142637,6.45067661285,1.2951480484,1.23449591935,1.77908420525,0.27165529713,0.621127689481,0.50869945161,0.0239784061909,1.05272377759,0.660261988789,0.00276279747486,0.101719303466,0.88005834043,0.425040635467,1.52922807217,0.35651495643,0.0615410919487,1.0662800163,2.21958190247,0.150951825529,2.39662631512,0.12021675244,0.618259268906,5.09669279099,1.01460603774,1.27695406377,1.08349418104,0.367379480805,0.197412238456,0.0929876868054,3.76944559813,2.07445292234,0.104439270124,0.500024348572,0.327342661768,1.18633201003,3.64806237698,0.619498273134,0.861354668736,1.15639123559,0.167522984585,2.21295719231,0.00310774505138,0.226627138816,0.258228787892,2.00519151106,0.836113686711,0.373010636717,0.359792681187,3.29373577118,0.443209578469,1.31186136518,0.111715802527,0.0679332888126,0.00289717301726,0.349230233505,3.14079676151,1.26621832401,0.427683894113,1.2584274967,2.0279733634,0.739088057578,0.0616183531098,0.259400653467,0.222329389825,1.16823216225,0.666230346952,1.53149572313,1.66425980888,0.0144489584118,0.223372855671,0.132835653387,0.91479497321,1.45835547924,0.106285500675,1.10841518521,0.26366893921,0.525983269215,4.59989793777,0.133338186778,0.824600820839,0.0664287986606,0.195965117887,4.95214124203,0.367252315581,1.64277149439,2.62851039886,0.227449651882,0.89673856467,0.0666949799284,2.50683490992,0.767310146391,0.00549083728343,0.48013929449,0.121915269345,0.213861097544,0.503509558439,0.279590860158,3.17227804184,2.08102927208,1.44859176844,0.388185558133,0.00937167108059,0.128583036661,3.65834198475,0.956198787354,0.244963085242,0.475054995874,0.881569463611,5.40922614098,1.94422047436,1.40999762297,1.66458990574,0.637318432033,0.028421048373,0.756540934443,2.81550974727,1.04675869487,0.147265478149,2.13744894266,0.070583300516,0.73977122128,2.30875356287,0.601829803959,1.42210345589,0.184513389394,1.17324227072,0.0128649768047,1.60541217178,0.506550721973,0.0338094756007,4.5651154232,0.731949563995,1.27610192537,1.71609940052,1.03373982549,0.128425559886,4.5315018177,0.270645349286,0.146185052544,1.7048301369,0.106714906357,0.198314705603,0.0558944630809,0.406784056053,3.89371781588,0.351375784874,0.834957612902,3.81074371338,1.37176991701,0.0916684871167,2.11003878474,0.503757209703,4.32831712723,0.0522552764416,0.695709371679,0.0174592828751,4.19126925945,0.03882200405,1.15834623694,0.349225641415,0.871324447226,3.02365600586,0.486714716554,4.23963834763,1.23834931433,0.144717699742,0.037168789655,0.397674969435,0.187357074171,0.757023872435,0.0318875858188,0.612683821768,1.52588801302,0.0377598512545,1.56280644238,0.756280506551,2.57403861761,4.42159413099,4.716434412,4.03898193836,0.0,1.43471450571,1.01747396007,0.512276121359,0.0545016979054,0.495005016159,0.113238266781,0.00656173884869,0.382396682911,0.277512608618,0.518613645583,0.492810823917,3.63006967545,0.440252472274,0.335260966513,0.234065249488,2.38175756097,1.00407530636,0.0238856290281,3.10893475294,0.925980217606,5.03358177185,1.86034964666,0.419159958139,0.113623268455,0.150199412182,0.0962585905939,1.98628810465,0.518537041247,0.00664872050285,0.335629593767,0.295056659989,0.40708503373,0.0659739758074,0.674544506706,0.383114708513,1.0188483566,0.339509055689,0.0593585424265,3.9739589119,0.909696765691,0.0,1.48593482405,1.17071457996,0.848599644899,0.319426894505,0.234125457322,0.39002980046,0.103177007898,0.0863901924342,2.11010044113,0.147877482325,0.263877533427,2.48936813831,4.16988027096,1.73025039196,0.597385272756,0.0394080512226,1.29611462896,1.26633848667,0.045985680446,2.22075662851,0.394079768807,0.717756461855,0.520939851999,0.663815545291,1.24680461668,1.42310280681,0.700601906721,0.439240034004,0.157399233989,0.299947120904,0.179030051678,0.288924785051,0.0669373657554,0.0900357139483,0.0954892467707,0.821822330654,2.31719788313,0.779304156676,0.0248743351176,2.25864085913,2.36786241829,2.14365115657,0.0638060919382,0.56458540827,0.569547315687,0.150450051036,0.0366012016265,0.674924346805,2.05616197135,0.00048566583544,0.347859116253,0.496936007664,0.0925406586379,0.582596411556,0.483935078681,0.00468348562717,0.362121087257,0.154916282967,0.280754770692,3.34151876986,1.20746527368,1.10965909488,0.825830354765,0.175200247145,1.59521099657,1.1838000226,0.0954652848025,2.73125898838,2.0569896996,0.45516774945,0.146259781281,0.029554657191,0.153058774117,0.593417133912,0.786394639313,0.853047491759,0.10039811925,0.0586444509029,0.858326496407,0.34840316443,0.0134846526012,0.338628260568,0.0853964117169,0.491926059686,1.09966030953,0.593132652595,1.76144985557,0.915406711958,1.40483326018,0.334830701216,0.52459408313,0.0469626864046,0.105671570487,0.16989122035,0.626589720473,0.98441431284,4.29630278587,2.10151515394,0.0252561474964,0.350505296597,0.145443027597,0.0214388365764,0.17697405532,1.50750089109,0.153742043627,0.553901220039,1.36817752006,0.00131079927087,0.147867908813,0.260718504079,0.35287739831,0.317018449004,0.252298785709,0.214588308567,0.164547731895,1.33200855583,0.103512265235,0.91623344183,0.0819317278732,0.00233288407326,2.51407142758,0.0850990539789,0.808377038389,0.101026877891,0.206189380921,3.35254553676,0.99553875979,0.17738457188,1.11460185528,0.139478250667,0.740751263574,0.309525135532,0.369283094779,3.13649754286,0.692005456705,0.290663375445,1.14371695548,1.43923290849,0.25294621107,0.338011576887,0.683879820071,0.378652238175,0.888000748307,0.872743826769,0.0383184240013,3.11500744939,0.606379171424,0.0463973581791,0.0049192217947,0.00841165572405,0.336489117244,0.153349016693,6.46284852505,2.65713810614,0.0086518448405,0.116792972777,0.0472701028921,1.61996114306,2.49517270088,0.32630500868,3.06848929882,0.100323295705,0.357607228803,0.119275855441,0.287316760607,0.392497539166,0.128104886096,0.239670999572,0.125334467217,0.307641512565,2.34772810683,1.83574417487,0.689213979125,0.43277519349,0.125339979697,1.51145741642,0.524551127106,0.144499976039,0.0127647942305,0.316375590004,0.724102154374,1.16449791392,1.35489370793,1.33190897524,0.351469058683,0.469550926387,0.538198445104,0.0318526569669,0.7140906398,0.301359773874,0.0656380778551,0.165602564923,0.391536030769,0.143448200179,0.358131521959,0.470334284408,0.804621429332,0.404590166882,1.5915038706,0.0131461168081,0.556940158792,0.206770730354,0.160937074609,0.550078232884,0.139546171613,0.000873909965158,0.46292682685,1.25588103384,0.278181941807,0.714744017124,0.0953982467134,0.15047288781,0.386390105113,0.000289129912853,0.48195884373,0.697233032063,0.104084625393,1.86848106593,0.313277640776,1.05249944657,0.257652102113,0.155345332874,0.0162865312025,0.416413863264,0.401148468214,0.0100783723453,3.21958524227,0.0341824285686,3.11582173109,1.3363395533,0.570949226767,0.218070268021,0.108943075947,1.41135831982,3.30794933677,0.315051055886,3.8581816864,2.20529572845,0.322107629627,0.156657078348,0.931220476478,0.0692810124066,0.0706768625788,0.267318620533,0.02022900376,0.131614455767,0.0581158622354,0.025718905814,0.217218653895,0.116111194007,0.0618610888114,1.45766585082,0.813049193025,1.17536716387,0.506394937597,0.157809786722,1.89034117937,0.701942328811,0.602540343069,0.607878084779,0.717271397412,1.68574456692,2.61147737503,0.0912375351688,0.983786428273,0.0780234784912,0.00157825097442,2.31491854668,0.759533433914,1.1849118612,0.0952244259231,0.229663092326,0.183865697114,0.502895729087,1.15292408019,0.0247677046433,0.136170363519,0.916352029964,0.019688231647,2.48342734843,0.634918515403,0.00140185162425,0.000497930683196,0.707465117685,2.63167412907,4.38926503479,0.297800912559,0.195775137218,0.0722317522485,0.221239111871,0.394185071737,3.36482587814,3.32757207751,0.00868554189801,1.71182447255,0.583800168037,0.81595451592,0.687837959975,4.34365608215,5.69397868633,0.283131606765,1.70139062971,1.8714931798,0.0352926233411,0.625536041595,0.0074707596004,0.756351561742,0.0103431187198,3.62808262914,0.0570389949577,0.749998017587,0.0210958196269,1.18954056755,0.488153712582,0.23285817367,2.49900117159,0.0167321534827,0.00971731424332,0.478008304387,0.314502441613,0.0,0.590817711875,0.0709896331606,0.336814879086,0.0780938622775,2.27645997882,0.268337710703,0.0374605430942,0.00254471308552,0.455811016643,0.838233381808,0.321483088806,0.0709134825133,0.929670224488,0.101779247494,0.268639133088,1.27594707869,0.419778677942,0.321149899624,5.83994108677,1.4327696909,0.109658781722,0.24705278432,0.235727706477,1.20213854834,3.57608243942,0.0894274841249,0.358438961739,4.16645032465,0.58189592734,0.301739046918,0.159155289168,0.0587648527324,0.862303115553,5.44394706964,0.78361133981,0.0265022622235,2.97835211039,4.10552728415,1.85634846032,4.44610988021,0.0321495700488,0.497209713608,0.222748538777,1.68286832064,0.0338938455004,0.167772630937,1.44387759723,1.00771384507,1.29049226075,0.960673767626,0.235696996525,0.720515775196,0.141015061885,0.49422341669,0.118116934299,0.302325123455,0.21077089563,0.802582677267,0.488974657115,4.76756117821,1.06202529192,0.320216147741,0.0547930270433,0.138029482774,0.287905933186,0.00469865199178,0.381891882634,0.146814280897,0.140651162267,1.89188440144,0.0,0.075126455985,1.04003587991,0.0,0.251358036138,0.163975678701,0.556633605704,0.00615001872182,0.390061879866,1.2266633571,0.310570903588,0.276994436039,0.0143086270243,0.432869382352,1.53768084049,4.08608750582,0.900501254238,0.496274839947,1.36853691816,0.64721536994,0.27015469864,1.77002512217,0.280752584636,0.843567384919,0.863093576133,0.860766093633,0.288472493554,1.71180873394,0.204008085728,0.214986347293,0.312277770266,3.83715121031,0.845318836346,0.958349089622,0.0758959940076,0.540629544277,0.0282445142232,0.00559718971141,0.280370326154,1.01847530387,0.322550022695,0.03374581296,1.76916299999,0.020990289636,0.0700145709328,0.558513342012,0.0,1.6799361933,0.675402673632,1.19459355056,0.165387720175,0.0122328463197,0.0394317944348,2.00466379225,3.03899437904,2.51020401001,0.0373574975133,0.495282264426,1.03774508025,0.657327178717,0.19376096995,2.57836372375,0.0891771017388,0.0750819568121,0.0382859589253,0.349702675156,4.99799579859,1.07771825828,1.48776124746,0.158941471353,0.0679651412042,0.0863642762322,0.0760635046661,1.08566051111,0.337306197397,0.306525680274,0.00217965453863,0.742092157975,1.25534190238,1.44460636407,0.0849739411473,1.78085797518,0.126697594896,1.03377231061,0.339314920785,0.00988070577383,0.423617443778,3.02568925917,3.66290294051,0.341223249622,0.275604581237,0.406986888796,0.18719921032,2.28823591232,1.1734860304,0.0317817117646,0.00836088761687,0.0943134859577,0.0957645198703,0.470915418267,0.0581801344454,0.00609315766953,0.430558026731,0.586939973831,1.40148161232,0.00591604426503,0.327466974333,0.114019992827,0.231538343392,4.88783026934,0.839147333056,0.00307500097901,0.798218813892,0.749663832635,3.32121490836,0.795505423341,1.24349990904,0.951539200842,0.111414592601,0.521780695245,0.428709103912,2.29918967485,0.474845769955,0.0488492354471,0.998671345394,0.0236049909145,0.249471709393,0.424191285074,5.57038608015,2.46908889532,1.81578991115,0.536055308804,0.633876233995,3.85627044916,2.47626888931,0.278430135585,0.00765809670091,6.61902871609,0.0140600679815,0.0550398206711,0.555502522364,0.0490562601388,0.241519426629,0.497672109157,0.0145370379649,0.140882390216,0.0140356642008,0.2879389473,0.040637511611,0.254994249502,0.00230820596218,0.382692880593,0.126373020294,0.42906549016,0.327864473802,3.42827375412,0.0320327823423,0.0,0.477419865206,1.2270606079,0.589704512954,0.132715027649,0.849172064513,0.110908484459,0.155295779854,0.0481693778187,0.0614133444056,4.02891982675,0.00168364062905,2.57236763477,4.25743906796,0.00462262362242,0.329132020175,0.0371779352985,0.0,0.185890242606,1.45012407098,0.0232443314791,0.634275224358,0.0864949275635,0.368285407349,0.935736196116,0.0112915122509,0.777437306046,0.0522279334068,0.0569209302962,0.972238951772,1.36597173452,0.0,1.6984994483,0.856390276998,5.00121428967,0.0,0.311645265222,0.0304960032459,0.0618349109171,0.0756422816706,4.09650533199,0.053077249527,0.775656671822,0.0140891914815,1.75526933968,0.0619100610353,1.9288849129,0.0136552170664,1.4914676787,1.24346907824,0.0830497125536,3.12025385618,0.584378094532,0.139883832112,0.114824549397,0.00861809492111,0.00565336428583,0.396868767664,0.00238669648767,0.426873658628,0.323890309185,2.70399335772,0.0,1.54001486264,0.0693337844312,0.0449006310105,3.51886541098,0.0185567830503,0.0,1.39942247391,0.0423786350712,0.92787755914,0.657292269208,0.543415724933,0.0364864167571,0.149177513421,0.224571073446,0.0311163081974,0.0,0.0906944232993,0.140992964655,0.0,0.0164660130814,2.9913236396,0.0,1.42532692671,0.60289273004,0.039583799839,0.0,0.16387994498,0.551343714446,1.19699375529,0.0511974269152,0.0186526584625,0.162610592162,0.225902641201,0.598695020378,0.0881294310838,0.333987092525,0.734523717389,0.00498321026564,0.00495027471334,1.29977056816,0.329701818526,0.0916621754691
23,0.278951805979,1.0135860611,0.341772441491,0.498408445641,2.25766132712,0.134670751132,0.423032134511,0.373595308736,0.133555250959,1.09101682581,0.270165234171,0.292266870998,0.349508631974,0.227316641808,0.116778580993,0.456588406116,1.23571594328,0.681831386236,0.233424644694,0.854452175517,0.91563520262,0.104344857894,0.321914285384,0.438185977088,0.0198993910477,0.0888181376457,0.909999403581,0.146449748278,1.16074300487,0.580217741355,2.82689965844,0.191798326373,0.571850052103,0.222851822041,0.364586768444,0.0369584354013,0.687522441281,0.865951907039,0.00873744990677,0.729569097757,0.35464153979,0.0167005205154,0.0865845053643,0.67253656134,0.00267975896597,0.269968740828,1.74177956775,0.756439186037,0.0494206930324,1.40062686875,0.0359156152792,1.08211036652,0.620898235887,0.259219582975,0.286351347901,0.385602213023,1.15460785165,0.442278874218,2.05601119995,0.950061819702,0.355329222232,0.602646017224,0.0292051716894,0.179152477812,0.129979324043,0.373790338337,0.584894310609,0.0550961351558,0.72754046455,2.71199765086,0.760230746083,0.0486025206745,0.0307256442308,0.572619655468,0.0944457385503,2.40545522213,0.0334556156397,1.84061732411,0.107390818708,0.254172272142,0.468733281679,0.0745234951563,0.775293070078,0.741642872319,1.14324650176,0.0874879179557,0.24017478127,1.04393977404,0.0270552437194,0.555316158012,0.0549190819263,0.161271627666,0.780589478314,0.94764345929,0.0875535474718,0.466593204215,0.0415291588008,0.619452838153,0.0369406148791,0.557526508793,0.18565340165,1.00730493784,0.672529062778,0.0677395313978,1.04009063296,0.00680188953876,0.529008687101,0.964893858433,0.630740845362,0.0478429815918,0.0763816859946,3.48079926968,0.263099452108,0.0881583023071,1.1810092321,0.85588142775,0.0164402210712,0.484925888777,1.49633388005,0.406829377078,0.0769883143902,0.0746377874911,0.42005650185,0.844520074278,0.147519460176,0.327482584342,1.62505520836,0.189109543907,0.0640164305829,0.269714825507,0.0759750238061,1.65894365758,2.01179768801,0.566759621948,0.582512968481,0.0211362114549,0.612339855805,0.500121225193,0.440478941295,0.574019127386,2.17588017821,1.91852195419,0.0374532091618,0.0809438846447,0.332349223047,1.47794314384,0.416316794157,0.157510743216,1.86130879998,2.14800852537,0.479261175245,0.199688381687,0.0681273299083,0.139615539107,1.22675997978,0.088010314703,0.186188920885,0.0510623747855,0.0249147735536,0.20480372265,1.61611245692,0.806102291197,1.85811489828,0.190163840428,0.910444334581,1.02084743053,0.121214346588,0.0698739282414,0.504435029887,0.0291236523539,0.563104747161,1.45934110936,0.436891194582,1.00712319948,1.10668032289,0.164536305747,0.573150677681,0.287730374597,0.547970306575,0.50451287128,1.15400112912,0.336032035472,1.62065559715,0.0642366927862,0.394029411152,0.496884823162,0.290468305757,0.319636404216,0.0477088533342,0.377334450968,0.1445404456,0.0973370871693,1.19641967803,0.258371879412,0.225383649208,0.228532617465,0.700398869812,6.03353666663,0.172885056585,0.088144836924,0.0158904573321,0.680656557679,0.222121334141,0.360586224273,0.646453251243,0.106482919524,0.0868565959483,0.538409232199,0.323798775598,0.245155575871,0.202833903115,0.129159783926,0.221256422922,0.0786014521867,0.320064652115,0.264727947414,1.48875591882,0.415728200339,0.0405726760626,1.26649713293,0.613942434564,0.846776028294,1.14413320735,0.663879429027,0.304011896364,2.09944096684,1.02004685938,0.226016097665,0.346494951919,0.756983391941,1.23883603185,0.31783486288,0.533392478023,0.293710613279,0.326660665572,0.0880091894791,0.480530442595,0.0150117436796,0.473219916373,0.327022255063,0.172407322526,0.0451389563084,0.538019539639,0.0046141885221,0.145764799342,0.769865787439,1.88694263011,0.40333751604,0.157517475728,1.29669437965,0.0777318862081,0.475911656916,0.980368371829,1.17926701486,2.99086833954,0.478896455839,1.31052203953,1.46163966909,0.14356020987,1.55352413177,2.68452023268,2.5273439765,0.341026026905,0.405846728832,0.409099642634,0.497175060809,0.259372040033,0.408501841426,0.387026768923,0.813031051755,0.703012761557,1.15615250804,0.06251520155,0.0161202567443,0.162589509375,0.0982570057362,2.40226745009,0.0967548543215,0.084799798429,2.15403078588,1.78898033761,0.516159859896,1.1258303885,0.452165590078,0.196308050972,1.72391015857,0.225236167982,0.0,0.455490329564,0.228141027987,0.380074896663,0.0465051653981,0.48649655953,1.47346745331,0.592994722426,0.40575069949,0.916490240395,0.837358812019,0.908343965709,0.435780687034,0.441010963321,0.416281085089,0.291829941124,3.0675743413,0.0,0.555351119936,0.194233413488,0.278210084029,0.554341678265,1.49598527566,3.90114759207,0.360841741692,0.88150183633,1.92017780967,0.111231319085,0.326152831465,0.434359507859,0.0831092661619,0.570687735807,0.421038114727,0.405282866489,0.185130204633,0.328321937323,0.362338855006,1.35058487892,0.290060767531,1.01743821837,0.396108213812,1.67869437933,0.0467232855037,0.22798988279,0.23585918027,0.477192795835,0.342650523484,0.54021918267,0.43539611347,0.0515710956603,0.706747226715,1.54358301029,0.281022706889,1.49365768127,0.659534571469,0.118043850171,0.626855812408,0.795525961026,0.725897232555,0.620077650286,0.327580144703,0.283169203103,1.10760947685,1.07890456632,0.305558760017,0.137612769902,0.0104684437811,0.0887506977841,0.325800502896,0.16765759673,0.709693567443,0.24591394837,0.240995338499,0.168685846195,0.202087560743,0.556829728931,0.417668511681,1.68549527884,0.378543071337,0.721528248494,0.579560022168,1.14921520015,0.149843091518,0.0414035399258,0.479676993713,1.81485436991,0.0513163721561,0.285687659755,0.609105931781,0.852917269063,0.497822203487,0.246991938204,0.930946674272,0.123814509604,0.175979532683,0.245585260905,2.74387304664,0.241066147238,1.00610810786,0.112905674018,0.412264000718,0.686260149796,0.40608121708,0.200536110289,0.84141007565,0.280909725223,1.34415147363,2.28641254187,1.22444032326,0.307968890127,0.119054641984,0.79574909687,1.03940385185,0.0912278255261,0.0660031351447,0.354679207578,0.265066669583,0.790449425094,0.215706298798,1.18678401306,0.333369524069,0.348979376666,0.0867163937911,1.32851660937,1.01400277406,0.162325298265,0.469714310169,0.283298319152,0.311102099158,0.233093678877,0.0469699121197,1.74500136809,0.149727579691,0.111475936603,0.058966456987,0.295011637611,0.0719078350812,0.770153575242,0.125954390615,0.135598243773,0.432654268853,0.650208494151,0.0275454159826,0.623981750458,0.918386227917,0.555914385254,0.435682285987,0.178615081012,1.23840197757,0.062482742928,0.139285964966,4.66687487602,0.470553392898,0.690587611236,0.195216564611,0.442427724581,0.0981987317652,0.692477509519,0.363415143922,0.297146149501,0.389119253568,0.87380258292,1.15871467151,0.579451689832,0.565683495728,0.130532861948,0.463180333376,0.7409081278,0.407653622031,0.0780882981047,0.794382980294,0.569425632218,0.850506389588,0.323765088519,0.488181434143,0.614943466932,0.318984288312,0.223366376963,0.330127686262,0.58464478422,1.44051530451,0.646198564796,0.720509867966,0.233648516387,0.0265954718366,0.466575568444,0.0489213490486,0.485019579364,1.347726091,0.389321628045,0.209651805464,0.0155039638281,0.116254513115,0.174565467704,0.707263873629,0.543917801827,0.389960706262,0.380411811266,0.200940706953,3.07109345913,0.401573799141,1.3187640838,0.241869542301,0.201152163744,1.9432898286,0.0435794655234,1.72142347395,0.276421624832,0.232374262214,1.32738078728,0.449321820177,0.428556862356,0.461278287619,0.119506911468,0.284928622004,0.282297717631,0.617407139689,1.49067751423,0.293476691619,0.535475901286,0.42199560076,1.35481849164,0.614967853895,0.411494698673,0.88741443269,0.439722443223,0.00472291000187,0.597873370349,0.168574489206,0.886539941607,0.227569455579,0.309540341049,0.0462037492834,0.233491815329,0.154312774879,0.09058878134,1.62087284684,0.0652151646465,0.224648455773,0.471195427496,0.421250393676,0.10752780892,0.342907470365,0.175988460183,1.80591992356,0.259690153596,0.441855500191,0.126657652855,0.142570693493,0.131823297888,0.908140987903,0.237638983724,0.00392375973053,0.153233221769,0.277363303155,2.1960130851,4.19044696808,0.355518985335,0.286597006954,2.46837017062,0.080320266746,0.559831067985,0.681220555902,0.770427964686,0.537795528732,0.609315687269,0.989499931308,0.236637735963,0.0346802190691,0.400572041869,1.47647948444,0.0708592509478,0.0616689689457,0.833628086578,0.148587242905,0.718363335878,0.0875356976222,0.555662746318,0.270381726311,0.431459583864,0.569189156294,0.192895836048,0.41395637434,0.38188916076,1.93023892879,0.206762247189,0.556023684964,1.09466435403,0.675050542103,0.00614642351866,0.44982490913,0.223657813687,0.110052655712,0.432687188387,0.00716908529401,0.0647083629086,0.0874856444448,0.0247322025895,0.518052344918,1.11457839895,0.26604582645,1.06842198849,0.105604574904,0.486926068813,0.144129591957,0.0752870916505,0.401356149996,0.493306304663,0.44909093935,0.0422260581702,1.50510237709,0.474577068537,2.13316863805,0.890436868928,0.717391167171,0.592821920589,0.293896099068,0.359288789555,1.00407812744,0.0192650949955,0.488237906396,0.598527062684,0.386122998376,0.0232165689766,0.0873305810196,0.279337169304,0.334546067864,0.167101879045,0.250286390129,0.357834364772,0.744441915788,0.0694590765238,1.89158005893,0.0905958631635,0.408662907928,0.275299268924,0.0384913541935,0.147577597266,0.872257429361,0.27784065485,0.0587032364868,1.07143459164,0.272842481062,0.583994586468,0.566984588965,0.934813686609,0.376988597363,0.54107350871,1.24407287911,0.304009978455,0.980014297888,0.854232315347,0.911327924952,0.148459465019,0.315457794666,0.952376593053,0.265567433946,0.187487718011,0.252388730738,0.459030303508,0.974480718434,0.740143567026,0.618937265496,0.61084302865,0.393995871805,0.365794264674,0.488805235103,0.198009956838,0.676774719059,0.770154300742,0.0583341198973,0.937408366352,0.00456239318941,0.0308565062471,1.33861332312,0.274267126732,0.891227881312,0.566082202792,0.819253126252,0.412593307197,0.838981039971,0.547217523828,2.3482777223,4.45725692511,0.142495928765,0.651566106901,0.741019463502,0.0552588910609,0.47585397616,0.261465875544,1.70727640316,0.834926617816,0.0996767503582,0.123347423896,0.351434053984,0.839090615325,0.160257069021,0.123094870858,0.202638580632,0.721712538023,0.117275854954,0.470743361972,0.219795752838,0.637066181749,0.0,0.422008580714,0.00335921160877,0.361388469636,1.26426811159,2.90113383889,0.377622690201,0.354319962934,0.91583191216,0.882467914484,1.8170471104,1.24848623339,0.284758036509,0.774383960818,0.359528089836,0.348806890212,1.20883278621,0.689330276549,0.486132997721,0.35594905775,0.823773342557,0.094483407829,0.399377617948,0.598655263446,3.19023803771,0.345210583657,0.16826961685,0.567017678218,2.09781712025,0.479293152301,0.249821106712,1.64400932521,0.934686672892,1.10526498012,0.75409741208,0.12854740062,0.049698910701,1.17701369315,0.884464784861,0.3077778331,1.20002962079,0.0558249039203,0.358080979949,0.0574950022646,0.127610626724,1.24425413366,0.165338189453,0.23013276346,1.59084720761,2.34846485166,0.851601209491,0.841788591367,1.18585795715,0.841911786553,0.183886331841,0.521834654254,0.306632731576,1.18982590422,0.387081540637,0.735761736929,1.8889581994,1.79810080878,0.446445256238,0.564956809282,0.969869275913,0.315156586654,0.963169476464,2.04818883322,1.88665938027,0.85780664904,0.627547288975,0.629581155255,0.0550315444823,1.39913795481,0.287942812145,0.0303728243383,0.10587289379,0.727498913407,0.0372231113911,0.0114331961516,0.568962589856,0.0540826416388,0.039785389239,0.122192633003,0.5689241229,0.204193077232,1.5813623482,1.43855677489,1.03650815122,0.202848936939,0.209714916321,0.570552860238,1.44736375064,1.3064944176,0.388210049607,1.82552286848,1.41028723642,0.177251668517,0.406132816533,0.607919520608,0.148674675822,0.813918369785,1.3058823533,0.431050246358,0.242906650491,0.934527944028,0.679027678221,0.0429568304867,0.628396914527,0.890464427099,1.15888307787,0.220604338646,0.404907126436,1.13615139969,0.266526036728,0.552258208129,0.405679475949,0.136057294644,0.724975357075,0.192781502707,0.518478466563,1.79499636907,0.0733146616817,0.128413031157,0.795049331158,0.380701696752,0.783185896,0.648803922608,0.0402440501656,0.399040520787,0.379574530032,0.092114730374,0.157363727987,0.105723754113,0.695649913475,0.341516485768,0.176285389112,1.01970538594,0.117581375614,0.375475594997,0.104209525604,0.256178853661,0.319373568743,0.442097705044,1.85171241626,0.151422574185,1.38196606524,0.328282276038,0.702283352166,0.329322344661,1.1929504513,1.12379087836,0.174917390905,0.121872255802,0.632351136652,0.308727307077,0.386708803065,1.20291913524,0.357958009003,0.683025961854,0.177081646724,0.782321081907,0.0476679196954,0.384821044346,0.478824158721,0.353708651448,0.202258391231,0.0206062421628,0.0951977361739,0.834177920111,0.20408230586,0.183122339845,0.384985433158,0.788413362317,0.144445099086,0.440858984757,0.0171709620953,0.198554722667,0.144980510937,0.132922685742,0.269268648401,0.564899070505,0.254569285363,2.64111133374,0.505050094537,0.640331011955,0.299587580264,0.639791148109,0.215107081793,0.634260977693,0.954249383062,1.38378465053,0.773815498091,0.121067392491,0.935684226491,0.612907446511,0.0557989285886,0.332782826219,0.823282669298,0.138586791954,1.45803300478,0.414146426879,4.17063759893,1.38497869015,1.11395989507,0.469695595726,0.146771380976,0.386816959977,2.76462182116,0.130682044886,0.363937456757,0.467192026302,0.552823157161,0.472969118059,0.59140565291,0.28011299558,0.180738039799,0.00518587658182,0.49848608017,0.363060760703,0.460980084706,0.152802454792,0.426493028253,0.57943001349,0.0750147125125,0.603511424363,2.42107670546,0.168813429922,0.631976958662,0.0341627976857,1.04480667386,0.200659895139,0.20967852667,2.14957001381,0.148689749371,0.00730440616608,0.167596504446,0.0281555370614,5.53127600193,0.015564966388,0.435995468497,1.44878454849,1.32516420141,0.154044599533,0.47848388359,0.847358593941,0.242606357783,1.47622643948,0.463459242079,0.0254009342194,0.186079990864,0.880656686872,0.127232345603,0.00572900652885,0.39846329622,0.166413696036,0.414581736997,0.824362942092,1.16125504866,0.14331353426,0.695566055924,0.351104290718,0.52400306467,0.0652530193329,0.461225093752,0.0644382737577,0.794461611211,0.205407367349,0.676494590126,0.527922654152,0.623929157257,0.502144164164,1.33914532769,0.537751504034,1.23846495792,0.39962898612,0.29099345414,0.807886777222,0.00532295305689,2.68039580584,0.251532258131,1.19367265163,0.362157501727,0.149354746342,0.163077636957,0.504391102977,0.239921082109,0.502482508672,0.0779692500085,0.113288759235,0.0147448444366,0.752115807831,1.69574064918,0.141546600163,0.592089065351,0.13793675974,0.0780181119591,0.180763790309,1.12548642278,0.222905774899,1.20083667459,0.318644006252,0.163120645806,0.181998776849,1.02528882913,0.0785947682266,0.0,0.350271052853,1.416921058,0.0963766776025,0.671823342461,0.433243908659,0.371074515777,0.250157372989,0.14514455067,0.0536709231138,0.00876894414425,0.20320895195,0.410098276176,0.222427239157,0.498809895329,0.0266500887275,0.043616197668,0.206723665744,0.806912188753,0.327604720369,1.06437265016,0.490366340801,0.0224747676216,0.471835896689,0.306033325419,0.840629284587,0.106610378921
24,0.383933991343,1.20651279807,0.313352213379,0.39602604053,2.13477749258,0.416707359254,0.407517215125,0.216624095803,0.159483373091,1.04368401349,0.51612605622,0.630886377282,0.192624392733,0.486773485839,0.542739489824,1.29994594214,1.17756797444,0.186812730189,0.949051335091,1.28375962762,0.543188756853,0.16001383214,1.2275656241,0.369265086167,0.0478136336058,0.0902265927196,0.339020460695,0.155557354596,1.29742146164,0.432314118305,3.23730048358,0.563520163819,0.376658811345,0.15511775719,0.220297920927,0.0986158810928,0.518246320914,1.35473012239,0.0933677613735,0.427880212516,0.218321394138,0.0685331190377,0.213929836452,0.692133286595,0.0243708086014,1.25674669057,1.7393438602,1.09613083166,0.0336109804362,0.528783876598,0.21728566058,1.37649407372,1.97498065561,0.178937876076,0.267646067231,0.0889142747223,1.09550740898,0.762146180607,1.19686264738,0.862324365177,0.563830474138,0.174801546633,0.0676319742575,0.283281135149,0.134958976619,0.816085108088,0.312203596486,0.328305113614,0.859289729297,1.14747084532,0.623694970012,0.382014625371,0.0842929844372,0.483229265101,0.221404727362,2.04105460882,0.34494911768,1.19459394354,0.252456923723,0.168506913055,0.567002546489,0.146719923045,1.83748015361,0.868196097789,1.19844211116,0.112304918766,0.697349771885,2.18291043311,0.00971400849521,0.709652985074,0.0728786939383,0.109517234862,0.760703679733,0.551615592092,0.275902353227,0.582461438328,0.514846503586,1.10162155684,0.0256041160226,0.31068618387,0.41865719581,0.764257316329,0.903851604145,1.06638673842,1.01176200241,0.00208215326071,0.487175940145,1.48958687223,1.25248782538,0.166270233691,0.79811488077,2.93450496972,0.345244269818,0.142073877342,1.3943748606,0.725030718446,0.0425917947292,0.974009134173,2.21863546342,0.40649026636,0.765887645073,0.602814140101,0.448739040643,1.69583424233,0.323804952912,0.909732393622,1.03184647061,0.493211758649,0.886455998989,0.130366539322,0.0962938673049,1.94364856452,1.23092818266,0.519354572669,1.12815764472,0.381044089943,0.552889463082,0.285420173556,0.64151372157,1.5070108825,2.29803856075,2.04478737213,0.476128466763,0.122265114868,0.123341003582,2.00394929469,0.651990108825,0.107137066973,1.91684155732,1.99266026601,0.712237462401,0.949420145601,0.230683645159,0.940578092933,0.6120813201,0.233929701746,0.507358017466,0.850307300426,0.0426102491468,0.0794661751762,1.33214362323,0.430346268937,0.951672981083,0.40713155888,0.422447971571,0.776689627916,0.481320393533,0.0917132306844,0.273568619117,0.0873236904293,0.240822871467,2.27863642842,0.651280556321,0.59194937516,1.29704581976,0.315313463286,1.24782698896,0.0705243119225,0.716201891303,1.19424099445,0.592020910531,0.125665476769,1.84982817531,0.557753570564,1.3949360767,0.389606274441,0.52711937882,0.504256132394,0.983191240728,1.20514470026,0.126633981988,0.580424480997,0.597161785066,0.345296004656,0.829959776402,0.315175856575,0.893184353113,4.01538318574,0.580932971984,0.901825123057,0.022774962876,0.882151329927,0.0755569582153,0.690850706697,1.04251320302,0.209652516842,0.133452065391,1.7012939176,1.0070603244,1.16217375541,0.46475807298,0.110962594394,0.157020213641,0.244830929656,0.709427399188,1.34368857812,1.8622097569,0.794019969106,0.100745134898,1.00948196292,0.32909746591,0.738527961075,1.23809034199,0.61144025743,0.361369035039,2.32990271956,1.67986597717,0.052356075123,1.40187464856,1.26627812433,1.07471167922,3.02296717882,0.388699863032,1.22513901824,0.53154035598,0.344567685546,0.540928934738,0.157015640289,0.809597287923,0.372910818234,0.0215259537473,0.197753465623,0.408208098635,0.268040487655,0.287862909902,0.636894494295,2.27298476756,0.849256204292,0.45218780145,0.750111088362,0.213567539155,0.109737738827,1.35010947049,0.955306472778,1.44821137786,0.622821890693,0.467193404585,2.63628099687,0.539345705388,0.693998767734,1.72088577658,2.03939986706,0.174500993993,0.609761279225,0.336482996121,0.855466005504,0.10950315237,0.995320941284,0.167690558955,0.70227176249,1.40294567153,1.60310824662,0.719589460194,0.183788599819,0.163467761278,0.117795000374,3.01606306553,0.129309459523,0.220577906296,3.02209698677,1.39053438365,0.912161909342,1.96489079624,0.534270287082,0.112625787519,1.53801825061,0.412000423409,0.10099740088,0.734201445393,0.0215125020593,0.230875932276,0.127981893271,0.738453910649,2.24496157362,0.702251292691,0.937900098711,1.40623017494,0.785744158477,0.917287592888,0.535034710169,0.524194014221,2.95707049116,0.160347043425,2.20693486828,0.0173026842065,1.12584505181,0.179177219868,0.492640103549,0.376054654547,0.582860188261,3.89909691095,0.102944030277,1.09936157942,0.672774007618,0.278548169681,0.126068020463,0.287652746513,0.0982982989401,0.86372888823,0.61684165448,0.527423632331,0.866622481104,0.108366251588,1.58932537556,0.847096484601,0.812987247966,2.10481696822,1.17764161171,1.36926485889,0.132503714561,1.27352912843,0.428508073604,0.366957653845,0.101970908195,0.691970942169,0.85794478506,0.0525483270735,0.331085465569,1.09166669577,0.159445933737,1.14067580573,2.27323337078,0.379376151711,0.181562689543,0.282851452231,0.99962983463,0.611730778329,0.130380392373,2.33198348761,1.43951719314,1.63772226297,0.590645811558,0.446738127852,0.193306766786,0.432329332381,0.896185903968,1.20519790128,0.582047028933,0.164554690197,1.03778902473,0.447861796406,0.4026525582,0.14772772966,0.146338948905,2.58397990584,0.452823405117,0.406036248225,0.578606476188,1.18798039249,0.582369362712,0.0767905888893,0.465198196201,0.898922506273,0.0611541067436,0.0712641536258,0.826371837258,0.292908205055,0.230555525683,0.152186347776,1.34510577828,0.365587481633,0.410523072951,0.360285136458,1.5865706569,1.58153724834,0.728027713783,0.150589723326,0.694627755843,0.71572324723,0.378615967173,0.801421174901,0.667660253122,0.107699518213,1.73968218863,1.60927617306,1.35311346896,0.326107474491,0.791125998646,0.487777075563,0.986318109073,0.183247507702,0.112800186016,0.480281703528,0.168006736785,0.163465713859,0.039312082231,0.708359311074,1.30886896729,0.584127483927,0.172178699658,1.7947219095,0.677066803128,0.253676269911,0.448729743809,0.524577643424,0.397368734302,0.058546142336,0.213264081171,1.69808956169,0.248115192068,0.147267408706,0.0790838078782,0.243130383044,0.0202696943656,0.956538223848,0.103321916386,0.193508996014,0.259264956623,0.657779533509,0.221506338622,0.61417903414,0.550440495703,0.7190440328,0.340896444963,0.271227886677,0.845700285384,0.227397766905,0.749788440019,2.79472030003,0.42806130819,0.617902713269,0.0479260069132,0.266359841726,0.362458511442,0.335029248018,0.749353052313,0.317561257016,0.177535149232,0.362663985156,0.746795836054,0.454613474756,0.229114846364,0.0241593004484,0.640034860615,0.256306919754,0.911670584381,0.878237440875,0.173582167067,0.676333069056,1.17683931619,0.323317901511,0.84790715754,0.376716497876,0.0967338169739,0.49304390952,0.195965611173,0.473522830158,1.72839889118,1.49083568081,0.361596648069,0.184969092906,0.0632374899462,0.382733920049,0.361687829262,0.960168525279,1.52541364342,0.233395622149,0.845823510587,0.0,0.149225736596,0.816888303012,0.803304677308,0.79160894677,0.775606866032,0.581946274489,0.650427422225,1.54706561547,0.15655546546,0.360837910771,0.0783640795201,0.05769245442,0.626776138954,0.0460667474475,1.41522398074,0.424775385745,0.429315281566,1.02362861216,0.521342362147,0.497564310865,0.860370293707,0.437217546478,0.243990884423,0.574788655639,0.559438557327,0.737576713115,0.732671495304,0.386231293231,0.359334842712,0.554072960922,1.13558299791,0.720034302929,0.989996589124,0.430286428034,0.432508159652,0.571767717199,0.215282290094,1.78766976207,0.559214456826,0.475274905972,0.148953450136,0.160913389102,0.196004741662,0.168041894883,1.63756684631,0.439419811745,0.103387125088,0.350052059554,0.355873829126,0.194961826436,0.3722979692,0.251726125553,1.22979935205,0.105850606449,1.28670606456,0.295401349701,0.129451112812,0.204773763418,0.689759627858,0.18150833115,0.268063224473,0.228966618655,0.156977060586,1.77286066116,2.43107383809,0.539315233789,0.333481806442,2.14881208116,0.977213360518,0.572762859814,0.171897307563,0.283181344871,0.437398316832,0.633688547611,0.386500418633,0.240337401908,0.039633348519,0.590669720992,1.00762761429,0.135261768168,0.193414107859,0.277671659747,0.3246465832,1.08530451075,0.118903455064,0.650368339233,0.938347023204,1.06651990265,0.797355706301,0.156691964157,0.187287977347,0.225645315796,0.775288724452,0.171483996056,0.514090494604,0.420767216682,0.417235010192,0.00654032886028,0.170161008388,0.0615727445111,0.294622899164,0.319685416371,0.14801627297,0.116864808053,0.4944157454,0.00942794151604,0.710177546889,1.09547034006,0.146267301086,0.679467389118,0.653132715323,0.418188527115,0.498750374792,0.501045670547,0.0339793838933,0.282738360939,0.680654651672,0.112216306031,0.651916949507,0.111529492531,1.39904977243,0.377433691435,0.276578437574,0.644538709298,0.306872640029,0.151146948785,1.05751357645,0.326162543371,0.419956795145,0.407561745718,0.189940849841,0.679168188274,0.0265081116324,0.0978838289343,0.210960138578,0.236653295923,0.23488714369,0.271733805928,0.352476908807,0.208282135576,1.96572158128,0.130852918038,0.115179884918,0.265071245837,0.287600216717,0.476702071652,0.780246656723,0.303031784371,0.985468881875,0.900114454962,1.55871787727,0.415471233558,0.247474152762,0.720875279829,0.740645678639,0.878250881652,1.09356459749,0.133749356829,1.01881424863,0.731060454696,0.62520828642,1.04371625155,0.50097633752,0.391518085226,0.264284595847,0.487707911227,0.249296767712,0.836330084223,0.598757454734,1.37810309239,0.704012915567,0.42309742108,0.172764969096,0.415723568797,0.14768572323,0.792124019545,0.380042512193,0.248867211156,0.00894529080018,0.719341513421,0.0109070246574,0.0938357687742,0.952913353741,0.428994263411,1.15496156256,0.150198050886,1.60390236691,0.391526097842,0.585582122654,0.321360123478,0.719630988408,1.9475547285,0.371334462129,1.38500919208,1.76005887628,0.0908112306893,1.65733087718,0.161021587104,0.498614694723,0.597982028741,0.495043530054,0.150847146213,2.32120594203,0.205257316772,0.322602845281,0.170691865683,0.8634019404,1.39504111625,0.551787007302,0.0173483568057,3.58215926573,1.10540649667,0.0,0.89444136519,0.00993929371238,0.0776089502871,0.171012114882,1.9135060418,0.216530036591,0.153525477685,0.163419598006,0.631606028676,1.76428484842,0.425609950721,0.0558759425581,0.392853757943,0.314580512047,1.26249832802,1.05002231151,0.639427689482,2.64053796005,0.502363053476,0.363420788199,1.06944964986,1.97088857614,1.136057227,2.37555321217,1.40207543891,0.183822019994,0.647769006137,2.26209293075,0.959659617762,1.21861284211,0.893925924972,0.174274965124,0.441553804157,1.87456169731,0.0952997210529,0.10610385133,1.3564712641,1.84473535456,0.24022278145,3.45630418692,0.0789636549726,0.18996300973,0.757133862764,0.33640682778,0.526128327018,0.23505794039,2.04347247228,0.847038288163,2.23701993048,1.67814686593,0.8143194139,2.58966532005,0.309524092674,0.412106203409,0.0478143354878,0.218809049129,0.631818657215,1.18236824201,1.36392620426,1.52175149933,0.775973779708,1.37881238865,0.424988256097,0.303089778982,0.825047846697,0.487846396826,1.48699657902,0.401278715581,0.366319879964,0.580863162763,0.0646093722433,0.159127090182,2.04515488595,0.0657617855072,0.0681399016269,0.6366999848,2.17844802193,0.723721421165,0.519833560213,0.521491152495,0.505103904847,0.315843921155,0.187108747736,0.467647790592,0.829281373587,3.87610869348,0.708404526748,1.41273501646,0.625065206554,1.82187580824,0.250882632285,2.46668796748,0.133924819281,1.03721736119,1.15203441933,1.92073834538,0.0507580684125,1.26130411997,0.064351285696,0.0600594257191,0.685841389224,2.22176081747,1.0549836104,2.11712908757,0.2105986246,1.19439221796,0.0653500199504,0.262130523175,0.189201081288,0.941959102042,0.185162935108,0.139194787815,1.40517736051,0.0267986727506,0.207885935763,0.402250869721,0.0714910728665,1.94425958008,1.51841571867,1.05907389246,0.349074004926,0.510278695475,0.109527110308,1.69166845161,1.15888713491,1.4696659975,1.05181503048,0.180732336678,1.69678786736,0.315275209248,0.477777732331,0.367625199184,0.308680185489,0.305809690505,0.386039702911,0.570370596349,2.0196323642,0.14763726457,0.333055370795,0.0417857645452,0.30307551764,1.30541362762,0.105062862784,1.05581984656,0.144796088487,0.631244242042,0.156014602445,2.81043769166,1.0537323539,1.81786924511,0.734505948648,0.208783191703,0.946948669106,0.440473498777,0.508000250205,0.0831073859334,0.950939615262,0.232119221166,0.80735603828,0.130817603767,0.243225675463,0.0794633407053,0.467904639691,1.58309192244,0.341344111211,0.0162913742661,0.021299845702,0.0985998579301,0.534542465284,0.216223137937,0.959017833099,0.0862350419536,0.423840009607,0.670883819552,1.47262811199,0.0493465117062,1.35734239247,0.416365822554,0.0848973064125,0.965437240375,1.36318084043,0.129758374039,2.45342100032,0.439856002554,1.43091905405,1.34220738857,0.378226081524,0.769054172859,0.869731903244,0.635155883473,0.531688188761,0.978754054606,0.264684314982,0.562775441706,1.1525784345,0.649827579651,0.425171763431,0.504312558994,1.06118288651,1.84766054526,0.368060242534,1.85749077097,1.01637997195,1.66366207421,0.692804590464,0.496623497605,0.327439075336,1.39497145608,0.438549917042,0.334368201606,0.332489463389,0.747968528625,0.0961063122749,1.07791867107,0.00585500642657,0.42667930454,0.165631039441,0.284303540466,0.819087811746,0.474536413103,0.122486621216,0.781140984893,1.44106744997,0.352068945765,0.530633218214,1.44296209097,0.15662518546,0.835638263822,0.620449754633,0.561967218891,0.0858858722635,0.152783402624,1.75372696925,0.103682464808,0.297724030018,0.139429771304,0.00221844882704,5.80358090758,0.0335120344907,1.35677102923,4.14836685896,0.584531751436,0.0317613506317,0.856313335598,0.401919540167,0.139307946563,1.84259329677,0.344670713544,0.0324751724303,0.202372250557,0.414902620241,0.737064046189,0.0866396141052,0.609570722133,0.012283616066,0.383806283176,0.334216204546,0.530926121958,0.00754453361034,0.346329446491,1.2914393121,1.36660449594,0.0459383130074,0.994699286819,0.06383900702,0.598640481718,0.259480642267,1.36184905634,0.283932991251,0.60508121999,0.277718764683,1.19942298368,0.315417258181,0.807691158429,0.189217802286,0.271197600756,0.95775259167,0.0106646999717,0.693360137045,0.127074775025,0.738787631989,0.575483347178,0.168250042796,0.210410759151,1.34642471515,0.116675854921,0.319657130614,0.314993651062,0.590285402387,0.0213624668121,0.380969402299,1.01144084282,0.00314656019211,1.4824153355,0.0122868853807,0.0239612102509,2.5455179593,0.37041663304,0.0728581653535,0.644296925813,0.227836895939,0.253031886443,0.0812045407295,0.893702851534,0.0674159558862,0.0,0.332864674181,0.838433806747,0.176026694775,0.750653377473,3.42133598134,0.128778323084,0.867860828936,1.43180270791,0.354857257009,0.0708473944664,0.433565778881,0.605460820682,1.54225437954,0.254446294904,0.00487374126911,0.200151900947,0.281886818707,0.580353317931,0.807190477401,0.379356848747,0.232235174254,0.00180171459913,0.142033818066,0.957773070335,0.524138629809,0.232303724466
25,0.523720560744,1.22271786317,0.73702152133,0.301714303493,1.72242454015,0.902607607841,0.608956648763,0.492315464094,0.702713916712,0.905819591135,0.408245372847,0.630339968652,1.95632182896,0.196089204997,0.28305212155,0.324301463626,2.16268254697,0.677553640082,0.903337529674,1.41914188273,1.35265669215,0.388073625066,0.967748504467,1.45530602787,0.36070662057,0.795751218349,0.344982152786,1.04708982147,1.75252350196,1.15730403781,2.33018036082,0.608520602994,0.755537745915,0.400990685597,0.224736595899,0.177950304151,0.710389723182,1.0286463064,0.318529256135,1.79525748193,0.416276372224,0.0580036297394,0.346593966726,1.10758563235,0.345926114656,2.32581956215,0.964141772091,0.715563460309,0.0396104828268,0.860214740485,0.109102873579,1.12431358293,1.03901579566,0.0746197361872,0.402045069486,0.746728445292,0.681674668584,0.219527423847,3.30389970303,0.998359981924,0.449117050469,0.159602418616,0.241565534584,0.179425973892,1.03723467594,1.76217506826,0.82731531769,0.452175584622,1.21961070478,4.47348814536,1.77624713898,0.25732955195,0.652737198398,1.12877718896,0.383197208941,1.30673915565,0.749679017365,1.79710309029,0.999367275909,0.272909203377,1.43608551383,0.123827160075,2.25023299098,0.611316796914,1.40897412181,0.660513170585,0.789895539712,1.0723271662,0.265587920398,0.611711950675,0.240691931918,0.0743852736801,1.18852232086,0.248884277865,0.317843909822,0.756782800555,1.00383027568,2.29032922894,0.023197186403,1.19878398505,1.60344329506,0.426608432382,0.278040647171,1.65749041677,0.947202691436,0.267909703851,1.72361384332,1.50017892361,0.725076211765,0.919398082942,0.173670981172,1.77678250372,0.898785875216,0.399256724939,2.02476668775,1.18239942729,0.051892406859,0.626132689938,1.85109186318,0.265182509515,0.969447936267,0.0283018090064,0.988972257376,2.85546673873,0.420724867433,0.97741911158,1.05484017134,0.126084134728,0.422736950442,0.183151417822,0.0969862782955,1.47531215161,1.54506483458,0.801732768714,2.08596917629,0.326952873692,0.35091335088,0.846469779909,0.264641042706,0.638827886209,2.21396186471,2.3943854101,0.225455268696,0.0437389485538,0.298868807293,2.75762666225,0.45820827201,0.397365746647,2.54489485264,3.52531443834,1.03364166617,1.10346993841,0.883671520054,1.26242226814,0.774937751591,0.127136594951,0.528380056322,1.15513773356,0.102319088876,0.504712404981,0.666489863779,0.499873589464,0.769457049407,0.803730449677,0.258990339637,0.760041431256,1.5653327173,0.454687656406,1.46535843626,0.103387958333,0.688457375765,2.10411737055,0.692640499771,0.888430096824,1.20287488759,0.390167516582,0.398203156614,0.545783480704,0.716974155307,3.5580859822,0.672502689883,0.545744295418,3.8354663986,0.889318595678,0.831755038947,0.508393197656,1.1899555935,1.64407497793,0.61310976401,1.44549368918,0.0951313913753,1.00567773193,0.519363085777,0.436073752996,0.475524217365,0.460234242678,0.743285631239,1.88466543213,2.52265671611,2.3766206415,0.101799941747,0.404580866322,0.14223128885,0.468509159982,0.642193350047,0.905531931482,0.128591393654,1.42518628508,0.94873110909,1.07014977217,0.340395874009,0.304753322527,0.698882345939,0.462539771642,1.5208323992,1.72528557137,1.7264177027,0.142398501206,0.341492637396,1.24343108691,0.256790394336,0.760286829472,2.62566839606,1.01874893822,0.260648868904,0.535615171418,2.06756150112,0.235553497598,0.958568025976,0.121458542319,0.488669913225,3.02442181706,0.418362569213,2.172284168,1.49580619559,0.58879580915,0.981548593342,0.616321437657,1.27122272104,0.454315650761,0.0962935311534,0.397011023052,0.328462056331,0.0423974153399,0.837618780285,0.474290507734,2.55117855668,2.69138141895,0.883057448268,1.61505490988,0.621202084869,0.183849183414,0.482761382833,1.73741490364,1.3425852021,0.950289391279,0.820306262746,2.97435450032,0.0908125548437,2.08886058763,0.624211336281,2.06720425695,0.469864671789,0.374710743129,1.44812013566,2.0106565268,0.0553509514779,0.876135743111,0.938012735248,0.32367167294,1.10306066602,1.74769240499,0.19780194059,0.140736807883,0.435626272708,0.0884590619802,2.85699304819,0.180181822777,0.26208434999,3.49682361364,1.76558579087,0.543218313316,3.57409720868,1.26421175122,0.405078315586,0.632481482476,1.40865621448,0.198247934878,0.758229113221,0.0344974853098,0.132798175737,0.0312964092381,0.279390846677,1.88910645872,1.02699359953,0.899059071541,3.91704042196,0.842085141568,0.411309328377,0.731688592434,1.60661441341,2.47600444607,0.428870102237,1.62176997006,0.35981367711,1.6776669482,0.695615037829,0.677078644708,1.11282397211,0.689257776961,3.06805153608,0.301490278542,1.5222922501,1.72293316424,0.492051677373,0.0383909992874,0.950813890398,0.219406993836,0.618350990713,0.384407073632,0.785769495517,1.40171054215,0.0124199192412,2.48371662356,1.28454016834,0.322057050765,1.64388817877,0.951471143141,1.81270563215,0.280514914393,0.607964982539,0.69028654255,0.399576816279,0.573960744813,0.252582233995,0.637069605347,0.0862916909006,0.61024409391,1.37392387331,0.27691081956,2.38581112564,2.55081533182,0.256911374368,0.243208112852,0.336838641129,1.44891167819,1.34529117674,0.128335186876,2.28608158275,1.01598279675,1.49402671911,0.992124127522,0.712908968134,1.24402650347,2.58154311612,0.0732361340895,0.57819972903,0.582484636419,0.357590661012,0.933019542769,1.12235447899,3.21527064105,0.0363441055268,0.166775095705,0.750426439494,0.0994300574716,1.15137523189,0.38400948748,2.37991576813,1.59353938803,0.0322736490332,0.440189064182,0.614937790986,0.687809239952,0.276700121909,0.276055020113,0.298186600357,0.718121883422,0.413896911461,2.45498625636,1.36113024917,0.176215718277,0.40075790883,1.9026320684,1.30156870537,0.669993285015,0.379157388248,1.8282344757,0.153922960311,0.610842710305,1.79120016571,0.655065405723,0.297296052957,0.931359906569,0.95404118415,0.493195579574,0.212443764582,0.240810334033,0.401237603426,1.42910082661,0.296552761998,0.233145255875,0.402766050175,0.67226626724,0.205807258971,0.22076119124,0.454377537258,0.850332201594,0.0585188241675,0.920920959935,1.78319268376,0.457780746818,1.78872765221,1.15262662087,1.1167588985,0.0317262938619,0.0779977749661,0.608659380339,2.25401482742,0.344536770061,0.697097714916,0.765356835723,0.153739563674,0.242764145248,0.768789675161,0.377968665976,0.859084199965,0.175108764693,1.32099764355,1.0117303212,1.02184631385,0.766359813213,2.17945162833,0.215078863483,2.00975030839,0.725143849477,0.574653288014,0.115283918679,3.15260567416,1.09776787091,0.347406062782,0.0852063416317,0.667132336423,0.146583926505,1.12149110794,2.18233985901,1.87314973632,0.11198257409,1.5066081275,0.372658538725,1.05043397084,0.49709497422,0.444416908324,0.131731968117,1.12829724688,3.31631794114,0.514264985323,0.634962518904,0.43154994458,1.06202247343,0.253096003048,0.901845853031,0.273573431121,0.0391888537584,1.01760432109,0.143993175179,1.11635249533,4.01193454683,0.375099067464,1.00723129924,0.248936513513,0.633515790105,0.484028652981,0.986113792881,1.14251423761,0.177534284304,0.333989263773,0.700958284736,0.1091896764,0.0164519286156,1.00368288101,1.66158647489,1.31462811776,1.34109597698,2.62247408468,0.438670959845,1.71290224589,0.33315731056,0.598022769988,0.883858391643,0.0545518243313,1.36149675371,0.00112637870014,0.357888123388,0.132939788252,0.653902741149,2.40763273597,0.833019788265,0.200908451127,1.25576734323,0.252088675983,0.716555007119,0.368386498392,2.23535756721,0.85607263945,3.32777154326,1.61552598774,0.718798108585,0.642193320245,0.314169635661,1.24195574105,3.68421861714,0.0984948053956,1.48875479458,0.540227212161,1.08192086607,1.01110228024,0.784595110407,1.47728897095,0.074119502604,0.366514982879,0.487272224948,0.20108091234,1.36700163908,0.622689443231,0.413294360023,1.1310238146,0.449387143254,0.27552818493,0.292334509566,0.369166181535,1.72860095017,0.163386005443,3.14763368055,0.534798201583,0.929488040209,0.202766669244,0.709782765228,0.646914644092,0.790748125181,0.419451452047,0.383027496673,1.12492753282,1.71068991125,1.65860407903,0.499510985091,3.37909934863,0.879651733339,0.478871326447,0.0671222517639,0.578279433735,1.91513857622,1.15216067892,0.350681153983,0.128439273685,0.25390786672,1.52684661776,0.924625513554,0.563538229093,0.0861335402168,0.756747040451,0.107537152171,0.207482314259,1.46569482893,1.6083020578,0.351393294185,0.797021820266,0.291206892841,0.0631387508474,2.04633679652,0.058034305051,0.732914617469,0.035822923556,0.38198216524,1.33957711115,1.38263942182,0.0783881136775,0.627950040251,0.0803933258355,0.00166035495698,0.375674323291,0.799996221885,0.286267140927,1.82445438832,0.0244691555202,0.732809317559,2.98818395257,0.17636016205,2.38428566143,0.417607103592,0.693537545502,0.564899178371,1.07241773408,0.41811296979,0.626667638868,1.4527530627,0.150603515189,0.608686150517,0.197238285318,1.13948178252,0.309477811363,0.323893614747,0.6264402177,0.48402432668,0.397239531055,3.10693544254,0.883783513606,0.951536744684,0.623157431651,0.149436244592,1.49835561032,0.105377655514,0.253707414996,0.357156461086,0.110549444929,0.175867637694,0.105062998603,0.551493804157,0.159142573671,0.249591835579,0.256994449794,0.041713698263,0.256098165791,0.15985837955,0.572720841169,0.0922655666247,1.41691654861,1.51583748572,1.72856501423,4.52244449854,0.217476204932,0.505739607811,0.401320085749,0.926671875343,0.155309552046,0.41962729007,0.0909879073221,0.478467208,0.807539055236,0.254749821164,1.67690693736,0.295911559258,0.592048716119,0.174885736182,1.25329104461,0.0820310834423,1.38801113624,0.534580965005,0.62130554324,0.4873368112,1.05371028376,0.551956889182,0.234575009812,0.157721592262,0.569081456922,0.335180678815,1.66297732204,0.0302166556567,0.858892203318,0.0686567863822,0.219189074934,0.367862887867,0.176432970017,2.45804455686,0.749614359736,1.46581708781,0.227715008352,0.351388286429,0.285406419476,1.65863984002,1.79499622285,0.63256166216,0.674202123657,0.621238175062,0.128324878647,0.618986137025,0.767791695632,1.2736284662,0.563043926693,0.407842009738,0.743716067672,0.992055802345,0.0676147939265,0.174528722018,1.32099458687,0.854828508683,1.69254907958,0.113119344413,0.0218885052949,1.75302796309,1.20724864939,0.0,0.927369499918,0.24005837068,0.75768694913,0.0394523608685,0.496633650512,0.884507065602,1.72696632177,0.00807969529647,0.11856942242,1.02632844321,1.26084664885,0.0520555162057,2.19995176256,0.135638712533,0.330953887454,0.59791565448,0.584004833847,1.15673252378,0.790716556907,0.556699025035,1.00170534846,0.39921564781,0.254336722177,0.505172271393,0.297270947285,0.123966089115,0.60433136825,1.10708011892,1.47520395219,0.657876894549,0.618216121867,1.12736129165,2.44140818975,0.782200414836,0.216168405339,0.220996500803,0.701998015116,0.993503476074,0.177882192135,3.96058216598,0.0214114671201,1.01088390012,0.311734703332,0.453968012035,0.0788359832764,0.318861043255,1.62165580228,0.790621329024,0.756160431504,0.909013173096,0.585174566894,0.882845680006,0.767097103894,0.61956574409,0.15301676102,0.143102477677,0.667310370067,1.89806554338,0.306856022559,1.26002580226,1.34770842463,0.541723319292,0.270481129587,0.335253652874,0.348542628139,0.9836045634,0.370650757365,0.145345913926,0.0718754914496,0.385198162198,0.726157147586,0.34208523076,1.58207040485,0.0210577148199,0.0175450716121,1.20395332389,0.804075240344,0.420662995167,0.96981633299,0.56167163793,0.226781359259,0.714757199287,0.598892490864,2.6948552382,0.617398068011,1.30165165351,0.583895092416,0.633146196529,0.280705025047,0.800096480176,1.07671793897,0.480076893438,0.362918435056,1.91105198469,1.24031933397,0.901555000022,0.0553209745139,0.418271245509,0.639744761661,2.07146345377,0.182383902036,1.47881971508,0.521243051067,1.27857639585,0.123696308509,0.59298077154,0.213825050611,1.26640600979,0.747837149203,0.234595029708,0.532853614166,0.334045265736,1.03261030495,0.106297221705,0.571619932391,0.490030283481,0.526156109395,0.933573445864,1.51896541473,1.30556845933,0.149492701795,0.230509344339,0.299806894585,0.272379129417,1.82830376999,2.11943883911,1.2496313417,0.518177562747,0.997039769888,0.517647750271,0.284235140104,0.650257402211,0.468650573008,0.455130054653,0.183006534022,0.723493117597,2.11886308789,0.580449741239,0.373168212045,0.158353874353,0.428109380789,0.166335202456,0.31409385249,0.295792032797,0.547913377434,0.495965230726,0.0693149408512,0.898262901157,0.759249735624,1.52585631399,0.174356067516,1.08313660012,0.360459147394,0.638335263208,0.756261678487,0.112177632451,0.617140508965,0.51074745357,1.3228909415,0.677491732519,0.667228975371,0.0656187395193,0.053187309131,0.92391591499,0.403736504219,0.00915543636307,0.332456379235,1.28751650289,0.275631097183,0.174170295261,1.71237221569,0.0543851342797,0.165236994413,0.771490991786,0.738021230251,0.131192768812,0.901029039025,1.38085470842,0.354180170498,1.03471735582,1.38447470635,0.25247100234,0.875177539755,0.320651508048,0.854343321025,1.8168735712,0.360366042368,1.36674109392,0.42334739917,0.648861546926,0.235966496132,0.633396487329,0.334667695109,0.876124709547,0.465449174773,0.8374900195,0.479087124611,0.689518400356,1.39885164123,1.31885993362,0.293317473978,0.290146988546,0.813862750083,0.845037719607,1.00044656001,0.203914406151,0.136497665346,0.369514898919,0.163885126263,0.409381904565,0.290121962763,0.45533281479,0.0181184408069,1.63431146615,0.0969290516339,0.262142209411,0.29983246088,0.13071996659,1.45782875419,0.700642947927,0.19865382608,0.356473077685,1.01682474442,0.144264339954,0.184566190392,2.3970958104,0.0922556338459,0.00736368268728,0.216763685346,1.63317737877,0.379975580145,0.727584085241,1.4832547538,2.34979343712,0.444198858291,0.208054621965,0.0565071427822,3.44714905202,0.011424434334,1.87406182349,3.93249222755,0.709134906605,0.576956484318,1.64748229693,0.383652520776,0.126785545573,2.64141821947,0.47881015569,0.823569800854,0.0200037992746,2.03992918372,1.74629199684,0.0,0.701140425801,0.0,0.258086756226,0.761672422914,0.451350811124,0.020255190134,0.534793971479,0.277676871717,1.02087973133,0.00902913868427,1.03193431903,0.00447403856786,0.24402750259,0.349805915654,0.63166701287,0.291798681095,0.355830800012,0.341375996768,2.54563876361,0.166296533346,0.100027256645,0.0445686654747,0.390211835802,0.355611990467,0.286494044065,0.557844015136,0.250913556721,0.611558222994,0.338712484837,0.731314930171,0.0521082478203,0.550637368336,0.023203843832,0.642804055214,0.147425157465,0.300835278071,0.00473953604698,0.288498852756,0.792197100893,0.0028478641808,1.60909873068,0.0,0.00782711207867,3.58713888548,0.291521905214,0.0270734733343,2.69693695776,1.31102892958,0.00665261849761,0.359014587998,0.973450948298,0.16491386205,0.264635270238,0.71092727521,1.06614839286,0.124661054611,0.0747309405915,2.05960510598,1.27896539472,0.314628444677,0.855577762425,0.52789312996,0.191570376009,0.0663106641173,0.344060447821,2.0228035205,0.0504017157108,0.00671126782894,0.0638948065042,0.22276722651,1.07027398229,0.0454515773058,0.384639401808,0.0695345562324,0.0,0.0840613491647,1.84255455844,0.417016995996,0.20756317392
26,0.663886307937,2.45708005488,0.148336321772,0.353683794867,2.00928313583,0.310263016373,0.743891714737,0.882813886255,1.64064612735,0.982335397005,0.240145558342,0.347834637836,1.01375870168,0.265797797441,0.148600116447,0.432968840487,3.9886292088,0.450924905837,0.329366007522,3.10106574707,0.553248434663,0.10737095423,0.409070610721,0.830898581892,0.473820025586,0.205183993205,0.0649576101266,0.28535183316,1.32724545863,1.97104166165,3.32894282103,1.49178344846,1.65281049937,0.119326683097,0.738634854481,0.110330769885,0.534465972856,0.686345815361,0.248786708117,0.47944725588,0.410360930637,0.4988605766,0.135722221956,0.848660066575,0.314557282496,1.31092872903,1.89189227551,0.511140008569,0.0671549378708,0.756734169275,0.287496174686,1.79374060988,0.494640871137,0.0559825908206,1.13002686679,0.977067471705,1.73477616727,0.373202142715,1.92756775141,1.67729064524,0.838149710968,0.105613587573,0.545748867877,0.788593265489,1.36473062545,2.11414097439,0.441502420157,0.189352274835,0.971224796027,1.23387825936,0.81901978761,0.727273744345,0.103939833343,1.23440197483,0.102921070606,0.957132087946,0.26114588399,1.12737353317,1.96319324076,0.323356242143,1.31080259442,0.118677637503,1.79368528187,0.520709921122,3.36644847274,0.546195880771,0.341714740284,0.969970527822,0.017606247589,0.301360777169,0.0953107576072,0.086710817311,0.504928713255,0.434930437505,1.96289381944,2.13533319712,1.36423695654,2.09531882614,0.0994795621932,0.52042402231,2.67553245142,0.163875053675,0.697970168693,2.69818064034,0.390233067237,0.0,2.45823792152,1.12367482007,0.631107679009,0.693231794238,0.705204919906,4.71497217894,0.428550860658,0.0887560130621,0.974994635521,1.44487760423,0.00479984492064,1.47503305912,2.06828892101,0.838467380714,0.922618167065,0.145758581012,0.579896930307,1.70468815796,0.646303833202,0.984003171921,1.64175367415,0.284601517897,0.2984013486,0.357046108246,0.0444603110105,1.09445066959,2.23131067812,0.561977760196,1.2048627618,0.284238558505,0.868613518476,0.795212731659,0.197088237647,0.919449272156,3.03986468315,1.2157898356,0.331358727142,0.0241981705837,0.634849556014,2.22674958408,0.409803043716,0.510983054265,2.30853444919,3.94281685114,0.420145078152,1.7191535471,0.446445432976,1.34785389826,0.636627609506,0.181741626859,0.424051929452,0.996648576558,0.0538430845737,0.142991049625,0.670206884835,0.642233723328,1.43586025588,0.779538195133,0.144029046893,1.39018176794,0.530482013356,0.163903870583,0.991950846463,0.341969880015,0.143560660209,3.04663402319,0.334397987928,0.708486785777,2.56945869923,0.347850485928,0.306070651282,0.329814965948,0.412666446716,4.18328624904,1.07471039772,0.232314803042,2.28520903826,0.499765102565,0.263115895689,0.174430922642,2.45589948319,1.58494894564,0.0945807550848,1.24239171267,0.349015400484,1.14464690477,0.5504448466,0.300047651376,1.39941656947,0.257136212699,1.48475955844,2.27796179853,4.19988071918,2.06977605052,0.153187309988,0.886107504126,0.402342073396,0.153509783167,0.810357046723,0.522601208575,0.0974095342308,1.2155023909,0.640255790055,0.176876462437,0.730222381949,0.0701982334629,2.09230045207,0.429114153534,1.73052917071,1.82898365181,1.30384942139,0.335534599721,0.173470386416,1.8189837712,0.729265863299,2.8687206766,1.79648122966,0.596710071862,0.291745711416,0.797148715719,2.25589845151,0.0653213560581,0.389281597286,0.480454268306,0.44743561089,1.70278285429,2.20922619224,2.04922450542,0.988743562996,1.29982168376,0.733499890864,0.493804239854,2.10170834869,0.321658229618,0.248669343274,0.0718895100057,0.36674240157,0.0145942489617,0.188259914666,0.492051262036,3.05049635481,3.78668311089,0.206538970061,1.6273144246,0.247874755682,0.137399514839,0.557087804675,0.95742888093,1.03727293648,1.09474559993,1.0290532428,2.66573090315,0.144198224787,1.25389412284,0.712766480166,1.72433643341,0.161260965187,0.450723436177,1.8234752149,1.37147570997,0.0461672854424,0.313109188084,0.507283086181,0.0686041093851,1.36607907638,1.74359394848,0.341227623448,0.21074984543,0.139191748574,0.113759001493,3.28570893168,0.267183972895,0.150894493721,2.85417834282,1.81915484227,0.548967825621,3.786641891,0.301313552707,0.526094922088,0.790078396744,0.790352766197,0.0765251916554,0.808436269462,0.0330703076301,0.194585834332,0.0880986694992,0.723495962434,1.36765890148,1.51769760728,0.921187746823,3.00740225434,0.53378491357,0.833167881966,1.72227310836,4.37132161334,1.94306783199,0.819703891501,1.40386800155,0.432903176695,1.16531852856,0.635466737151,0.980320239365,1.01403877102,0.188130398826,4.77756990433,0.112706825994,1.30859777391,0.914178027213,0.161435479755,0.066533558513,0.215052773468,0.571834595799,0.265876259916,0.562985264808,1.83407778785,0.343280812204,0.150356757827,3.60394898117,1.45479970276,0.446611763425,0.983572213054,0.193514340967,1.87596683758,0.140045713093,0.255449228361,0.597359668463,0.21338757012,1.7280287002,0.944189588465,1.51887968421,0.0664663365763,0.546633268036,2.53352434874,0.336876059473,2.75823388755,1.80798936814,0.684964912748,0.310349403312,0.402536719814,1.10143073976,1.11007728994,0.07225634526,1.21614107728,1.21661561728,1.19006225288,0.905707133114,0.234522093907,1.33769331619,3.75363177021,0.274243024439,0.425324176513,0.286066895481,0.950930732451,1.08444518156,1.17504227072,1.27277312241,0.176490018945,0.453667297792,1.43514482245,0.819297658983,1.00722894736,1.32489029747,0.528035023734,1.3002771906,0.128821728304,0.587720338702,0.198479142012,0.184158548266,0.172861576863,0.206062544473,0.191370741185,1.16257429328,0.048255782146,1.60588791788,1.61764575444,0.8835834831,0.73423774302,1.3073625657,1.34195205539,0.546317572147,0.0668750657747,1.81703656412,0.286401142776,1.2689452076,1.11458109736,2.38115979671,0.516539266519,1.73018918552,1.43952872958,1.2044833757,0.627825626582,0.515753440335,0.424737136327,2.3777997376,0.024532831572,0.170617800755,1.20459712967,0.711481711194,0.158798013718,0.635503566377,0.93634459652,0.923253423013,0.695166942924,1.53506806433,1.89104863912,0.277551335655,0.0842261939496,0.396241827458,0.578562639663,0.25381385915,0.121190320733,1.67773051562,0.6285649921,0.744354935214,0.427624119073,1.29433138251,0.781321073882,0.0273536763061,0.512295184024,0.351992520615,0.0366887375712,0.387031085342,0.858528557923,0.480364696402,0.708104373515,1.04389238387,2.06725484133,0.498056825697,0.0446114265919,0.778174920455,0.271645660959,0.151280246675,4.53329661071,0.941720506847,0.306396568436,0.109046901762,0.10274510012,0.424636960514,0.859681763053,1.45108315572,1.53965508215,0.0773577073682,0.529371350855,0.932902201712,0.183152430728,0.351760233641,0.619497184195,0.172394987047,0.968714144975,2.43855171055,0.673707230687,0.411079888437,1.36907128565,0.744884659988,1.16839320406,0.561120646757,0.927650535367,0.119495197665,2.57034850091,0.283963111811,0.211031212462,1.47329683678,1.00698231041,0.913792926446,0.241768123806,1.0491384712,0.148129531383,2.92482312866,1.06046098251,0.90456551509,0.184285279606,1.23949095206,0.00118613064289,0.150553071424,1.37836290538,0.807499154806,1.03106711254,0.23282348372,3.9212146984,1.42093247309,1.60590521291,0.0737499707378,0.267754551768,0.612364457846,0.0916612547636,1.4100247389,0.108149181586,1.46220017496,0.133932006657,0.682893981263,1.4341811496,0.755587920845,0.516947944588,1.17427490816,0.715713409986,0.9520117062,0.630835589664,2.36672027544,0.285720171509,1.67884038419,0.81343141404,1.07498303138,0.379522866824,1.25667364477,0.649270095685,3.46141121104,0.0942400405556,0.284385420792,0.318198259864,2.45534549266,0.887097375765,0.905485381186,2.50318012521,0.0482264393941,1.28858482706,0.167551014479,0.176399539858,1.3353160435,0.685777961463,0.247714717537,1.25863575578,0.482971606455,0.0739213098213,0.108968701698,0.221194303483,0.640372493938,0.563171623796,2.03318396449,2.10750561947,3.39242132276,0.479833336473,1.40166428685,0.89081000383,0.0714099594974,0.241411226168,0.0803665770451,1.63039800577,1.41185669109,2.32702417564,1.23502256155,1.89189486478,0.282944891229,1.20035001725,0.248052176386,0.715949319974,1.29136776799,1.10060434319,0.80426803343,0.254994367023,0.480459578242,0.924870042577,0.362760436572,0.775970483497,0.430831158105,0.915352660473,0.179922215268,0.713492410183,1.17610345989,2.53410659634,0.513945170585,0.482461691876,0.651052238825,0.442180771828,1.53454752725,0.338046741076,0.547136848569,0.147114359215,0.215917954063,1.18132649794,1.08537073918,0.0175389394164,0.11131302312,0.146639734656,0.206249046847,0.194653191175,0.232354915794,0.115273440927,2.00629878849,0.154236912243,0.572949401885,2.69826748893,0.414912981887,2.33887461141,0.350870279223,0.774694751091,0.635673781242,0.664027985223,0.257634534836,1.450022787,2.84760522306,0.00467178002,0.625894999877,0.175317802818,1.10988959929,0.29855846717,0.345371013898,2.03791091054,0.419398440998,1.3903600204,1.64305380821,0.876380594969,1.09267619848,0.757586063594,0.522217544168,1.53021727338,0.170838048216,0.342044074694,0.266939882599,0.123136315057,1.3499837925,0.373843934163,0.0391804575175,0.159817462876,2.01164626479,0.0947882104851,0.286637954768,0.511330334805,0.526313246377,1.00621438351,0.172459101751,1.03552228838,1.13108667165,1.62037600491,4.55388012782,0.331588649638,1.70721523896,0.855296740532,0.262323815227,0.431377463117,0.58997643996,0.0109245019406,0.299843970846,1.22211894626,1.07261786819,2.30329134837,0.317006441429,0.221550510675,0.79138207078,0.961628237012,0.477988039479,1.48559188928,0.41496798466,1.28684636433,0.743049015626,0.94472037673,0.0851494233916,0.206374960616,0.153466325849,0.248806624841,0.274280114025,1.0966717732,0.111988509148,0.311726392284,0.0701839806815,0.542243572399,0.42483824471,0.984133334607,0.352371145822,0.533091433123,1.41975034289,0.573796158973,0.471109206006,1.2181045486,3.66551148459,2.19524302572,0.500392625828,1.25825619345,0.755029490814,0.616993878484,0.384304672591,0.221015759408,2.26583978093,1.80781700671,0.637298064809,0.551959700324,0.547976621687,0.438507830009,0.147418721048,1.05189043403,0.488548710593,2.1322255411,0.106797747593,0.0227878142148,2.46038933458,0.649021613544,0.0,0.444598181583,0.0412114533037,0.868667104915,0.181677388335,0.369043153943,0.607134781927,2.96510560036,0.584101280225,0.41191907078,1.46178183675,2.59393151475,0.175525492951,1.5792381537,0.0577522621024,0.627373359147,0.436478909571,0.944689788315,1.0527026701,0.311248203386,1.46546672504,1.35898028866,0.441013657264,0.291086454038,0.682081266046,0.391848552078,0.31181157477,0.251107678004,1.03507301688,0.80431161698,1.25292536557,0.882376102284,0.95415517021,2.75090728611,0.564886759967,0.192117363249,1.96419158757,0.867772055343,0.371365907416,0.434793506563,4.33168682098,0.276045124531,0.430914356261,0.7027904067,0.393123087152,0.089142039232,0.199057229618,2.68982030474,2.53385675788,0.553408912867,1.10876146242,0.901539410502,1.19695766565,0.492200124785,0.357511815429,0.34830953069,0.376498933583,0.347394435406,2.01619055659,0.384445379451,0.998394263834,2.23409872651,0.729823853001,0.466679049879,0.714353615958,0.796979424059,1.46188451648,0.503149909154,0.218617429771,0.152160765836,0.43762329489,0.191543988101,0.338920066264,0.351140495036,0.255996720567,0.2321374337,0.991076453775,1.01513838574,0.878982243743,0.710140075777,1.4821857778,0.58081662003,0.852919810154,0.0495012267679,1.63303109109,0.60691850042,0.921961006504,0.653018388003,0.597752711889,0.187651055455,0.959264086187,1.80895198777,0.377478068019,0.424213932902,1.88904856794,0.720691200085,0.668865433214,0.558086373806,0.371598855732,0.149716698378,0.237395002933,0.0988438326865,0.846157456338,0.199107613824,2.48552420616,0.99030550262,0.647233306067,0.821546995044,0.218488155436,0.402619846463,0.311774248295,0.522943514884,0.248368419781,0.869968739823,0.178226198554,1.74532596638,0.538577907728,0.744186379388,0.808500714675,1.33755425893,1.48447829071,0.778236425258,0.718556228499,0.469353928119,0.168506669328,0.781098417314,2.57503446539,0.597661682975,0.206214299779,0.609443044513,0.0783336802945,0.361332678003,0.167228108644,0.904932077378,0.938378576487,0.308013696624,0.530779321566,0.918275344372,0.505564540152,0.560025364589,0.16524573639,0.202506110359,0.0845407982171,0.731384496298,0.353339149132,0.0426061566547,0.520081537478,0.23222622334,1.95984609311,1.07134026051,1.29174424381,0.383409985583,1.66452573605,0.498047741055,0.565430925749,1.31644283828,0.551523424909,0.238057213575,0.612537602391,0.599043447077,0.395239058435,0.265200326443,0.194078230429,0.634725954756,2.25967047095,0.287871107697,0.117340783868,0.0814450662583,0.365760820433,0.27118932616,0.356327624395,3.59544920538,0.183409744054,0.158514047861,0.620195440799,0.494528036695,0.0624477549642,1.56983865619,0.936738436595,0.0126244664192,0.915855119228,0.600404872347,0.921244222021,1.20557578608,0.581294577718,0.0545928816497,1.32087118665,0.3154057483,1.48731286661,0.953693970516,0.849961595461,0.0843813215569,0.125168530871,0.101764590777,0.720509922355,0.0832581965625,1.32904899776,0.418331287215,0.357027744241,1.51930363126,0.676147165573,0.559543201327,0.366636432232,0.67506249629,0.305376756564,1.15679605098,0.156718561351,0.762201197408,1.1728224124,0.0480181296822,0.305697882399,0.605037071407,0.498840549979,0.067331886515,2.72654121757,0.153969574422,1.56206910968,0.0647481626272,0.168909961209,0.610531093627,0.532687873617,0.199643913507,0.687710663266,0.597005558833,0.0642223166174,0.0190283043683,1.47738076681,0.240437612608,0.313782808967,0.546368674552,2.74191774115,0.789588626139,0.208780339211,1.49286523849,0.162223036736,0.130538434088,0.428688800931,0.0,3.04639690578,0.015045889318,1.55697019434,3.84843002659,1.1286602366,1.7112221384,1.94774828017,0.392405649126,0.279165063873,1.86463408194,0.215293423831,0.0116879013553,0.306911064535,1.01208578527,1.79004775535,0.0068861829862,0.750593300569,0.0049449210614,0.288549667671,1.76085209452,0.438890382051,0.0631946642324,0.294933714271,0.124234261177,0.782343107574,0.23552715892,1.4325123775,0.0562747963984,0.219973231219,1.00134740941,0.939323606174,0.316397553682,0.949679789394,0.90793264458,3.07860505864,0.210795666575,0.666567497952,0.126814241875,1.18118621066,0.469537456632,0.962260094695,1.8962424361,0.972071965989,0.851573513504,0.0516999042034,2.37001753569,0.469192738235,0.957048003916,0.251199623309,1.13787610114,0.12549065128,0.585107431193,0.00563624076545,0.291740494072,2.51310121566,0.171059267409,1.29081710689,0.294947843403,0.100998965204,2.41249976993,1.06416632745,0.104517412782,1.74871583929,0.865729161724,0.105345962346,0.331425080225,2.4729574137,0.119164726194,0.112573224604,0.190413054749,2.40577262729,0.0452369310707,0.718986533238,1.34747160405,1.61554936871,0.419155810922,0.133520903215,0.00667526811361,0.424718303392,0.0555217938125,0.0558247951791,0.525354205705,0.120741924793,0.0489396268129,0.254005367383,0.632935629636,1.26005894139,0.306058376547,0.258434311152,0.0636915150471,0.0531552696228,0.114990309477,1.65229041969,0.315481862389,0.237304909416
27,0.626950230896,0.396397990733,0.385268746018,0.166115706973,3.81845572442,0.0572923253477,0.157882343028,0.246520851105,0.424900613278,0.147715626881,0.123456399986,0.178745045736,0.206681502014,0.189048428461,0.241894670352,0.710084717628,0.159432446621,1.09995084882,0.410610754341,0.225516718701,1.24700312376,0.0945042898133,1.16209793776,0.791726458203,0.17688042162,0.0789544665441,0.244689874556,0.297384228185,0.250325328708,0.641727208197,3.688088485,0.320532354154,0.137369492799,0.00205390425283,0.245137764346,0.0184138026834,0.492479486894,0.636411235034,0.0114867724199,1.22856172532,0.375240017846,0.00347344275564,0.132277684212,0.154314692318,0.0589325875789,0.0277383689117,4.73272743911,0.732961488664,0.00117065042257,1.28772309899,0.123515923768,0.915088867545,1.0509569788,0.00790330737829,1.20381009832,0.30272582192,1.79148910403,0.539160541371,1.83357718116,0.700669057798,0.15795162471,0.136677394658,0.152214146405,0.753260404319,0.18484153566,0.969087050855,0.310179546624,0.14477423057,0.408654870242,4.02006159306,0.295419196561,0.0921672167629,0.0145298448205,0.305501239146,0.0349102361687,1.84277190331,0.00163890294731,1.44859170198,0.188352327347,0.13054528554,0.194879924431,0.0527606644481,0.219095245507,0.370848085731,0.655732691735,0.0571674584597,0.237832996314,0.829775437713,0.00142568349838,0.477396426424,0.0187776073068,0.0937622342259,0.330063946116,0.212213088125,0.293284498826,0.764299884439,0.033570882869,0.834683323801,0.00874828472733,1.19414342433,0.173640043773,0.736910909032,0.837720575631,0.140788059831,0.800658672601,0.00111073315144,0.239262054842,2.12959871471,0.113982453942,0.0383318537474,0.0748523536325,3.55450832367,0.100971946269,0.0300387609005,0.965270677432,1.08129414633,0.0458712011576,0.58917414993,0.250971921021,1.82342246994,0.235744133554,0.234594247872,1.19155360907,0.436036178712,0.0777117370372,0.843635014296,2.13284408212,0.708253293447,0.682233984321,0.086751335049,0.359789798595,1.98613232315,0.685541262105,0.148140755966,0.818518149978,0.343743331507,0.391221399829,1.21202828247,0.582020277604,1.13993220769,3.16807768345,2.53132579684,0.0235029578209,0.050329050906,0.283999922276,0.244720022529,0.662686931193,0.123407056592,0.341662410498,3.95257275343,0.343355962709,0.000957533419132,0.503371011093,0.346660146667,0.485478134975,0.239298453182,0.164601640105,0.0024579141289,0.176449973118,0.125710320231,1.20477623154,1.34390054882,1.65970512941,0.219095639624,0.582200563401,2.08908893704,0.443804741967,0.392826727703,0.0251269671321,0.11312949419,0.751943540052,0.405890493095,0.183060932234,0.265533780046,1.07734082296,0.161802343428,1.76204703155,0.0397985339165,0.128114403913,0.045514334403,0.871910564303,0.360619045198,2.75194440007,0.0626941771805,0.226329369741,0.127742504831,0.247997532487,0.120399770513,0.0313324804604,0.403087691069,0.130182339996,0.189237459227,0.595700832084,0.36991517894,0.21075527844,0.255344262272,2.63380291447,5.8506981039,0.351984115243,0.68025032619,0.0368028547801,2.12310507059,0.0353023503162,0.93430911541,0.229592532963,0.202444218248,0.180003036689,1.5698149538,0.179894051724,0.417303742394,0.659409652054,0.049391265437,0.143891600668,0.0297507560998,1.22837284297,0.400030819774,0.148860130757,0.103782185947,0.114984435681,2.67258730948,0.367398514934,0.0848156043142,1.81779519439,0.681934684739,0.692901412547,2.4291197136,0.869318326637,0.117457257733,0.909875997454,1.93760184407,1.05042501753,0.0267472362518,1.12205963656,0.00271141629666,0.461696892157,0.195635609739,0.807217690498,0.029167148401,1.71793552786,0.333637438565,0.0314939188957,0.0686277659237,0.90611689508,0.140477091707,0.217040910423,0.330561228199,1.05222217068,0.130343608484,0.727772016861,1.95869445218,0.348819071501,0.229994267523,0.582654904267,1.115680269,2.19261921704,0.27338867113,1.12719722643,0.0774547117716,0.00507091760635,2.31009461777,2.94536529303,2.89659170389,0.217739053369,0.177148123458,0.0777500376105,0.770766526312,0.12142082978,0.0314201197028,0.668923302591,0.351933784336,0.405469509289,3.13407407522,0.249764681011,0.0240006238222,0.0507720620371,0.0118613366783,1.99389652371,0.13475786373,0.201903922819,1.55308973399,1.50989440769,0.658915775828,0.495042490065,0.273424923718,0.169847830608,0.926222009957,0.293374345058,0.0,0.707839023694,0.0677676147688,0.116854798105,0.0188366363943,0.65681713118,1.24392821483,1.08267495364,0.0248767434061,0.718015606999,0.306417412282,1.94621361732,0.551551074088,2.05394243756,0.0476039623469,0.276000345415,4.24643280983,0.0242977769673,0.386382547319,0.0209521842003,0.174319520295,0.27671992328,0.651730748639,5.3655049932,0.0644066763669,0.750740517834,1.52658268645,0.218008614406,0.821524812449,0.410744113242,0.142414613031,0.343540322185,0.709319255278,0.185386500116,0.229675833806,0.107546225563,0.802080861032,1.89473951161,0.166130603105,0.0983077046275,0.147653895252,1.40760031343,0.121063403692,0.313149585314,0.126349470392,0.511508278251,0.477953741699,0.434568073452,1.02436429687,0.0672396091744,0.23043749179,2.09529511631,0.218679687064,2.59095305324,0.471709239185,0.409222323447,0.843356550187,0.617396983951,0.472219065353,0.127990761304,0.110104688704,0.0761645006388,1.13544498384,0.0134440039098,0.313348108549,0.284189062119,0.120719479844,0.420329129398,1.26527983189,0.256615570262,0.175373538565,0.115436707437,0.332592382375,1.17204182524,0.332233580835,0.241601178236,0.416953505278,2.95575481415,0.647048839219,0.862096087411,0.200763448104,0.635436085463,0.0419822137058,0.050198061103,0.728209028095,0.920178106613,0.0660311841965,0.259937795848,1.74972271562,0.440513950698,0.0890600566939,0.354778069034,1.8146922867,0.384786277413,0.804114923626,0.766550404951,2.85294773638,0.587899800036,0.229461705163,0.093711535706,0.578595784474,0.62258611409,0.360103444951,0.350570533187,1.94269554764,0.0512903797626,2.69848327839,4.06110719919,2.07657636404,0.336768479273,0.646450311951,0.936518034711,1.8836247319,0.0892651043274,0.0192569279671,0.70188485695,0.904698574264,0.565388719663,0.139702108391,1.0712586011,0.579505457953,1.79133692479,0.182904816661,0.69216497737,0.466366397627,0.0821164977551,0.0284174905717,0.455062188208,0.115219748286,0.50583955504,0.199450750989,2.65471559167,0.158716989213,0.611472681612,0.0257743912935,0.379918525703,0.0751980994642,0.805975901776,0.057039590925,0.0632148472033,0.208728875741,0.677311904132,0.489339974597,0.684710794985,0.471433492079,0.927229235088,1.05765518712,0.0113245977089,1.57464822054,0.0197072611749,0.39589462705,4.60402799964,0.475359529071,2.27284547356,0.0153912179731,0.47025555931,0.478637945987,0.56967361154,0.128361535519,0.266985000428,0.279673213363,0.788774481406,0.606257859059,0.315735699134,0.140247205648,0.226844758838,1.07258740038,0.577159043103,0.323240224533,0.639346938273,0.0793507356942,1.13887951732,1.2598670987,0.460553683639,0.167086755112,1.92464932382,0.104036151599,0.443852595277,0.222736372724,1.50903249918,0.581075572036,1.2817901963,0.61464532176,0.472945436649,0.221975771189,0.11261244184,0.0170011146367,0.405584889464,1.3878855817,0.815337262154,0.438100275672,0.0010012280196,0.0,0.159743950255,1.71867696553,1.07762896819,0.313879069667,0.822915929407,0.132166271154,2.78953145079,0.244627578668,0.223637682635,0.030714866519,0.0338853949308,1.21808061204,0.0992344988137,2.82953919768,0.872609257018,0.722307825685,1.03517012261,0.713744283915,0.482516204268,0.88595187299,0.418271707054,0.704685347937,0.290251435339,1.65355512328,0.397014614567,0.366645263284,0.939918765472,0.320311028138,0.388793133534,1.70548616946,1.58471792862,1.5697190675,0.901405109577,0.00129967793822,0.230531223612,0.413404400349,0.920847218484,0.393524419405,0.484892097414,0.0231971104071,0.525439152643,0.0310423990712,0.35574120583,0.845997661473,0.194985268116,0.0677715179324,0.00751128593169,0.477117208689,0.103596947957,0.0682926934958,0.132244584616,0.917112497091,0.0204565827921,0.593346593305,0.228415854275,0.480939362459,0.128218375556,1.78718719833,0.227873628139,0.0502879127953,0.13698944591,0.141819049806,2.44678660069,4.60281090498,0.356906999648,0.572198121253,4.01666350067,0.285173103884,0.216291945279,0.0718505956233,1.48205397859,0.55807983689,0.426436315328,0.653964613583,0.571971260859,0.162107851617,0.0396758801211,1.74421198234,0.668317633271,0.41044025816,0.275790360272,0.254125620296,1.93729013495,0.0328047076054,0.916574488021,0.180661827773,0.409690349789,0.727205635682,0.522835288048,0.382347324528,0.855948668891,1.74005138636,0.0931509637833,0.127440447509,0.320320894346,0.743614014536,0.00247228781693,0.189290285651,0.372504054084,0.542016277909,0.110014220122,0.363573954565,0.0648446731304,0.321663484415,0.0808251595497,0.916767980903,0.771254036501,0.328506933977,1.72930647083,0.188202352431,0.887347740829,0.528972596698,0.13376473967,0.168018677384,0.154584586024,0.916562937498,0.0624492713809,0.49382473737,0.0251479225606,1.86958881655,0.561769819632,0.806270321757,3.14831533082,1.12989652455,0.584981244281,1.71612069607,0.0569852077961,0.801451534554,0.31009638302,0.840308040828,0.0232561139017,0.119111597389,0.240822202824,0.39807148993,0.503188424446,0.724437431991,0.959067538381,0.678787843138,0.0,2.19236422285,0.192636122238,0.49277128756,0.3977073773,0.0858563232794,0.599092843086,1.58682324171,0.0941890957206,0.188723426349,0.894388474859,0.510537563413,0.199155440275,0.666063814089,1.03747908987,0.20316172136,1.16831041612,2.49177042983,0.0874489006773,1.6104707849,1.45880096279,0.80423406139,0.151149945185,1.29050769806,0.183939995579,0.361445024312,0.472323103845,0.56897168804,0.231217880845,1.2967873174,0.380191961192,1.13213266473,0.528242307957,0.084669673983,0.61907540977,0.121461247802,0.065526034385,0.168420361876,0.170060208254,0.130530952066,0.360154025592,0.0166072823107,0.656425976595,1.81254167825,1.23404797878,0.112700445876,0.403391040564,1.39470147468,0.308118322194,0.648966190908,0.408925209343,1.07391643172,2.15892847598,0.0799900516868,1.06008704758,0.0561442874372,0.155330126013,0.301433353706,0.579465427324,0.477345170975,0.388112626411,0.129682922001,0.726051002853,0.0399975039065,1.26563391492,0.0685797447246,0.674379220828,0.28585913118,0.406684510112,0.719301018454,0.327459329665,0.253445662335,0.594559106436,0.0,0.707774685758,0.271940947324,0.55029439941,0.274823336266,0.837662242502,0.832097890042,0.431588806957,1.39111596102,0.449217291474,0.972132819146,0.496211265437,0.300525783859,1.58198365524,0.148394604549,0.327040294558,0.790156345926,1.04190770537,0.476076813564,0.134332087934,0.497128019892,0.0479048509849,0.601722255712,1.4297058968,1.78560956655,0.217596612573,0.45052389103,0.0858887407184,1.49386764234,0.244391143918,0.737400219925,1.33629309088,0.879584048763,3.91268116206,1.55586979751,0.151542071495,1.15701884449,0.689725411385,0.033699029088,0.21506170854,1.19681072924,0.0316752408445,0.255147660822,0.304844796691,0.0499021338811,0.189386011362,0.490776349455,0.0584532293677,0.833690232113,0.808981208354,0.622770058513,0.350664439276,0.219328611046,0.598756138161,0.271398807317,0.458859146829,0.270693836603,0.331716795564,0.270474694511,0.443437021226,0.542091736679,1.50142523229,0.196690534712,0.112619656753,0.772835456431,0.784331522463,0.294869595835,0.722580859661,1.98439553849,0.951397532225,0.444257964343,0.571901192218,0.228192462586,0.445459603891,0.277298721075,0.178740628893,0.143886380435,0.0950991079956,0.335941255642,0.0647019349644,0.327627488896,0.116470379457,0.0870474693179,0.350483755097,1.71086119242,0.455438733138,0.848421302326,0.746379629867,0.843989536315,0.302344026929,1.09851050694,0.935619733781,0.170136056188,1.65737493049,0.17125537172,0.575977387726,0.728237766973,0.123044916894,0.615388950184,0.416207187017,0.219800350666,0.106747222729,1.40731269121,0.234014805127,0.443859915733,0.517850316912,0.892595656514,0.681942507885,0.381484740693,0.306852535605,0.553898759782,0.150458069211,0.535180923603,0.579422353671,0.229056205023,0.329712673426,0.549183172049,0.807019048072,0.380951133398,0.486380057074,0.872417626744,1.28504988015,0.131194811899,0.54648866199,0.753613458499,0.163215222396,0.787808051109,1.20693838924,0.120789050795,0.103020899855,0.13848913867,0.856237294525,0.180326193571,0.468924850299,1.30846244179,0.370412773381,0.0884344360512,0.919555305541,0.659614952132,0.37853904359,0.48268164726,0.338458861811,0.440539683849,0.850571847241,0.222831108719,0.268368924893,0.658112519309,0.793801905711,0.675903387447,2.02347473657,0.405105413459,0.357351228073,0.0323475726496,0.119274772704,0.638325457028,1.43752428532,0.0851375216246,0.153554261015,0.697296703337,1.03115465306,0.0944866150431,0.735700379014,0.122700688569,0.0889115710184,0.169109863937,0.0676644412056,0.616238518544,0.452869274318,0.42831319158,0.221426949203,0.225530942529,0.754646192454,0.328380540591,0.311301279068,0.0831114451215,0.433332162574,0.464824892953,0.286298423484,0.615035490338,0.0051808463037,0.262324976269,0.295965339979,1.91668707324,0.506629047357,1.2604109177,0.164008925357,0.209951726086,0.913622069433,0.575116857457,1.00867521407,0.200237523243,0.181999516096,0.256375026358,0.0104840251571,0.575747615658,0.386049147546,0.0803791380301,0.760858686343,0.516879501343,0.390004206374,0.767156995909,0.355786733404,1.34180567361,0.285953951543,0.297419579737,0.0,0.068477126956,0.45893513754,2.48342561122,0.60143865319,0.461905372664,0.0720023112744,1.65976994231,0.410405658484,1.04760713518,0.00911685489118,0.0611134087294,0.3551593237,0.0781138849258,0.61404563196,0.840735153244,0.144428847097,0.649680406544,1.00537845694,0.0268129948899,0.430722097158,2.1946104176,0.148471021391,0.643925875723,0.487149661481,1.19837495625,0.0299209246039,0.107826999631,4.58546856239,0.379595552757,0.0,0.472617504597,0.0038422354497,6.46198182106,0.0,0.0544531856477,2.26849078208,2.46290890694,0.346614026129,0.698501151279,2.47191808477,0.0192064654827,0.660447576754,0.360769013315,0.0221604645252,0.16539688617,1.78314607989,0.159686937463,0.000277242474258,0.0622410897911,0.0551343928277,1.34456260081,0.534840303287,0.199344047606,0.034204871133,0.0527464475203,0.249888895154,0.0698578230361,0.0,0.131876440346,0.00934288546443,1.53322044585,1.0650625691,0.279869751036,1.52172883987,0.21514332965,1.25079102224,0.785265504345,0.0793835012615,0.23494416289,0.228340422213,0.396029771566,0.467311556304,0.0646651522443,0.473710596561,0.209922633641,1.17589001775,0.931738073826,0.000586187019944,0.371296831183,1.14714706682,0.180365811847,1.21389800876,0.0196369501948,0.130782614648,0.0266450261977,0.918857506961,3.13293122053,0.0603028209507,0.138340596333,0.15201585412,0.101376904696,0.269105396867,0.537023188174,0.667659066841,0.750986105688,0.988455981687,0.283391222805,0.00368626892567,1.7892453253,0.281218607244,0.0218559001386,0.146895958027,1.86685648762,0.352454219833,1.02200729907,0.785878393203,0.194715639595,1.04813090891,0.340023913532,0.00533621840179,0.0294634073973,0.148555088043,0.769759433698,0.849567062557,0.141476394534,0.0317620283365,0.0248277936503,0.2651673311,0.330389193073,0.387381350156,0.724773351494,0.761603234895,0.0,0.0884112647735,0.297823475897,0.38028180249,0.12909340567
28,0.543427123833,1.63536364079,0.344478004239,0.413520912752,1.77726750523,0.128303805143,0.693007473424,0.176446100846,0.459169559311,1.73133618608,0.362727727727,0.415340858959,0.356051959116,0.250343874701,0.245841566101,0.268310498968,2.17102458447,0.539718526481,0.419431294315,2.25737830594,0.402363866428,0.0997088960931,1.93928610772,0.350220346078,0.19013682127,0.0311430862546,0.185688922927,0.359056558311,1.4861768214,1.17927146435,2.0827455008,0.506695186049,0.760384545773,0.168044561073,0.712191727199,0.0438610734046,0.82577790089,1.18557618834,0.0772118150163,0.896879418534,0.523861375451,0.158166344473,0.857966662943,0.370800730139,0.220369621634,1.4946179837,1.92583229721,0.425082840435,0.0213573756814,0.601411385797,0.149135071803,1.40659078896,1.62888557315,0.0689165504277,0.865648009181,0.821882290617,1.06522148401,0.4325537383,1.61707888365,1.25178699553,0.780848733485,0.147617342664,0.0688046507537,0.680185600719,0.551995447874,0.878002588004,0.279341991544,0.273261348829,0.537036078852,2.5180255264,0.993625562191,0.215283069387,0.183453949839,0.498421109021,0.112446415368,0.602428254467,0.135800255984,1.2923333225,0.452224254338,0.175681493087,1.24931331018,0.0498531366885,1.73744668424,1.21023216292,2.90574438505,0.12028645128,0.374868809022,2.28092661679,0.10654485384,0.799734467268,0.0529232646408,0.107650254369,0.899333935231,0.435471903756,0.286215117797,0.604725537726,0.834324141592,2.48458920836,0.111969841942,0.551392626353,1.33727995314,0.452167243809,0.738778437078,1.35719379202,0.887615661891,0.0283205646276,0.604208182096,0.82717632141,0.909222931191,0.149696209505,0.483440018166,3.31393095408,0.660380069762,0.223209006265,1.19539312042,2.34817669719,0.00612811625004,2.71217012405,2.83376389921,1.50074619055,0.476052637696,0.0429781590216,0.510729118381,2.63632018968,0.183768476285,1.26483798385,0.993095933497,0.186069884524,0.134113472104,0.184502802044,0.0199313865602,1.85594453335,1.75819034278,0.785113195181,1.01357716605,0.27195317816,0.676856146334,0.702821157724,0.249788378407,0.994419227012,2.51293432951,1.00827953532,0.335273893476,0.00309669584036,0.367073323578,3.77994436227,1.39913889199,0.0801262092218,2.03346748292,3.99689780235,0.739101773649,0.88527088617,0.85357159853,0.828902857564,0.632028742433,0.0855998906493,0.497221321054,0.962358239815,0.130475238275,0.0948205588479,0.907209510691,1.14512798667,1.09735865384,0.388875060976,0.103455423713,1.99213810205,0.8743115668,0.330085204449,0.566980802044,0.0493477808684,0.296408037283,2.73421177506,0.369121120572,0.866485750601,1.54275203586,0.221891677529,0.491621917412,0.191375400871,0.678317647502,2.03857656866,0.536857660785,0.312503094301,1.87879300594,1.09768523861,0.602407906651,0.315319271386,0.593593649343,1.22329544991,0.212450882122,0.539618306942,0.109900047593,0.432845989782,0.781544194072,0.456210294999,1.37416340709,0.188034828454,0.935906613469,3.02983849049,0.922598291636,2.26842991471,0.131477312893,0.399356239587,0.169752593748,1.64223373652,0.719308133647,0.820303925276,0.14962995097,0.888774346039,0.750249682702,0.616971789151,0.586254478395,0.0849152776599,0.625738659073,0.35113461256,1.78123742104,1.69919299074,1.03846373022,0.0870189114287,0.117450973168,0.908829398277,0.367124643624,2.03869667523,0.960645409375,0.823620282859,0.757860778868,0.44183818087,1.08902868122,0.213557607234,1.79554662004,0.478547727056,0.327067612335,2.598314569,1.24797210276,1.39259106398,0.85638400346,0.698921442255,0.6116435799,0.101850533634,0.835361050367,0.430145036094,0.0122253727913,0.360246255398,0.585052176556,0.072923104167,0.301060281694,1.44052937619,3.41616869241,1.72872025937,0.713796440661,2.55344530016,0.219767725952,0.444472199231,0.489081446938,1.19922263874,0.739894450009,0.819674649239,0.731646197885,2.33973901987,0.0537471813988,1.67453891745,1.0299869293,1.55011383355,0.805499106646,0.914832788557,0.636791950837,0.588307933584,0.0509784174338,0.955347924232,0.189796727449,0.288786678547,1.20047219455,2.16881005049,0.111470011547,0.112481349353,0.254796831561,0.0187648303807,2.85917026639,0.417705988884,0.085976624582,3.43888778385,2.81813616455,0.552073372398,2.31736194238,1.37836600035,0.114605562647,0.630099907368,0.294435457513,0.0331009308249,1.19199111253,0.0587108933926,0.186364477873,0.0850174379349,1.39495371342,3.68885673191,1.68765900791,0.996590379477,2.42207425207,0.880917961299,0.910328161716,0.656931811869,2.10246809155,1.95893317983,0.230164437518,2.24072291439,0.0640251201391,1.22303757422,0.100542156994,0.586124817468,0.563658483289,0.454885776043,4.32496502161,0.260075420588,1.86069620609,1.1014982193,0.342830740213,0.581376275485,0.287766460185,0.249406415969,0.506543616951,0.148680192381,1.17955674366,0.466575788169,0.0827156883478,2.25462702036,1.01730428502,0.528466390967,2.0107631777,0.614183197464,2.09701853812,0.0937188435346,0.626382201016,0.569653352275,0.550292803198,0.701289711278,0.700721668079,0.411921430677,0.106033011451,0.697655593455,1.01154149026,0.232737181652,2.69329275608,3.45069978744,0.322603126913,0.549183473438,0.159565676395,2.23328128457,0.714528912641,0.133264545724,2.19186056018,1.12668199122,1.98072893649,1.07660100261,0.588995545432,0.273535463475,0.521797412857,0.658447764777,0.682509171776,0.380400608703,0.117871159576,0.854742687978,0.457395288274,0.538804871365,0.335615958646,0.391585286073,3.15225470349,0.223048121929,0.498680290878,0.170111657344,1.33423269123,0.47481115073,0.268520998657,0.642885197159,0.609898342155,0.191830440592,0.646745116711,1.04716314433,0.311557749212,0.117015341707,0.289142853245,1.56437783413,0.514845786989,0.291084180772,0.711746325344,2.05718228549,1.97085196584,1.62639257308,0.100084538882,1.7160765627,0.640489181876,0.351366270684,0.532394687533,0.867321776729,0.124785685523,0.971712561343,1.95668427825,0.158737444654,0.72997173205,0.73696312353,0.371386574693,1.71601980895,0.105938503221,0.228754806025,0.332408767417,0.160246799672,0.342413383927,0.158701800611,1.08844041884,1.54460304275,0.275587232532,0.266951461695,2.60024088979,0.635754248193,0.183878780822,0.336231907755,0.179795984775,0.782743810415,0.276867325231,0.215287778634,1.261077369,0.609860219657,0.223547003567,0.144432137087,0.153942227513,0.0892148551345,0.810923081636,0.114305773824,0.059362051175,0.116508553103,0.968668633569,0.050287046507,0.629499159623,0.788977424502,0.34977128977,0.647417377084,0.165455239713,1.32231522828,0.169592236262,0.618887414727,3.57824712515,0.598210204989,0.397414346231,0.00997042112052,0.272722331509,0.337178214714,0.929334924817,0.718162124641,0.333486336581,0.167176904976,0.442591996193,1.05368998945,0.242357600508,0.460060863495,0.0505989429355,0.515237530898,0.362123700776,1.2358947774,0.882755252272,0.397007870339,1.40972888533,0.833944959939,0.510184627771,1.13979643121,0.544565750211,0.155011317469,0.978518394176,0.687390516438,0.590876661493,1.04534188971,0.539755620948,0.0990373664349,0.46022274686,0.13859845916,0.050134056462,0.135274128392,0.453930088785,1.14026846081,0.373817799911,0.686626332207,0.000789307556115,0.201796966549,1.31607661542,1.15982663751,0.728102057183,0.47245208241,0.899377698079,1.15742421553,1.38466085494,0.0860369134322,0.580966234356,0.0603258898854,0.0480052065477,1.87484473348,0.128340329379,0.375379646956,0.210480589392,0.51566211754,2.95623579666,1.21315890968,0.509657473452,1.55821981311,0.672260060459,0.91463313099,0.200162512921,0.416727830023,1.28150033794,0.526251402237,0.707338949994,0.545588370077,0.996571419798,0.15941511774,0.479737576321,0.819021097664,0.539980932549,0.483593326919,0.405398083269,0.352006107494,1.71406208754,1.22659117065,0.589220632687,0.162954399213,0.0792805547453,0.185411409531,0.338097304883,1.69177967407,0.641714810962,0.119729746329,0.155004118308,0.363179415166,0.229977956265,0.151216633841,0.15381249547,0.966403998733,0.464009420872,1.66088267975,0.0197133178869,0.375810997821,0.167575125694,0.72572250396,0.526598789059,0.105893812035,0.18783931464,0.4944823879,0.673956120089,2.68019433618,0.692234775913,0.0761944522802,3.48997650549,0.214059929568,0.168506325986,0.0189627241716,0.509492006637,0.208007229939,0.914208451696,0.284928896949,0.0620231366158,0.075524381157,0.250674088104,1.20255819019,0.33903109286,0.0693148159795,0.234302366376,0.0926042106748,0.549488225635,0.495650128163,0.452768708915,0.71885511443,1.41461651519,0.309853074849,0.505041091964,0.27908734072,0.085771564506,1.21102387667,0.129107848294,0.480801377539,0.652220444158,0.700260188878,0.047339733839,0.286723523475,0.163087151349,0.1077676909,0.202973237373,0.0294542740064,0.211833840199,0.297728202194,0.0708482212573,0.46105929831,0.659530286193,0.199355511591,0.711608503461,0.497128902525,0.536523143537,0.197715712897,0.323368766666,0.100283922628,0.12416652875,0.985253656507,0.0581217421591,1.15036306694,0.211356802136,0.717361489483,0.443984066918,0.33777349472,1.24381425925,0.73316924985,0.208792494796,1.34652944282,0.202750353813,0.61185210106,0.565969695859,0.220485725105,0.679805478156,0.0303036714345,0.153196031675,0.303772534281,0.283959592497,0.0109695124626,0.269942525104,0.294622355551,0.134102080241,0.531989160329,0.200891213519,0.390616174582,0.40365643695,0.0518126573041,0.746381475218,0.777765512131,0.212120403834,1.16717326216,1.89694290131,1.9302835248,0.519102375405,0.415776458122,0.785718383193,0.707896027993,0.902539679557,1.39427664936,0.239981311783,0.794426874593,0.737051734179,0.726672577187,0.605640170723,0.631056533344,0.484373856336,0.472588644102,0.355851478726,0.153620634601,0.409453577474,0.87994612962,1.50557969868,1.02470278477,0.923858018853,0.26247250475,0.045388410883,0.135815669894,2.0745092816,0.30499840349,0.425224296115,0.0631853774935,0.443743312657,0.108592531905,0.0819726840779,0.958938963413,0.354818890058,0.330921728313,0.0907576784259,1.60946758792,0.406492965296,1.35262527525,0.819918064103,2.4568448332,2.25771899581,0.515463676406,1.36487842828,2.39541127445,0.160868114633,2.60907923624,0.518970610965,0.681961913127,0.610696586296,0.463067065328,0.597398906499,2.06827608611,0.253944441527,0.244255104926,0.410442084819,0.921642240487,1.60499385968,0.563346461654,0.207987758256,4.61264168277,1.95614272922,0.0,1.02334707655,0.0397720844205,0.506911983974,0.0414970943332,0.718185687177,0.720230654329,0.252628324674,0.240654822886,0.403822399545,1.22778636888,0.5319915652,0.197603512704,1.35242662847,0.524803061979,1.55128986076,0.505925923088,0.308982887305,3.22754382133,0.459163154736,1.16336705712,1.72854046322,2.35982457355,0.541265594484,0.949719200507,1.33571671084,0.367656401098,0.118449632712,0.737774081447,1.58433703065,2.02172458649,0.555769471261,0.904366725162,0.737180857882,0.820108096153,0.278962762132,0.0948300634325,1.6438874805,1.02571705595,0.289220649321,3.94567028421,0.169313067021,0.230475879982,0.549766817018,0.0543588408548,0.462620521821,0.286124047963,2.67301626027,0.496328105237,2.55092057662,0.829409442563,0.625838406375,2.42163718345,0.380875813086,0.176497806385,0.238643544912,0.0752062128317,0.373686027974,1.89668386612,1.34136798516,0.906255417001,1.65556414833,0.800175316567,0.777427077666,0.353107107517,1.51877381369,0.49534211012,1.35139631949,0.81185743286,0.306175914358,0.136645540483,0.374608260433,0.548032721356,1.21270584781,0.173098452464,0.115286342725,0.815318215452,1.8383127743,0.944445310002,0.625584246442,0.522137044072,1.04368832201,0.670602631737,0.228811191618,0.817209363636,0.988995676329,3.32028484404,0.422210494541,0.415590525344,0.536393464599,1.45656847805,1.28273167256,1.80776720528,0.653597051427,2.1643826811,1.82664420038,0.965771731324,0.127405332187,1.51078675911,0.298431124203,0.0714667073754,0.438918382078,3.40844899811,1.85952771842,2.75050997332,0.311713822433,1.57300677896,0.139567368999,0.304265065566,0.2586804232,0.492415093333,0.396658273973,0.586927998252,1.16867137373,0.238104462475,0.416167221591,0.772066781819,0.28795322448,1.57041960016,2.46215854049,1.37502478926,0.322367550619,0.893976925798,0.319742202833,1.35274298088,0.622848174945,2.02821041256,0.715890993476,0.272616865635,2.86605601605,0.669100347608,1.00063338924,0.211209821389,0.506474791788,0.567353416979,0.346590975304,0.551372789294,1.13629012644,0.320831727572,0.327522505857,0.419988412711,0.481869680807,2.05401158433,0.676018026844,0.280579078868,0.207968918718,0.212524875198,0.0972993113846,4.34595969796,1.41361899167,1.59443658803,0.979519985169,0.412950071953,1.47955845427,0.556266809627,0.856438780352,0.218344367445,0.968375053853,0.388727779691,0.564429023284,0.197517804914,0.756648795158,0.289453979665,0.380170775019,1.70181682371,0.519836099539,0.195339709891,0.161908579543,0.321537606921,0.159553684443,0.132570938654,1.20343559802,0.11106755048,0.296785436496,1.19926025063,1.16377765715,0.177239247398,1.71390514746,1.23015422815,0.0617094258964,1.43494198084,1.71890195344,0.285221196087,2.04287961159,0.522429721989,0.512449603807,1.61798897594,0.685753895454,1.35714021496,0.427838979959,0.327724620998,0.366149604134,0.603732867241,0.180353557859,0.758755273223,1.08522862285,1.06456195459,0.580397795402,0.314420753382,1.26092723668,0.500987962075,0.433661567345,1.0688772627,1.03318052325,0.90596425578,0.943502358496,0.15298024714,0.217019288428,1.15962164314,0.37132622592,0.770222088471,0.386297004819,0.984376725256,0.0163351969048,1.00048646507,0.345533429384,1.06758085631,0.130977359023,0.292282198109,1.09923032388,0.241860127002,0.174408359677,1.27762171701,1.10245419383,0.420729917372,0.421983022392,1.80566756845,0.0971721573174,0.11082809329,0.0918836698309,1.50333020329,0.685240337849,0.178581279665,1.4493999934,0.00714950639755,0.662195212021,0.132085926607,0.00197312057018,3.17719842017,0.00166939482093,0.807289381009,4.53109516621,0.708137766868,0.331341042118,1.5223893911,0.213592711389,0.172443802741,1.37386922371,0.160476917922,0.10594367668,0.0199642817676,2.18547490746,1.51509732813,0.000319496840239,0.455498706698,0.013466103971,0.424110872298,1.16132678233,0.799109658971,0.0364065702073,0.00651626791805,2.00569199145,1.08141709834,0.0475337150693,1.60427634746,0.05052776383,0.9247521488,0.119699857831,1.45425102852,0.50593974676,0.590066833869,1.15579410369,1.43225571265,0.145154954782,0.56914200101,0.181593398859,0.942054316468,1.19925137088,0.174182613939,0.377968722805,0.699250507541,0.68634016335,0.262877250463,0.00156516522169,0.275870086625,1.89153231226,0.0148585623503,0.262091643438,0.362718208693,0.398383621089,0.0647052368335,0.457620953023,3.32576862693,0.300197698027,2.17822229102,0.697373524532,0.108301678821,2.52673185775,0.766339970529,0.21409791559,0.955735999136,0.573827724755,0.0345069402084,0.131635029558,2.79407453343,0.318851768114,0.0116863870621,0.64475443095,0.741776195373,0.417937839776,0.13698936265,4.84716763735,0.215604921132,0.274734573551,1.00705619767,0.13642612909,0.031026956439,0.00774223804474,0.335697045345,2.61644786451,0.0723989053071,0.0130652141571,0.130134786735,0.304575620294,1.42136159018,0.311728272811,0.898500738442,0.143148379102,0.0,0.234061097205,1.51756105661,0.486900998172,0.565833965838
29,0.547932487875,0.970466158241,0.221960062543,0.698414704343,1.10545806445,0.282208939567,1.18268006057,0.470791459829,0.232542322353,1.67720723197,0.337942576557,0.451534116343,0.447911396027,0.562105830461,0.394760784958,0.495831923224,3.04013401985,0.536753181368,0.507508853748,2.63168734193,0.441534057725,0.146649067886,1.66756750308,0.688075374551,0.295632047597,0.176523082629,0.18142495106,0.348530445844,0.924007014334,0.751378212273,1.72764312893,0.647292853296,1.06054903239,0.376085419357,0.837315301448,0.0609371886589,0.912188148052,1.65054996759,0.143779643625,1.00054507166,0.501210460141,0.124559590071,0.366608347073,0.76560339734,0.0483692774177,1.17278319329,0.553611129075,1.1807126224,0.0534679187834,0.523327917866,0.186351740491,1.44929901749,1.77552195936,0.346426285058,1.4989025256,0.87640004307,0.774268424567,0.854674972207,1.68128704801,1.07152360842,0.515640501836,0.155187781528,0.0232946005464,0.150169296712,0.321316398066,0.873675690107,0.179088316336,0.363829860548,1.21126058757,2.00039125562,0.512805740386,0.253756602407,0.0676712793112,0.137016384485,0.241848300211,0.751089269817,0.214459738906,1.62059233904,0.331785700172,0.0897501169145,1.01411342818,0.0764299953455,3.0676146251,0.843360031098,4.57541633606,0.187918067053,0.508341879323,1.63860896572,0.0178338041902,0.725518376827,0.102150364257,0.066703043431,0.62130858466,0.33511847323,0.39524719201,0.460530630052,0.613552860767,1.97092264056,0.0165851135086,0.828796084821,1.03231511749,0.500978650246,0.920951729119,1.92593209207,0.920936957151,0.00272773385048,1.91528937221,1.74154265597,1.80588003077,0.184067471065,0.623992553949,2.4546584627,0.285471559241,0.242023183107,1.94043617547,1.6270047009,0.0430914604105,1.69710093774,4.64520515442,1.04430936098,0.992762872409,0.0281201024354,0.815371486992,1.59783620514,0.345284766257,1.99574391603,3.25125656128,0.700947729647,0.164715302214,0.11202905681,0.0283380235918,3.82555916786,0.909646993876,0.276116309315,0.92886543218,0.444019494429,0.360447598845,1.14247914374,0.0513255791366,1.02086546887,3.0104390198,0.749202355072,0.392002260853,0.054671453163,0.133061241657,4.05611259222,0.826926067062,0.126017378098,3.25594814777,3.09253580332,2.46312380672,0.872634640001,0.385894849226,0.730169948786,0.438704160973,0.119636807963,0.550138832256,0.304959884435,0.039736909084,0.0130086795427,0.95029159341,3.33307232618,1.0483074984,0.63773869833,0.106839231309,2.73957816839,1.73545863062,0.221268162616,0.999231685996,0.276960755661,0.452682373002,2.6400022161,0.562088543326,0.853175719231,1.32030565187,0.317766191876,0.466848308407,0.681817678213,0.463154693712,1.97743975163,0.600465519279,0.499507479742,2.67576014519,1.09899897046,1.59977704614,0.666346494183,0.972040684,1.92855427027,0.347969756201,1.01066285364,0.137453754731,0.72421466887,2.23834850758,1.12291120172,0.912217325037,0.300863827774,0.633719001114,3.44600574136,0.50312341392,2.6348365894,0.0223978433385,0.397975078644,0.0195949731395,1.81944272965,1.89739812374,0.606414256096,0.487072159946,0.99109392792,1.26379369453,1.10090803429,0.808782746196,0.16223436147,0.987602312565,0.304060060382,1.60821034312,2.5473314786,0.606033637971,0.0762349053472,0.220779756159,1.97202280223,0.200258957967,0.648306837901,0.825292749107,0.998858990669,0.538724427819,0.273296520263,0.651272527985,0.145654858276,1.5870723936,0.496272904575,0.147452113857,2.74114621297,1.53521175742,2.25630592227,1.36728474252,0.410501278639,0.329247686267,0.139599607009,0.864474419132,0.476550283283,0.00102118045092,0.341239565226,1.67241082966,0.0406337704323,0.539105831534,1.36136266515,1.98145820171,1.75540303171,0.78844974108,1.92048164189,0.45149408862,0.229017311335,0.787633044422,1.6730819732,0.458479575436,0.941324622408,0.908795177042,4.04332356989,0.150650810227,1.50303707659,0.613220414445,1.81634760737,0.440841669384,0.609372873195,1.16466888249,0.75289510943,0.0390564893931,1.09051853251,0.369260181189,0.549361669905,2.75993816257,2.964941535,0.717389712334,0.180775050819,0.201652765441,0.018703276217,3.76390453339,0.242544350475,0.236338074747,6.63030024529,4.46109272957,0.656541825235,1.12054091722,1.30423752651,0.341849770695,1.36288072735,0.221868113279,0.0295000290871,3.20795718193,0.0137300861627,0.15053375456,0.112939619645,0.426381325126,4.06434966981,1.52116929039,0.561496473029,2.36896203637,2.0265308243,0.70292297557,0.514470712319,1.2539380195,2.79225594401,0.183614491969,1.32632804692,0.00533647298813,1.4913647455,0.0327314504236,1.08447731674,0.21850989081,0.152569860891,5.05908209324,0.335430071284,2.40604242682,0.959757786989,0.262619981468,0.0675798454881,0.0997280105809,0.359838079922,0.684276449978,0.164687812828,1.81519474685,1.08279208958,0.00813268905506,2.09571315646,0.471094391355,1.08594103418,2.69484493494,1.65515877545,4.79042163372,0.0604839497805,1.16973693997,0.540915234312,0.823157278448,0.0801551101729,0.543285212331,0.147179679088,0.0965957637224,0.720850766301,2.11911155701,0.154464117526,2.26033327103,4.36881708622,0.257285697386,0.967835609913,0.0950689311326,1.9540355178,0.383653360978,0.120185388355,2.93230891645,1.25079410568,2.16437858522,0.713811363056,1.20101372287,0.148680384755,0.382279784754,0.193732069507,1.13624871142,0.356396730468,0.0367784707248,1.11285545748,1.28866557837,0.304068919141,0.124739945941,0.292156488746,2.25218525582,0.263564315215,0.343116615834,0.128813790493,1.4504303351,0.461516456604,0.0339134030789,0.536135640629,0.81740921922,0.180253798552,0.456637895545,0.916589298099,0.109784938693,0.305599212162,0.282899547219,1.00844625931,0.196539723049,0.24634217456,1.44780632548,1.4718576771,1.33361612618,1.35971156619,0.212390499208,1.26812892973,1.17541582346,0.174756566789,1.67022025883,0.496707469914,0.297900067708,0.776730663702,1.24049712658,0.755876554381,0.791538835876,1.47600363616,0.476119682789,2.45640712813,0.264905967023,0.240302770659,0.681291625667,0.25766095899,0.231062047891,0.0615065141302,1.15071978781,1.15870261569,0.314638355486,0.525883505214,1.68849772573,1.12795529783,0.166969058327,0.146105285436,0.218664110191,0.354100472925,0.12848881714,0.355622136462,1.02262237976,0.642868899703,0.87253218282,0.0712357837334,0.486972093824,0.319119392186,0.810461737178,0.154111879393,0.366524297297,0.15603634553,1.1225156036,0.0720221160911,0.688818749981,0.324145308211,0.469874690622,0.992571869269,0.750161598474,0.749975106865,0.286775919776,0.173131169565,5.03612053394,2.51114631951,0.106161151864,0.0218046195805,0.986247145236,0.853474067822,1.11695569795,0.886055233702,0.128386041373,0.059645190388,0.25215672317,0.759429735392,0.441309456378,0.48798849009,0.0149451666325,0.656583084303,0.444284325913,1.07555759281,1.049929654,1.00087094918,1.81149952203,0.997347082235,0.348651637109,0.417848341502,0.216851082742,0.116372706816,0.580092505738,0.410207759961,0.288677049652,1.69412541687,0.308704975387,0.0625348845869,1.05312145343,0.239941159673,0.00705965718254,0.113386782855,1.0328432858,0.759554875642,0.16706201002,1.33274380028,0.0127504381537,0.0408758990839,1.042782836,0.708664650181,0.678983040452,0.455505276527,1.56752876565,0.946323846504,2.29060855404,0.421300335452,0.4251113718,0.119945814013,0.0,3.96034306049,0.0257131428458,1.11812328391,0.0464392236946,0.627647225,3.45721519947,1.20954458833,0.403758482877,1.21324671111,0.413609964997,1.09341004565,0.287022147104,1.03463694537,1.66125680208,0.8807969331,0.432877118438,0.450348263511,1.02858426586,0.127422273159,0.344479849786,1.0805144066,0.23887801379,0.417262718976,0.416028715335,0.626887675524,2.70656204104,1.34145764336,1.0003379832,0.075648701638,0.234047752097,0.225782033149,0.319806671059,1.50017545953,0.448188016862,0.408665328845,0.31669498987,0.11011230913,0.454443876855,1.17111618962,0.138268484846,2.04927417377,0.315165422056,1.60513335697,0.00593837171327,0.298558987882,0.301299453937,0.472029571086,0.172961906902,0.0783737329394,0.242169226632,1.03683186814,0.758812442124,1.37913096916,0.768726930171,0.235345918788,4.31903731227,0.124265870787,0.512954364493,0.0421345177293,0.317731171064,0.165563975759,0.25978249982,0.820794616342,0.713742166683,0.18874421671,0.351718501523,0.790799965858,0.241123172902,0.360707490668,0.281273475271,0.22758693032,0.272083519213,0.248929608725,0.616671011634,0.822560833772,1.25611539148,0.277572917603,0.234602892101,0.598220437467,0.111887251809,2.00723911662,0.0400415749475,0.396254015449,0.244038740136,1.31399342954,0.0478176929057,0.390637160242,0.289822176173,0.141079180352,0.236985730529,0.520436080322,0.0512908233609,0.0508653645217,6.74239965156e-05,0.334949209932,0.785639715884,0.166791405007,1.02874899119,0.359588012812,0.487634462818,0.437332309727,0.462881559553,0.00271056272089,0.180646504518,1.1391883105,0.00849497064948,1.1828943482,0.0344870154816,0.824070066418,1.52725927472,0.772277028784,1.9095945904,0.920740454514,0.699459381886,3.97828392029,0.192695018156,1.7996023643,0.960726514745,0.0724909122661,0.894433073886,0.215356039703,0.272531051636,0.289285737632,0.405737973899,0.165544232866,0.774202327132,0.0337089376897,0.106221041624,0.23933559373,0.286338944547,0.142731076702,1.11618076518,0.10466395031,1.31230092555,0.192685116529,0.171744453721,1.02557046918,1.87901212871,1.21816026263,0.724176704003,0.195257396572,0.489302081838,0.732931935899,0.986474840939,0.660567937344,0.583777947496,0.398032308891,0.61553721875,0.924747696742,0.368886538148,0.218765909076,0.552648510989,0.142203481626,0.49702955436,0.0830393117201,0.702770098904,0.570044484213,1.26764080558,0.462815598175,0.412803078741,0.396663985848,0.101530629992,0.0313008701801,1.78561059079,0.546575295897,0.366127550369,0.506976735636,0.477645039391,0.317231138288,0.0790684994603,0.609364308715,1.03586364828,0.895903982073,0.0494670248032,1.88209578156,0.609665113688,0.757857164741,1.1232318092,3.26182920814,3.54714589357,0.603898103908,1.12264280267,2.60476549758,0.0983780632913,3.05948004082,0.97595704928,0.291331564281,0.660812414736,0.213464002246,0.624087525085,2.05548258398,0.0489802892366,0.188098870711,0.341339635402,0.637082717121,1.09783371016,0.355317442585,0.00629374818876,4.88839071225,2.13830797911,0.0,0.611350765254,0.0426511848718,0.368183988687,0.0433886919543,0.380940227336,0.372719870238,0.0945171830885,0.00368536706432,0.318851657659,0.712081905678,0.524234857336,0.0168427757453,2.11213236868,0.777756284345,1.46872613173,0.327769783763,0.132501601554,2.45925766796,0.666096786284,1.44923964504,1.26250357777,2.15487922955,0.303022749275,0.67148820892,0.946104019731,0.118094549504,0.0202025734633,0.413368091844,1.75625305355,2.60698444795,0.317890282907,0.887929692622,1.16873452485,0.50662001946,0.173291943669,0.0781223163009,2.18423164845,0.84128968833,0.204153356217,3.54586204782,0.256014631689,0.127143751532,0.699683209434,0.0865777723864,0.169970016608,0.310211755354,2.3885947106,0.42350455055,2.293180948,0.813604426831,0.876401810348,2.93640270345,0.287353400867,0.117986390702,0.0780129791982,0.0764186863205,0.824951982596,2.75416369379,1.3701908595,0.661518611573,1.56429731905,2.01860470712,0.746896064132,0.584778168947,1.48089898892,0.722855824418,1.28755580821,0.19122037895,0.0241701676697,0.105416028202,0.505669028684,0.15431921008,2.30299965501,0.0304957707226,0.0670215681288,0.963460531272,3.3049611181,0.683821057174,0.355178904142,0.436017825017,0.62097960331,0.416837259438,0.22330228541,1.08752929062,0.638633100931,3.20076540411,0.558087668773,0.444312289581,0.737318381667,1.51064254772,1.48036975183,1.54812059173,0.346605209205,2.54289748833,1.84838918455,0.745885429624,0.0142225462431,0.607499323338,0.157343419045,0.0353196353465,0.189334291443,2.95897877485,2.24425641001,3.59054244488,0.0960365654482,2.15246448755,0.135657466277,0.26672820901,0.40628703123,0.286669240892,0.178350057383,0.874003688246,0.94330393821,0.0522840669379,0.187647943608,0.518850177005,0.114465945195,1.69448820472,1.66650381148,1.18206811458,0.0467641640268,1.43043163939,0.252049492002,1.09127385516,0.72829277534,2.08670482658,1.70543030053,0.348160604127,2.64659435548,0.349283781424,1.33381151222,0.36277228523,0.638722452153,0.631047899425,0.120613948539,0.333075942434,1.46513163686,0.312227314236,0.147870963588,0.0222110589733,0.205542742079,2.06532289332,0.141442262866,0.0834726818698,0.0780077466369,0.17374983428,0.142999545261,4.21449136443,0.696696077883,1.87163901016,0.671002589185,0.149857446104,1.02932254717,0.326640032455,0.651041153073,0.192783976793,1.28021920681,0.291438465491,0.708093159497,0.0933474543411,0.889480626173,0.151261186581,0.297175831995,1.95606909078,0.0553013477474,0.0258621920645,0.261913044672,0.214479266088,0.324844308468,0.375046913549,1.03834374871,0.0614573421841,0.0729496218264,1.66629151464,0.833189354241,0.0641637910274,1.91378371372,1.27746578038,0.0577409607172,0.634392719865,1.22309469014,0.130345925941,2.79884256482,0.159054093529,0.502115024626,1.12216843532,0.444242878016,0.712646384984,0.204098652042,0.339337618463,0.445484410077,0.104047207907,0.127905948553,1.19105208889,1.00931711815,0.851468279809,0.265685990881,0.236347357829,1.22237970423,0.293822080959,0.24548005661,1.2248531035,1.87447633207,0.467134489045,0.239578720927,0.210637803376,0.197490367591,0.955200765133,0.171251565218,0.163625308573,0.191758683808,0.196926383227,0.0,0.808216641843,0.24295094505,0.475244466029,0.135242557013,0.0428586701304,0.931317394301,0.806811822057,0.0322850057483,0.633061979562,0.874675602093,0.552414519964,0.0164795422554,1.01928059034,0.19759799527,0.0345690837502,0.420720853712,1.15250720114,0.374729546905,0.120674778111,1.76019701352,0.257731109411,0.345150736086,0.0340818579309,0.0,5.59406292915,0.0151036764309,1.79177753538,5.18752927423,0.0874123945832,0.0315320909023,0.324646379352,0.597863137126,0.125733064413,3.32413173676,0.009803022407,0.0929481654381,0.00293992221355,1.02071903199,1.89037582427,0.00699577776715,0.965031278431,0.000570358335972,0.12556607753,0.327662178278,1.04530372664,0.0,0.137607034324,1.73156577751,2.58024018697,8.21685791016e-05,0.605165605657,0.0027417165786,0.0493916905299,0.341328725666,1.81227979355,0.0597133697569,0.386327075977,0.0226056971215,1.33063828091,0.0541935177334,1.64631049074,0.0,0.692669897228,0.581664199084,0.0,2.33697979867,0.464740935266,0.325480838809,0.130830395818,0.0215427494049,0.256503676185,1.18094156921,0.0222551253438,0.613052855947,0.173893844895,0.599298590822,0.0,0.338788100015,3.84281571768,0.012574814558,2.18158158183,0.219246647656,0.00520998006687,2.71232923776,0.0730228938535,0.0358576922119,0.481283952221,0.125868836809,0.0589573511481,0.0149309107661,0.427780082524,0.114665298164,0.0121442793868,0.177460779091,0.0542747371877,0.0121039030701,0.161029081941,4.32183556944,0.067003300637,0.308748184573,1.23848610446,0.12076598208,0.0327800369263,0.0,0.199152020235,1.82608869331,0.0611651605368,0.00021873941645,0.0723604874313,0.192895326465,0.484735499348,0.306371136457,0.110317677492,0.136686287075,0.0,0.00557479051873,0.715725032389,0.894254184999,0.236827286333
30,0.222270467579,1.74943606555,0.48206910938,1.99638503551,0.711623380184,0.142512627188,0.779379662201,0.605271532387,1.73416641816,0.446205850206,0.474530785605,0.56075112503,0.1279130683,1.26727948427,0.470884870263,0.312149245888,2.03082256556,0.542206679136,0.805324236155,2.59951371431,0.233584763221,0.568391368464,0.813362823129,1.5215259856,0.716735826619,0.0984667668492,0.227197130397,1.9322123462,3.21256872714,1.28979461342,3.56348511457,2.9638415581,1.94946023941,0.315976974275,1.53427450061,0.179176499397,2.68576151609,1.12747594118,0.172197805587,2.39552920341,0.372118959725,0.270855497429,0.369580025059,0.637780610984,0.234811807312,3.23631717302,0.591992479414,1.16436097102,0.0260060798749,0.578410773091,0.180784192737,1.00239447773,0.552266209014,0.632839902043,2.1374278754,1.12319331437,3.92119552612,4.66037325144,2.33566568196,1.13003952116,0.87790233314,0.15431874956,0.107964079317,1.7086862421,1.91193909816,2.19474095006,0.167564622876,1.05075474827,1.27869058311,2.28776322603,1.037946693,0.314751082733,0.133634194213,0.203801570535,0.979588835835,0.803852802813,0.948508482575,1.45861915212,0.704164819419,0.759511892665,1.74611784518,0.0728934520856,4.35293955326,0.969323277399,3.29328821421,0.130555768062,1.58467147201,0.556662126705,0.109211909026,0.323660377264,0.0937163124233,0.170376519561,2.32745138407,0.195149362162,0.244010239355,1.65133234084,1.22547880873,1.95205371678,0.0541030628327,0.665908204317,5.5125303632,0.115630220259,0.387788533401,5.64058644772,1.95460974932,0.0591178699397,2.79671818972,0.594794667363,2.00663353562,0.0993705596961,0.107792744525,3.58518163681,0.572078851685,0.487495630831,2.15584937096,1.21197948158,0.0360271554254,0.862822822137,3.43654830217,0.146077288985,1.43596305557,0.0633834955201,0.340991971018,1.24037883639,0.244410337768,2.2937880712,0.525169361234,0.353184068352,0.256492682844,0.0784111423045,0.00561231151223,2.61084189773,1.44288230896,0.974972975701,0.79739549458,1.5778176037,0.248256788701,1.92673612118,0.117878104756,0.555183343654,2.7706395483,1.67882740974,0.0458752378821,0.195090043917,0.530653443933,1.47887157887,0.161181309521,0.0853095379844,3.81522603154,7.66274400711,1.96667951003,2.17932199359,0.254866160005,3.35212905765,0.575694172531,0.3377241081,0.734996394701,0.536130773127,0.0366497895122,0.023381513916,0.686892487556,4.78178906709,0.400198219121,1.29785288438,0.0592492538691,3.50548527956,1.84429281473,0.500731274486,2.43301448584,0.215979871973,0.265733843669,2.80339218259,1.73363712937,2.05383520953,4.47753694057,1.60156220019,0.319876097292,0.236623119153,0.669671604149,2.14538572818,2.82755212903,0.810159071907,2.47950042486,1.09907597363,2.14311266229,1.08466483891,0.336108952761,1.09164567277,0.843084245101,2.5955371581,0.140774407648,0.424627178013,0.564313912392,2.02831093229,0.476824421678,0.573230190873,2.23296701878,1.02414567173,3.93393510342,3.94587355971,0.253835907727,0.245032962635,0.0613015565276,2.52755873442,0.794111769348,1.3606373629,0.203389815241,1.66668407381,2.351972588,1.9575002636,0.142947145216,0.0954757644981,0.291718431413,0.305450183339,1.79206179202,2.33926919878,0.840260750353,0.147986871004,0.250773835154,0.374207268953,1.36831069507,1.3060538587,1.41337278605,0.841182946488,0.077821232304,0.0352729198104,1.60015190732,0.0318759095669,0.934077337384,0.162349676802,0.211608365886,4.56656495675,2.48401945777,3.77736893654,2.51744035006,3.71822023913,0.353389803115,0.207666386142,1.71348097026,0.663355449736,0.0101583425701,0.0356130753458,1.63474378511,0.0339665387943,0.128566848859,0.377643932989,3.91414678335,8.66833131313,0.536983373016,4.28091138348,0.173000881597,0.3387411239,0.738854247462,1.52900141716,0.32433599717,0.550325728282,1.07102060825,4.59339952946,0.340751497969,3.14917669058,0.263533376083,1.9889742738,1.50446089678,0.220504115783,1.29605597407,1.37433260856,0.0783799218014,0.860069987923,1.26100060076,0.545410360992,0.640268041939,2.81753837347,1.47634153968,0.269194221944,0.37152060926,0.381257146075,2.31200601622,0.352474090159,0.271636896282,4.7886682415,2.79553134911,0.275791701507,1.89737971663,1.36572439998,0.672523009479,1.83091975264,0.45220075462,0.103581126109,3.52173526883,0.0327645234764,0.044345260635,0.179245580137,1.61818841003,1.24929942429,1.09441238716,0.619816029593,5.75682553887,1.00787368394,0.640367482603,1.87915387858,3.02280450225,1.82633983225,1.18105008364,0.794270703793,0.229592645727,2.52678582016,0.0370065735653,1.69044964969,0.473932647407,0.055844091922,2.88016866326,0.978506482691,4.68808472037,1.33071939111,0.181901845932,0.446170758894,0.152294098157,0.178481241744,0.278302269224,0.0826153479144,4.68531393528,1.09605710492,0.120296566263,1.49451466262,0.528590811715,1.27347044989,2.26588694811,1.41602422226,2.65745683134,0.102741978252,0.998232526965,0.160878423527,0.367973899692,1.62395968139,1.02430381041,1.4926255484,0.135598000586,0.627409503721,1.89632811666,0.250312433019,3.70441961288,1.49696258754,0.493960571438,1.5722286047,0.078513745768,0.791786983013,1.42961572692,0.15784873113,4.25452890828,0.976090792418,1.30341664391,2.86510311604,0.962492950112,0.384502353128,2.11613361474,0.293775137803,0.685894384868,0.449977987334,0.295045370199,2.36009437084,1.27701208562,0.202495261133,0.136126211993,0.302843636647,0.913655418605,0.161868152395,3.752097608,1.86862802876,1.00781083785,1.09389788218,0.0480960141681,2.6501353538,0.553406619811,0.109769860022,0.256993592456,0.377458185181,0.855099696368,1.68208547994,0.493308324907,1.27369817793,0.617400789708,0.16607552439,0.886305733765,2.55305586755,0.308255257879,0.342645953298,0.0217007084051,3.1761858321,0.0795978929661,0.604113566205,2.12557890631,1.58950374663,1.17733329207,0.571944453651,0.591772220931,0.337390551772,0.0748046254367,0.945564929396,0.398431497309,5.62060979486,0.357212944683,0.38803703405,1.01014852281,0.309688620623,0.379627023023,0.252387148738,0.396379500777,0.249130726112,0.0998012710456,1.11081750292,2.00371971309,0.124429734815,0.174141122401,1.55088555157,0.0922233074158,0.0786643696111,0.155151436732,1.63807842493,2.16258426387,0.523710905612,0.127840389539,0.155339250192,1.57902637199,0.961019586921,0.252846866448,0.594377386272,0.206535646655,2.09002322525,1.30916645959,0.0660654601455,0.72020539321,0.609211245999,1.17411319546,1.27735765405,0.375100257248,1.55315300517,0.141446103752,0.325538473949,4.57451694489,2.29889515705,4.37246218744,0.0830233132094,1.51592733871,0.257236522418,0.988462759256,0.638887758553,0.598472881392,0.00808455735445,4.3899956131,2.53814141452,0.822364898622,0.852544650137,0.110731045008,0.926739514321,0.249334683558,0.5622223147,0.118836575747,0.39284545823,0.541746166442,0.533374365643,0.317112092217,0.220748555101,0.589573773146,0.042669121325,0.733871892691,0.316728677079,3.10557115078,4.36298301443,0.365360427797,2.19262781754,0.237466327175,0.615458009839,0.774266863801,1.75608299643,1.78539539739,0.0747771495581,2.89970897418,0.3622752359,0.02146426633,0.00445174664259,0.528128054291,1.23096397139,0.555468558073,1.38680266514,1.41430480361,0.254541050345,2.65683405261,0.35611883834,0.0849255677871,0.517207624912,0.542391702086,4.34315645695,0.0891055808589,0.0992748921458,0.307842578068,0.385138947815,3.02376366019,1.43446180344,0.248962610513,0.573066742769,0.0298912066221,0.335507355817,1.26473563902,0.132459847331,1.2451119113,1.11177525852,1.10437648278,0.103518100828,0.558400580138,0.0538688635081,2.73765241474,1.64628994167,1.84641891666,0.792327121641,0.465465307273,0.405872232728,1.33537363224,0.650773990713,2.04784674883,0.0429566319287,0.987316420786,0.13183367746,1.0563363637,1.10307519843,2.3393927002,0.327881027898,1.04532336533,2.32131757617,0.888896592865,0.337304092604,0.0860955344327,0.903024011403,0.461256048903,0.319941711575,0.28427121833,0.502033831775,0.0926770602167,2.17790412575,0.323679200783,0.0771463793516,0.0211190134287,0.747680458799,1.34069405675,1.69062925488,0.742611990338,0.333669820502,8.45379586011,1.52022105239,1.09160474889,2.32214742422,0.848119775653,0.144767872915,1.59210057199,0.304379836284,0.330089170933,0.0551476726681,2.11004945278,0.402760456875,0.0524335938692,0.171212723409,2.83783675808,0.117371344883,0.401325678173,0.37773695278,0.434421942346,0.194781824648,0.403407528549,0.146096712928,0.120291722635,0.413712165877,2.10754677944,2.76402970403,0.0117677794769,0.110975807644,0.228889926709,1.49836226061,0.0217597806454,0.79065159291,0.430871523023,0.0782920715958,0.650716719711,0.322218352109,0.0982978682593,0.522741612755,0.0698800109327,1.76365935266,4.0693693421,1.36104297948,0.752730787583,0.209014453851,2.02194327727,1.41907085866,0.140931117181,0.406674634516,1.48106947936,2.43271270633,0.0524505828321,0.881927614957,0.102227790654,0.276968309367,0.492792235762,0.068369006298,1.2432175675,0.823847974353,3.46066250563,6.61885836851,0.141047865879,0.872607335299,0.88956619557,0.319184757215,0.1926999484,0.0958469218016,0.12995224148,0.312442688383,0.0870000981377,1.22982440889,0.256797273261,0.372422320191,0.348697468601,0.159069878717,0.0584579800069,2.21695065945,0.8497699724,0.501688671447,0.383267965242,0.782377997041,0.8031489034,0.317790758833,0.310548915807,1.42218882263,2.55318145949,0.348753058109,0.15970391091,0.398056435138,0.141339698732,0.123601398282,0.276164475232,0.251297062677,0.0155504830182,0.340589028399,1.79667378413,1.72615092412,0.769271071404,1.41719159801,0.669207335077,0.30165603932,3.49987496939,4.69479871869,0.286530480101,2.95533324741,2.1161784225,0.221863248646,0.238187145591,1.25821045041,0.0312810799666,0.335380479917,0.710355694788,0.166969221272,0.216564326864,0.177009515129,0.0938486046344,0.178822846133,0.234102497026,0.0981049880385,0.96289734751,0.592046734057,1.09530013561,0.202109897584,0.319183578938,3.56230004907,3.11605187833,0.106453088634,1.51039719775,0.0577537747473,0.343820711267,0.533604099359,0.0622329294961,0.390656804889,0.353275290281,0.790036812872,0.553585499451,0.084529189812,0.217158363895,0.363649881911,0.26392040588,0.167987363273,0.536483809906,0.143628067784,0.239946483523,0.16197364524,0.469042387307,0.0,0.934443547344,0.488631895185,0.60683058463,0.131210853658,0.554086535657,0.591557278819,0.138255886845,0.350854573399,0.0939875743585,0.7101046969,0.103292241385,0.14644167304,1.26965882301,0.0267719471827,0.0551790789422,0.831339174882,0.408064118326,0.243104285044,0.602547044829,0.498799034813,0.102810893953,0.64660414787,0.424888575971,0.985616129041,0.00801939956844,0.686586632426,0.270798301399,1.30342588733,0.0824354143906,0.139694913775,1.22763628051,1.63660477117,0.665040079397,1.3700958902,0.28684964329,0.212751737423,1.45091649078,0.134615685642,1.08092351025,0.0756385106593,0.0199116886407,0.298765460476,0.091174011752,0.119903244749,0.259115146175,1.74440988429,0.925497227982,0.429042517561,0.148939264938,0.621307983398,1.07335053813,0.427635773493,0.355556238126,0.997436207728,0.558982263543,0.217175918771,0.299207701366,0.0422929116199,0.435180988857,2.4573634287,2.11685537994,1.11813331179,0.046994763799,0.0123513370752,0.0166037613153,0.0217519841529,1.52264801528,0.997498387992,0.271068781912,0.955187145136,0.355446768105,0.0956136783957,0.648679312915,0.446204189993,0.0733841482177,0.0484186179563,0.399739819742,0.106990637779,0.711583467796,0.429073922634,0.288216607829,0.171724523157,0.231720837392,1.35119109508,1.31140218496,0.533601465418,0.707937336154,1.17804198483,1.46398877901,0.986890144199,0.0956694225222,0.733153650761,1.27828747422,0.047500936389,0.505066441596,0.220456474386,0.369920104872,0.11345360308,0.586970938155,0.0452724754624,0.0381014799699,0.498458882887,0.174838202894,0.174014385864,0.3873354958,0.0385578865185,0.0955249622464,0.237933274033,0.303900340572,0.401203466048,0.126909144223,0.212841447294,0.5956216833,0.24160299629,0.278746947385,2.71319020484,0.338938293362,1.0501275745,0.168905394301,0.153916956745,0.355511247356,0.0332146084309,0.133598202749,0.524317070618,0.273478141711,0.118346388629,0.370874835029,0.506537778806,0.287267290564,0.070809128508,0.247972418405,0.260369199924,0.0475739815086,0.219723157883,0.405420418046,0.232432853673,2.88496052265,0.174687575186,0.0247522094101,0.177778234479,0.785259799967,0.221865437608,0.253360456098,0.463546956657,0.156059195548,1.49830810666,0.182668848172,0.0289259297028,1.68511653215,0.120894070091,0.263474710668,0.0906199749187,0.0420378221944,0.540957657732,0.354262910783,0.0,0.303809706345,0.359744305019,1.44090465993,0.0946764796413,0.161370482147,0.284324472249,0.0853490876197,0.757557683438,0.389181391671,0.187871206999,0.0242446117848,0.275601321757,0.0323891742527,0.0138696885109,0.124921916639,0.270828299075,0.157385568656,1.06322415005,0.00942552782595,0.0615926350653,0.0534135112911,0.193275791928,0.0240887313569,0.500486282136,0.725009375885,0.390702057881,0.0830760410428,0.875416506752,0.793329304457,0.0447018214315,0.14154944798,0.0624065949768,0.246779953204,0.194166150782,0.147216889597,0.106263835058,0.518033771813,1.05093896836,0.14618318609,0.0520529512409,1.58323525792,0.0904286905378,6.66148476273,0.689472047985,0.226858947203,0.170924499519,0.31615411818,0.380513066649,1.41906501047,0.240554909837,0.549056047872,0.0600342460442,2.93759573579,0.0182919704914,0.0492030263692,0.0498977011442,0.41053121686,0.553226737306,0.10591037266,0.449473643661,0.581666128635,0.052608615756,0.00190559715033,0.744302760959,0.265245983377,2.3312591109,0.401433374882,0.0715066304058,0.106872806922,1.45261699677,2.49702264667,0.110916625261,0.0375177183002,1.72841116248,0.599878810439,0.133902531862,0.676646695882,0.75400761418,0.183727955427,0.458941554725,0.0233459797502,1.44417069376,0.0692997813225,2.00671747386,2.68080429435,8.74601266861,0.570495957732,0.141888353089,0.0159657571465,0.113652867619,2.12634801999,1.19725590747,1.08761000678,1.3999915842,0.561285744607,2.16606540024,0.0,0.832432592735,0.00750277459621,1.1024828181,1.66662953864,1.39368674181,0.0,0.801968114376,0.0602459881455,0.928268756866,0.0212212683214,3.51821178138,0.0332214041008,3.82726524472,0.0438184596691,0.945276995506,3.06383658886,0.539723850498,2.18392491527,1.76352222228,0.00638816229999,0.574500901904,0.393870647391,1.11443964422,0.162244210592,0.282114939466,3.99777420282,0.472223669291,3.81113135576,0.331317222342,0.11126832366,1.06765429512,0.470349712223,0.0149019634724,0.37788392134,0.014219125174,0.777930448502,0.0348211552948,0.145980942138,9.06923048496,0.0126774954796,2.16153826833,0.328247249648,0.11430575788,1.54036678225,0.340600708947,0.924063612632,0.341937219352,3.59127421498,0.13875667721,0.068625048995,7.03601743817,0.26082873106,0.0,0.154410461932,3.6038713339,0.0678475761414,0.10728349708,0.413580527753,0.281975118294,0.255477823764,1.25082992475,0.0400231107324,0.0584157872386,0.0157264922559,1.91372358367,0.494847392961,0.172152264714,0.0,0.0,0.0265966087393,1.39302717283,0.281264242828,2.24639420956,0.272996576745,0.0303061933815,0.337644049376,1.58100742832,0.557847938985,0.0867719634622
31,0.455280332044,1.36796956948,0.367496556193,1.16600057572,1.43182619214,0.096605913192,0.968757964205,0.683508225512,1.50092091978,0.429465369731,0.68117516607,0.100888985097,0.119768190831,0.875169249652,0.795809462667,0.453104867581,0.611385985501,0.774068208933,0.642473439388,0.434717621505,0.187811422125,0.120292070061,2.09763870679,0.983679513186,0.360284887962,0.541975389961,1.00643988013,1.19261970989,0.899181867987,0.862234706581,0.879648825414,0.0767014114931,1.01784106128,0.667786920667,0.979945699573,0.174558415785,1.87745835543,0.454132979177,0.00764271169901,2.1093800199,1.11886120975,0.155823191805,0.286976429429,0.286255980209,0.228914690614,0.375387777463,2.12246740103,0.233677897826,0.303584725596,0.89744323343,0.342053883895,0.405990498364,0.530738112722,1.43147413378,1.70017894529,0.792892311141,5.00785536051,5.90845588684,1.75964016914,1.11901286989,0.229281594902,0.0324547753716,0.170614215508,2.29209625959,0.26898999732,0.387703062892,0.171886671893,0.077660926329,0.803710252759,1.9483684659,0.963297766745,0.543987643868,0.18931255233,1.21854159348,0.44227480527,0.675297437683,0.324245065325,0.662237020414,0.201940909475,1.17649204869,0.417637571096,0.109549646899,1.18976783574,0.973180322051,1.22253629148,0.271544761173,0.11765253976,0.15858612217,0.0179369889945,0.407653177958,0.0734233318851,0.0359036073834,2.77838926017,0.279968078658,0.378755435646,0.799664825276,0.0538198489323,1.08741896175,0.0150672982633,1.10301171839,1.16663394734,0.319384230673,0.698809146062,0.460547120385,2.07424510777,0.0761180639267,3.76527898937,1.89305629436,1.55382967532,0.238801742196,0.0401262088679,2.44497641772,0.115526235141,0.128184438478,0.720992025062,1.68814998575,0.00685216877609,0.465580071658,0.447471858263,0.574862940266,0.632264238857,0.0788396387734,0.664619126506,0.263679144457,0.197508831173,2.88652290493,1.26333830625,0.183330723923,0.116873736605,0.0388996793795,0.150949268127,1.39746021092,0.418401665743,0.450899535455,0.323552235942,2.4651218845,0.283026663214,1.99565830588,0.14902405221,1.98206826568,4.48684774876,0.376246153116,0.0440173216909,0.0111024713516,0.368435659017,0.138687997945,0.802475442141,0.0454838868976,1.46396443378,4.95151949883,1.09990645714,0.143967568427,0.199766665455,3.06205074817,0.814146569725,0.542387900203,0.631726129763,0.0768712806702,0.205250327289,0.0499440930039,0.258903832649,3.51452190071,1.31497514471,0.536339266598,0.239419494271,2.71472015649,1.39690917999,0.679935711548,0.825194566082,0.108310478926,0.444387467224,0.33416580298,2.59254577041,0.79510060735,3.26942196369,0.504311534464,0.403395052589,0.350223172754,0.0964425194263,0.289409081861,3.10270891428,0.999536661804,3.16360988021,0.050656164661,1.71650908709,0.754747995213,0.490862508938,0.879310793467,0.184913531765,0.435848681778,0.183758603148,0.395055136792,0.516093481481,2.44831233263,0.327161574513,0.178791428506,3.82792679906,2.20336234808,0.627850723304,1.34436414286,0.285506246835,1.53812830165,0.0826837501675,4.05866742611,0.558127897978,0.634899792839,0.244652475715,1.44509496421,1.30993038565,0.237003888637,0.300055664666,0.328076516092,0.117211561372,0.506916723326,2.00221875901,0.303895264268,0.0345797394216,0.192328838818,0.115778094307,1.25631981522,0.924644798115,0.490725949332,1.25287174884,0.272509288343,0.267777688652,0.209019156471,1.22825127721,0.0958022075146,1.23966374189,0.868963350486,0.289396816641,0.402832818627,2.5586694479,1.07129122086,0.951950791478,2.52781905651,1.70496868283,0.0443980461359,1.44536011904,0.80290319711,0.275646034181,0.0254729183158,4.11466343403,0.0229131495394,0.177528540809,0.985764748454,2.61346452951,1.87903823137,0.159510109234,4.25752876997,0.771790427864,0.990477556288,0.246085880995,0.833964197561,0.976583193541,1.26805168897,1.17114378944,0.629262409583,0.0289546372555,3.06392724514,0.640879065394,3.18345022202,1.14250353575,0.299158212245,0.593766327761,0.217307561124,0.288634864539,0.0605059528351,1.76320295237,0.335177313983,0.615620387644,2.72869472317,0.45599141378,0.297237592712,0.170721753612,0.415571937561,1.79455215335,0.286320483163,0.494163148701,1.8819508642,2.09205368698,0.215040792306,0.998592275381,0.127003000118,0.42806816332,0.583853276223,0.623018546104,0.00461429864168,1.0476926963,0.0644734174013,0.333474352509,0.511311397552,2.81476001322,0.726220491379,1.44392545767,0.0395466771722,1.36315605827,2.19609626586,1.88952533334,1.51651356947,2.95151085138,0.0882627849281,2.72039464921,2.01158256575,0.00655254485901,0.690224474147,0.116617454216,0.774726645574,0.715278186128,0.163718777001,3.52877840757,0.287127669761,0.972270460725,0.739533676505,0.45531136781,1.81969416376,0.191586390669,0.391573205367,0.180848414153,0.850012034327,1.78038351983,0.513788559735,0.909344711006,0.407479844391,0.60476833567,0.167995737419,0.678496866822,0.580052113235,0.323834831417,0.196566010267,0.273443076964,0.38449329488,0.532625703216,1.09321712404,0.787682055235,2.52994655192,0.554899485633,0.81523521632,1.29617439449,0.130288047791,4.06954261631,0.676894603074,0.218447367996,2.12155856907,0.822420615188,0.643748657703,0.29303515926,0.453133563697,0.123164015536,1.49723318875,0.121058830544,1.54613457084,0.249108403437,0.374090482881,1.90978721201,0.40849465318,0.560196987987,1.21971587062,0.811262645721,3.15742247164,0.394524484538,0.626324403062,0.146712985635,0.463297322821,0.715274689235,0.134791778848,3.8125277986,2.40645771183,0.239129741043,0.566185438633,0.184883259535,2.09153402604,0.41942733502,0.11303930331,0.21282462284,0.0875766280852,1.07549473286,3.19151768982,1.12613602709,0.458919925652,0.481745338589,0.842262260867,1.12071269155,2.51292103559,0.476211425439,0.402482961155,0.101138998829,2.89618250966,0.265641963854,0.932639354771,0.819162902236,1.85182488441,0.86849992089,0.367090363801,1.28247499019,0.151548589617,0.189816231418,0.158542275652,0.342147598658,7.22899604797,0.207864867784,0.26446038926,0.711534419805,1.06036734998,0.534569816738,0.156960687339,1.02343759313,0.261137241088,0.273677051121,0.737750296984,3.87417078376,0.400929065738,0.0566744910181,2.55552582853,0.0643087386712,0.114721287824,0.464749753289,0.771132557914,2.97592437238,0.13628692925,0.123990972564,0.733010993376,1.79345192134,2.16050398827,1.09484601051,0.171916506765,0.147761882842,3.44842793822,1.98110058606,0.329133689553,0.398375207493,1.31006425142,0.187687801719,0.872784701586,0.1054426606,2.11125276804,0.0767387955822,0.334970658552,3.68663361549,1.34441510558,6.40302579105,0.22041389212,1.21151624754,0.20800470781,0.561410891637,0.194390292568,2.23974892423,0.0142280936241,4.31703465208,1.58099244028,0.609405471385,1.62799865238,0.566886396781,1.55816912593,0.193219470456,1.14950048774,0.231242121123,0.253936420996,0.649770991206,0.655960036218,0.398790062517,0.109583598822,0.553995062262,0.127201405577,1.34962321945,0.60163212955,2.88055792859,0.651217723757,0.4950251537,1.99158255041,0.43471740769,0.845511688702,2.45501610875,2.39120371968,1.64658308417,0.411413182132,4.26486955047,0.42488993587,0.0003460483253,0.0599613504112,0.522616129569,0.660486254022,1.31841353416,1.34575961441,1.11802361943,0.0935587741248,2.59652550498,0.0870951730013,0.179745787233,0.845389908375,1.28568802118,1.86136077993,0.0571525909752,0.310698732436,1.72230665263,1.08649488822,1.52185345106,0.844453769624,0.0602908759378,0.447437309548,0.0583527783211,0.386162588713,0.816743548736,0.451174913254,0.413224687129,1.33164905347,0.976530829966,0.0936271606386,0.661591735929,0.162829743698,1.46034261361,0.93377600491,2.10239308205,0.115079280511,0.506972693577,0.235170825869,0.941164957285,0.625452982895,1.35940889794,0.379238695055,2.21499508232,0.326492267349,1.78853771716,0.886826164052,1.0156951201,0.413252291977,0.644833914964,3.32764532894,0.035826033745,0.0273249498568,0.0548255069926,1.01044584829,0.107737963796,1.57306758028,1.40044046044,0.585902018994,0.336560046077,1.5178683294,0.619306341037,0.014817292951,0.12862886738,0.0876189850084,1.56023286939,2.27541631386,1.67360334903,0.51774086982,10.5001688719,0.831651501656,1.95798474751,2.56405053139,0.753067231383,0.665228437372,1.99388403207,0.8517725683,0.0788617900386,0.22173290031,1.02089485738,0.142150142528,0.0777073232085,0.11001885727,1.77998266086,0.0154913652409,0.703112527803,0.0993425620161,0.170717349034,0.064265531227,0.452101236284,0.343729023673,0.0654693128169,0.355985017121,5.3573537159,2.04601775631,0.052705411315,0.128691079805,0.777461463287,3.19149404287,0.0069762595091,0.492603187226,0.130307376478,0.0147436979227,0.117476237826,0.445349893439,0.150531561077,1.62285382032,0.0880516797304,2.70306232333,5.07546970163,1.29515767336,0.984781626575,0.354631277993,0.972965644225,1.66300628409,0.0630724368989,1.57985082746,3.17058599189,1.22402187884,0.0829516342282,0.700836711414,0.223393271416,0.862945281193,0.510134176128,0.360886584446,1.74959405839,0.696053220034,2.01034094989,1.44430762362,0.326612692853,0.3479863685,0.803805158287,0.3392124632,0.193673725277,0.0305893451162,0.637428344935,0.995651998525,0.114059053008,2.55117379427,0.146799086183,0.842246328667,0.134489429928,0.360095726252,0.0936179296114,3.76392588094,0.142380384505,0.172952767266,0.339351059422,1.62674192078,1.37377549417,0.692085274532,0.832644265965,1.45722981334,3.12229554147,0.919683050364,0.422624854688,0.409960784246,0.216258666776,0.174444919936,0.0216782744229,0.686812575683,0.430780459568,0.444832253233,0.270839821845,2.71035316084,0.612364749312,1.74232250035,0.436981909964,0.809714101925,3.05883791804,5.32333464955,0.0961581722088,5.22951702714,0.936179346144,0.0306858065724,1.16766220607,1.82753294572,0.14446205182,0.378947452903,0.477345603753,0.0371406066418,0.598271859465,0.0266111706942,0.0594913782552,0.46091052955,1.22198907401,0.0597538223863,4.09068890333,0.372053955048,1.07908047229,0.424699648907,0.121038804622,3.89851664543,2.9426479568,0.0951821596548,1.94286538273,0.0904561317526,0.202600865997,1.04854712382,0.327592108473,1.11468690323,1.43158106476,0.136311501693,0.141538303979,0.23982675245,2.18495794127,0.234270868778,0.784381470755,0.479845966694,0.449014056064,0.158063540589,0.589323494919,0.326326642185,1.24055458378,0.0,0.489502525572,0.188517416641,0.806750669628,0.485841620378,1.01535102658,0.23889105536,0.88209841274,2.84855081476,0.533411661834,1.11362100095,0.690107490085,0.118809683335,0.738943029046,0.574177672435,0.0992369955592,0.576858161697,0.591804650878,0.822627497464,0.115140933897,0.237826817334,0.230537468977,0.0991621109098,0.760939204572,0.889170581219,0.0594490289316,0.106724419333,0.606798440218,0.445241953805,0.164871726399,1.04989563658,2.50797914818,0.878768626899,0.809355757961,0.739119542539,0.142157249153,0.342638177909,0.560312881228,0.224441194329,0.558460614514,0.294652845785,0.0818867027946,0.155965169286,0.0982204807736,0.206764908247,0.383036072436,0.488386916122,0.49242601119,0.379005441424,0.250151450709,1.01373780163,0.889790956713,1.12964144975,0.355918322839,0.212620551847,0.872846028879,0.281828093054,0.580305743329,0.170684845499,2.21623600341,0.670077825785,1.36683550499,1.57926026233,0.167444185317,0.368611524962,0.0709097205941,0.432548897006,1.7363218832,2.06404377602,1.20799672574,0.573840299323,0.61390796097,0.129808289399,0.845303034112,0.923574693799,0.24834313171,0.220800347072,0.355121917296,0.304389910325,0.501916099787,0.403788313472,0.0599672094459,0.213007050874,0.589596727435,0.813084479645,2.73369326085,0.166599511206,0.521617519893,1.39351306476,0.526705636205,1.63659395326,0.45977804821,0.870386143923,2.17353911899,0.0719727930706,0.433394103905,0.407383394092,0.487887464967,0.0465337471571,0.244963243008,0.606113142241,0.0683512868732,0.537188440103,0.564072994012,0.435295652375,1.25305895263,0.0962796472292,0.112825670644,0.592057865597,0.257835654914,0.612217401713,0.187579090931,0.458024454326,0.516300498843,0.421655330965,0.913389575332,0.49361375656,0.374470746741,0.17415865659,0.18973375719,0.445634754747,0.94311070404,0.170781792942,0.697516407315,0.95312685648,0.267812014502,0.523879260328,0.298652872448,0.509641889334,0.654682627954,0.307436182573,0.848064306192,0.172747001499,0.165250868443,2.13987354893,0.879891288765,0.270270404425,1.64710863402,0.32818309291,0.37154578505,0.401214978956,0.64931245558,0.26751311643,0.343280578285,0.214696844891,0.0867191962153,1.00437475469,1.26422104612,0.257195069529,1.02290368564,0.468779993001,0.587723406628,0.21872634124,0.221947879475,0.585947074331,0.58751210792,0.160989733301,0.798559237504,0.150014590728,0.228522589356,0.0774044134561,0.322005697656,0.64955087563,0.516559056677,0.565285318578,0.546426989548,1.29377856612,0.16573307619,0.0932982826233,0.149880806282,0.132441412881,0.226834780537,1.04595419545,0.891239326894,0.259062256138,0.0714932847954,0.139806727224,0.267874745564,0.213740144866,0.196837068126,0.0887331587262,0.482631801274,0.96160882514,0.121976872503,0.762356455922,0.720479861312,0.335499041043,0.150205932502,0.230589543898,0.832622345537,0.653570261933,0.381701861508,0.463331131972,0.854377126843,1.4903617892,0.221347070113,0.353628536761,1.01767771162,0.664719786448,2.71938271224,0.325794978812,0.537419461533,0.695731873587,0.33614246597,0.806744823009,0.0187712615728,0.1690538124,1.20737027837,0.30856617257,3.22968786836,0.313293138035,0.364443661347,0.222029334698,0.813052015752,0.553659354374,0.0753044770285,0.163666445278,0.339200822645,0.300780119896,0.142672453281,1.22414431304,0.666876344522,0.571919035167,1.17745229006,0.0,0.254751297981,1.14521859258,3.87190736726,1.121218176,0.188175151572,2.32307410598,0.333918695948,0.00337776809931,2.62122006595,0.153125080355,0.0542995050084,1.7772931391,0.236251934767,1.49271731898,0.0328457971662,0.441795861498,1.28008418242,9.41400434494,0.450607628822,1.18576516509,0.492797612809,0.142112029791,1.76399764121,1.05697731316,0.200217955783,2.67754680229,0.373039764538,0.373068734892,0.000779084563255,0.101199326199,0.0520066589117,2.95033823252,0.820450136662,1.85460329235,0.0182004470378,0.437093966603,0.0647738211602,0.193160239495,0.0124644517899,1.41143024417,0.0509091478586,9.09123519003,0.131329703778,0.527789180279,5.41614388168,0.111786663197,3.801230388,1.68358079843,0.236068443954,0.828973029368,2.15473796763,0.169193820208,0.335290846452,0.294544767272,3.73941380873,0.128576034307,5.84881178319,1.47433522552,0.0338536095619,2.27888642214,0.196118060611,0.175777022839,0.773902803659,0.144168026745,0.624949023724,0.0944339517504,0.265025924817,11.510823844,0.229355744123,0.162279945612,0.579186523855,0.332336283848,0.127058022907,1.56434723824,0.380143382773,0.877046739906,1.93863340914,0.482379318075,0.3052414248,5.47487323552,0.270708892308,0.0105633854866,0.277603225634,4.45428172112,0.377749775089,0.824455895573,0.287520466447,0.610959903263,0.475389106199,1.2417792803,0.00537218898535,0.0235434773564,0.0842875009775,1.99417851813,0.733509444892,1.90402958989,0.0,0.0489278861135,0.412246084809,0.611486611441,0.231869915007,2.22732014263,0.779757634252,0.0773801859096,0.607479058355,0.579678708166,0.395167687461,0.35374382332
32,0.796437764373,1.31877930701,0.49217780035,3.68295681238,1.30209817454,0.136871094257,0.661038454548,1.1713166555,0.716046764608,0.561425990909,1.84509585086,0.164900144786,0.038275735192,1.05878557891,0.757945671603,0.159483334711,1.15174322523,0.347964897864,1.13361623123,1.20093691111,0.0663107989728,0.176858377233,1.56228552312,0.396168987965,0.645940673538,0.546287198514,2.78591969967,1.81591594875,0.245313908048,0.240279720984,1.02207420528,0.204590165596,1.4839132005,2.11796435282,2.58073564336,0.170098249502,2.49818256214,0.820343554243,0.04259357078,2.89855195522,0.887366693541,0.0745518344641,0.912803529838,0.39115967419,0.35031570442,1.46497462988,1.96807544529,0.15094837226,0.243550794851,0.231263725907,0.171257126629,0.406238937676,0.302944963872,3.68081895113,2.85039598703,2.21747494698,6.7736975193,11.2757432842,1.52683416039,2.25013609942,0.723479162715,0.00142396807671,0.124010869944,2.93978573799,0.0127065364271,0.343443863038,0.0610019543394,0.118494117334,0.216800785474,2.00292222653,0.126652917368,1.27795388341,0.96299303472,1.70829531275,0.6102331708,0.111592816114,0.188011608887,0.264664388299,0.166087770015,1.71604779691,0.398460002095,0.221491461396,2.0199710691,1.57253020637,2.56325412929,0.654990127161,0.28760788498,0.0995157411695,0.0132118595298,0.772637199014,0.0424109048396,0.0373729166389,4.79827570438,0.325947336145,0.413984176591,0.632782547027,0.0280681452155,2.61203970626,0.0667555521429,1.28959218189,0.221796418428,0.0339233841933,0.261846363647,0.376582965963,3.14812686324,0.00516126856208,7.52835754395,1.65105674624,1.80459773242,0.530899863839,0.00594758868217,1.22427146137,0.0824368710816,0.692144463733,0.746828207076,4.21967208743,0.0222232709825,0.946668446362,0.424727452807,0.306090114266,1.01529956877,0.175161547959,0.342241751887,0.508831357881,0.061185554307,3.51335409164,0.425987922642,0.523675466478,0.359994645119,0.07427330181,0.000828154012561,2.30136401653,0.926936944127,0.708213201985,0.112360966206,2.86676903963,0.20515080763,2.12147029877,0.211834662873,3.23270245671,7.11158753395,0.0906054459326,0.0489622343611,0.0370185488462,1.66546723723,0.189706383571,0.420943584964,0.0147385470569,0.849752499014,5.13192593575,3.30342841722,0.0610443114489,0.0750940658897,4.93815841198,0.0633562694874,0.729842478186,0.481673990488,0.101871415153,0.135023108684,0.0210482941102,0.235331091098,7.03631143093,0.28160560593,0.83533233765,0.429242542386,6.04587168694,2.13314614415,0.372511239282,0.137596156001,0.152042473704,0.456708615161,0.157818289269,4.01173963785,0.500952091366,5.79722067833,0.246159373517,0.209411035925,1.29334801614,0.187866264414,1.08106330528,4.91382291317,1.36386822402,2.37419088703,0.0828683905955,3.52285344839,1.29051440135,0.173820191715,1.06885166168,0.218917986602,0.143569178376,0.120611386476,0.587566911485,0.304836365432,4.79831280231,0.694917047489,0.299597804323,1.42600293979,1.45952541232,0.388000622839,2.47677191973,0.775906039178,0.5011642804,0.228911843896,7.77145242691,0.589448616505,0.163479395062,0.209882731298,2.28567551196,2.64094117433,0.617555786148,0.0593318783492,0.290223797783,0.268105489034,1.04931656748,3.50006336212,0.548235925436,0.368373337463,0.142507667094,0.0809255515784,0.973178131105,0.753311986178,0.47959591262,0.516651121713,0.0379091009498,0.144208717309,0.0,1.25810535491,0.117451836914,0.6798957411,0.516726563284,0.0597464044392,0.21776563026,3.58120535374,3.11129381895,0.706517445669,3.26441503286,2.26460930467,0.005813228935,1.28866385221,0.632988075614,0.697172354385,0.00865481823683,7.89880344391,0.00275631181896,0.228114296496,1.26650786906,5.96802817106,1.19513254285,0.154650166519,7.27050643921,0.525660986584,1.41171939641,0.325848815702,0.818466893695,0.167638199832,1.2845295918,0.771064027026,0.98271744512,0.0454602319654,4.31790211678,0.115233969502,3.36929979324,3.75990761518,0.0777320362069,0.3265678427,0.0787193156779,0.246239828835,0.062356697768,2.36226292372,0.353610653635,0.337214374989,3.4438385129,0.315941642821,0.125211145096,0.0853358171042,1.54515600801,1.98628594339,0.365781413615,0.370780341811,2.28648546934,3.98609885216,0.00306574463844,0.984307207763,0.222483311072,0.427382459743,0.482879927456,0.417230145037,0.0,1.7833581081,0.25660165865,0.363152048476,0.266460207105,5.4260691309,1.01293962479,2.73339495927,0.0540631464869,0.351275777519,7.08729620218,2.0825541532,2.63026088595,1.33858354449,0.0475508527085,2.63999400139,0.860391778126,0.021290448308,0.467336427271,0.156468946561,0.92903877872,1.234204509,0.237474616468,4.81787100315,0.361122981757,0.798296224661,0.834538187981,0.520459802896,1.60943780363,0.181094759554,0.0455878705066,0.344836148173,0.0855360763147,3.70577756763,0.388318055421,1.38258771539,0.121483900268,0.298505881689,0.0498573330045,1.84031323314,1.05189153246,0.352913176771,0.0533603330515,0.20166304321,0.118461310216,0.298207378759,0.129406444599,1.05431608276,4.03272323132,0.663481133282,1.7641827181,0.905623077154,0.13907972686,4.96570854664,1.13830855727,0.142119979728,3.82002885818,0.0688387373486,0.662157925973,0.0784527254105,0.450304000117,0.310084812194,1.38004607856,0.320735055804,3.12004727721,1.08452790465,0.153687564172,1.07969442986,0.202721214443,1.50368036523,2.36649810106,0.860072494745,4.78608015537,0.777965342104,0.197086945381,0.151216815878,0.502133855954,0.58024301134,0.0264099831879,5.87136994779,1.7540338397,0.0543113586307,0.830951212645,0.0676679385826,0.584372457284,0.210239014206,0.436040784828,0.261695121229,0.0200251086801,1.21165271841,2.94982820034,1.55988447532,0.220196033418,0.510398684368,0.138298611529,0.389773275396,1.09425948605,0.0756024372485,0.217780140135,0.374395453057,4.44224073887,0.206892657056,0.366746783108,1.3732457868,1.16586989686,1.61966822527,0.252789279791,0.316239555106,0.0171677473187,0.0754699833319,0.207395666176,0.108321583662,7.06900264621,0.893083184212,0.126595951039,0.160574926734,0.702069893619,0.302670230814,0.0550762923807,1.02162242685,0.374744990226,0.135385469981,0.803127218653,3.57119591832,0.129620730132,0.0309104895126,4.49508125961,0.0679346829653,0.041535114646,0.211348066032,1.55368300289,2.89397858918,0.209737610407,0.167373045143,0.425411100537,1.13796417989,3.06008687496,1.51120783836,0.0553497383744,0.59214636147,1.23547482789,3.40635004923,0.268165409192,0.0208749453723,1.06375372738,0.207158532366,0.977560344264,0.485943750292,1.28966599899,0.303154479973,0.160236058012,3.14525975466,1.15603691906,2.89621407196,0.215459680855,2.73225842532,0.438483325373,0.484163566995,0.220003371686,1.95626046181,0.00642483353615,4.86295780182,1.42858453035,1.19725537499,2.43538280841,0.291325845486,0.718221922964,0.0234766854346,1.05072507843,0.483485314893,0.245964770466,0.189804350547,1.38240927562,0.0366644413024,0.0346975678205,0.889709836766,0.033947520298,0.942973659635,0.614210798079,1.2713029477,0.0986205489188,0.107253123019,0.912062909007,0.119605780169,0.825376367457,1.63723637938,1.37413383454,1.13018138371,0.368183390014,4.48815531492,0.282189724743,0.0,0.0535149474442,0.450096346234,1.2046286273,1.32155334115,2.13899161547,0.53129770875,0.00482038393617,1.19752594478,0.205649645124,0.0,0.738274457641,1.06633110434,1.13503275312,0.0348336890712,0.115150423609,0.825996591449,0.323117835382,1.34443372283,1.14119181015,0.157828096934,1.10768028826,0.00873858958483,0.0440471941326,0.715616198331,0.442667365521,0.157160646766,1.9632134442,1.26435880013,0.0803297407925,0.665903904121,0.0101637697592,1.6392358838,0.47564337194,1.74671331417,0.107704459168,0.662088452876,0.117687031217,0.809392479118,1.29784260094,1.59985026777,0.324253808558,1.352260672,0.255610317159,0.909439620338,0.313189177066,0.505427179858,0.305888212547,0.482054796815,4.73296674013,0.0290260501788,0.16086787615,0.014303047657,0.423439443856,0.0198765464872,0.578156505395,1.34916890986,0.160809076466,0.31252504725,0.579318673499,0.486899449006,0.0489235519059,0.259313010275,0.1067303662,0.494635009766,1.81535306189,0.979256750941,0.181957207564,13.5554064178,2.67384424314,1.83383728147,2.06236248776,0.540759078451,0.459465254624,1.44059696376,0.211963423193,0.0373498727009,0.0712470538355,0.707830439322,0.247718861941,0.0272606330365,0.3987088456,0.921071088007,0.00258693158627,0.287641132958,0.237978224098,0.0240212154016,0.0769741852395,0.350700187536,0.0173744187504,0.0865953482501,0.48504689727,6.92321357727,2.10523329079,0.0961769674718,0.202909986307,0.921602931768,3.2536950469,0.011022310853,1.0184868763,0.156481442377,0.00299398566596,0.43709148813,1.69561568886,0.0858666301239,2.27135513663,0.0553250142373,1.06594021209,5.95875393867,1.46894374043,0.346689825654,0.63117094215,0.559200574756,1.72322535157,0.180278387256,1.59651489794,2.54848311022,0.580580052137,0.256272037737,0.260690002739,1.07055802271,0.0632188312709,0.390637975335,0.163198659271,2.79576327354,0.646382113732,1.4993407774,0.767511396185,0.458819568381,0.208453435395,0.468495279178,0.147373109423,0.0302315970883,0.00815203055739,0.391303794309,0.55873236239,0.105866858736,2.18089427084,0.0874690900743,0.27855064258,0.494914835393,0.0257950683497,0.527523952872,4.34195491493,0.00550925584044,0.0730251911283,0.247647535205,0.648545335494,2.69858380795,1.03527924314,0.723081704974,0.814095780989,3.63429633737,0.62307718345,0.0774604846095,0.000408723391593,0.107666095872,0.00251077622175,0.0195103800297,1.08108764946,0.0271944396105,0.492575008124,0.366886240998,0.747922600955,0.771437124852,0.495435932577,0.666987496208,1.5999522762,3.52070012093,6.32075421333,0.142440874092,5.92218997955,0.526666347384,0.00232330627739,2.3953346324,3.00881337762,0.101821231917,0.0493291991949,0.226116888523,0.010928262677,0.715907843411,0.241070957258,0.0883761069912,0.132997548431,0.321675212309,0.0,2.92428504705,0.150967129907,2.13901723951,0.127164389528,0.00823281742632,2.0171108041,1.08889906541,0.093128467598,2.80224029303,0.349780255011,0.201977874485,0.589271914288,0.127995745637,0.307852401659,0.985579877198,0.0500453866273,0.266456918418,0.082544991374,0.591487817885,0.432789919525,0.827018085718,0.603456864208,0.438278642306,0.179170901626,0.531516297644,0.318920118925,1.06631856583,0.00274674545974,0.546783373803,0.0260471153259,0.391567219745,0.201645642519,0.246434466466,0.280194338337,0.499144067969,0.909394816235,1.10410406016,0.288268254809,0.182077253144,0.139301213771,1.07722446978,0.290510695577,0.0406935030548,0.164069789443,1.75469313158,0.623411886916,0.102179370634,0.031892739234,0.0966693793982,0.122840781119,0.0437788216188,1.07125081956,0.152128750527,0.229548125789,1.24219274659,0.171420149918,0.178290366642,0.811192591712,2.42509009838,2.26033379743,0.341392306201,0.365173447877,0.187682156621,1.07940201461,1.93327311359,0.128762092069,0.209239603262,0.424250851218,0.00409961313009,0.119039705619,0.526040481329,0.273417793624,0.289624031186,0.58658173359,0.913709689453,0.241824552426,0.0536239598412,1.01070676714,1.77167140186,3.42075341672,0.881273659887,0.22920831529,0.730670546312,0.866901209299,2.01779925704,0.275470601767,4.16737287402,0.703481530156,1.19675678849,4.56250997335,0.0174825528264,0.197451760881,0.212451561103,0.170394949997,4.67122649938,0.797989108749,0.450295692235,1.93110946357,0.208803319074,0.069612165615,3.71917447478,1.02403112211,0.119120482337,0.151578912809,1.04131020702,0.685734128281,0.757239349908,0.310880276337,0.073698026957,1.60684190355,0.465476255119,2.26333213389,4.94182520121,0.302743294239,0.536173770726,5.0642023474,1.24340147946,2.42206079125,0.268140399717,1.43350574065,1.17799724014,0.218174578995,0.2184797973,0.144799728841,0.307033580411,0.0106856666505,0.687280630656,0.00308399409056,0.00851137686521,0.31538046284,0.325077110641,1.32033789828,0.599964794144,0.182764194738,0.0235221540183,1.10744544646,0.0192772491649,0.0231393660977,0.15599994685,0.144528208058,2.0752771657,0.118734681798,0.922570169047,0.340108844489,1.0098533833,0.302905866578,0.269455774166,0.255067433193,0.429980560169,0.200929095522,0.140912393667,0.172131869029,0.32893432267,0.265652625673,1.05781701982,2.08631020106,1.06386730649,0.066097697001,0.466437348425,0.678037664592,0.363362140963,0.540484914236,0.810297954381,0.138405842874,1.89955195531,0.669325065017,0.247100877315,0.0820736540668,3.3756250155,0.184934623246,0.089690816626,0.17018938465,0.0191037336364,1.01735227504,0.273898408562,0.0930988121801,4.26804518819,0.444398399466,0.167961229682,0.278459878489,0.282086515278,0.564293333683,1.19482233137,0.406092665792,0.685773555376,0.182710071728,0.335581721659,0.223029518723,0.213443762809,0.368832118204,0.333456049208,0.85174952291,1.89057783323,0.494305702858,0.0486041041941,0.0313123290986,0.0966953879595,0.057947600875,0.29805491359,0.316815230921,0.464005993512,0.443206446208,0.0424545736983,0.0525700480863,0.526753388345,0.156128449412,0.0918785757944,0.152424702868,0.28341770788,0.73725533776,0.188995846815,0.417360577383,0.547831657846,0.228701324984,0.102861872464,0.558758239802,0.388810500391,0.675654269829,0.0635031875223,0.127168104071,2.06681196049,4.25007408381,0.0342983769625,0.213456806913,1.2487348515,0.0285834368505,2.81666813709,0.0185896536428,0.251415280635,0.437021956965,0.622360956967,2.38091205584,0.0566476006806,0.0882855413109,0.663290998563,0.0044464994967,2.82038647622,0.475981235504,0.00216372895986,0.147265287843,0.396482155658,0.665969994962,0.129519362934,0.0994032016397,1.49082746439,0.169735020669,0.0210136255622,1.23003403673,0.378921190165,1.53443679959,0.43065464424,0.0214304900169,0.0567567238305,0.685505311787,4.63240796566,0.672518063188,0.117464161503,0.946073321309,0.641287569851,0.519971067533,1.18328902096,0.00144010037184,0.288351205066,0.937789365947,0.0331630834565,0.995288163573,0.0121504002064,0.126613411009,0.250006429553,12.0014694214,0.325474766046,1.24824925451,0.186399997473,0.0142675748467,1.08739044597,1.7409998405,0.537605790347,1.07318862522,0.269561365396,0.135514406934,0.0,0.142154726908,0.189115602747,2.45702846885,1.50707398474,2.39385112226,0.0204313820601,0.278879622146,0.0743233342934,0.259953692714,0.00255857259035,5.28134962231,0.104242849126,8.94118462324,0.0199199941754,0.107940930128,5.22979643106,0.00540511045605,4.66304611444,0.546703259274,0.339060759544,1.94261182129,0.819536790298,0.159754760414,0.126598754823,0.38072884365,4.56885654449,0.149051497877,7.37958847523,1.17321467549,0.0771687448025,2.03977875575,0.24811491847,0.0838758476079,0.636388380816,0.0,0.0561147961766,0.0997286274564,0.0123738475144,15.7775029182,0.288391226697,0.203285943777,0.791710207835,0.984597511031,0.0624798099697,1.25911134332,0.0751328711957,0.518765401989,1.34888944719,0.0474100521207,0.744306536876,7.93495997429,0.0704878526926,0.0,0.270263621085,3.42395568848,0.606294771144,0.67300438134,0.190503533818,0.333718185723,0.0524203779176,1.81488084272,0.0619314952195,0.0,0.0,1.62457151875,0.0302187531814,0.516183700264,0.0240478535742,0.052348075062,0.24255777292,0.577789835855,0.0196210926771,2.7870619607,0.240030500931,0.0197649669647,0.451644764189,0.24794275552,0.238321810663,0.0247809398174
33,0.302007410824,2.32387323774,1.82147885561,3.49064541876,1.10277904838,0.23098629795,1.44699196696,0.710248584002,1.65540212475,0.581901989058,0.97379096102,1.05723493695,0.175251666903,2.19967071235,0.655961430334,0.222183219343,1.53875333481,0.506699958593,2.01451035753,2.35437159032,0.228756438252,1.71990127102,1.49493502152,1.03150647988,0.207623398378,0.18658130765,0.864913005829,1.52904199123,1.62412173279,1.38072003335,2.85848273784,4.10558156699,1.43159668826,0.778153662607,1.47443219401,0.235744705647,1.61451499432,1.03146449566,0.247276303552,1.19786962569,0.410071831942,1.15741241187,0.796372009218,1.15660116471,0.17055424735,1.83370179355,0.931902689561,0.738059595525,0.0720094721764,0.468270631731,0.0985080112517,1.09024859443,0.376734168753,1.6645971217,1.13266373388,1.18961100772,5.01292781353,4.80403107159,1.30333530962,1.90709192872,0.932981010824,0.110577508686,0.0856347650848,2.21311350837,2.53671245091,2.26188900381,0.157867062613,0.986566584557,0.948533412814,1.89659887873,0.837558713108,0.924057584405,0.509556479957,0.681914120764,1.94454344064,0.427527849674,0.433439458348,0.760434064614,0.628593555838,1.53952082089,0.499887844471,0.371195053617,3.57909872413,1.48951889157,3.60807447314,0.420488296393,2.6757010876,0.321764207464,0.241163584292,0.444975283071,0.203898574468,0.0471308872104,3.02891576409,0.351339882389,0.25764701806,0.636759241521,0.574126670361,1.70316520352,0.272852463964,0.812824197412,3.2243528026,0.274182888791,0.594847859032,6.75215539083,2.69490670562,0.0606936522201,4.05304536581,1.15544685543,3.23905166391,0.308719942719,0.166943377843,3.70275579929,0.483038046947,0.446787687624,1.08758831315,2.08453692243,0.0569403737038,1.21614695713,4.35428222716,0.114522942305,2.30135332435,0.156164397448,0.0895171876438,0.678295972049,0.238998546842,1.76184508522,0.32323729068,0.3659999617,0.19213830471,0.211541544562,0.0270165782422,2.32687810749,0.920877695531,1.64775223255,0.54086454388,1.39212322116,0.748639929034,1.85694316491,0.191359726489,2.04920060843,3.63881482065,0.9323777318,0.0581423377618,0.443954876289,1.0196494922,0.608579697236,0.270951988799,0.168734364212,1.74040211776,4.59826155663,2.03474026054,0.930849438633,0.323164365329,2.73827993453,0.328456989378,0.59474144388,0.59508109346,0.503918236047,0.0205587941408,0.0267047413578,0.206032780576,2.7734914203,0.531441868842,0.423879697397,0.224227149114,3.64672567606,1.90612745881,0.481340655535,2.7043703397,0.379980634004,0.45397767812,2.84958230898,2.58508731961,0.980941592678,3.63505268618,1.66190322629,0.202707359809,0.31558923699,1.05474513441,1.20162516817,2.95830698878,0.646042997316,1.78108407985,1.46152614623,1.90622084618,0.495940040313,0.238429414704,0.622298276685,1.67041569842,2.44938033564,0.07334359108,0.286666589901,0.301859542578,2.67668012381,0.881114194244,1.2755956912,1.46118734986,0.84017843619,4.35943363026,3.96202192068,0.349239321947,0.448538500816,0.33057260327,3.71391610682,1.17065902933,1.43531352296,0.148973622322,1.392782664,2.62613487065,1.85032957949,0.155550174564,0.243065152857,0.287892858833,0.740796806663,2.03507900715,3.12048872665,0.798576615509,0.514659852833,0.342957476526,0.842867122293,0.696214365661,1.64613894314,0.590732013639,0.762459095344,0.288512456119,0.18666133903,1.37675941706,0.0428380198777,1.49331260189,0.386140313596,0.14982817255,2.63779825002,2.34747493766,2.56123880267,2.37892731205,3.23282467782,0.891627398287,0.91279721675,1.59576117635,1.05840848386,0.459354948848,0.0829292247817,3.64301543027,0.266146761179,0.0813844392449,1.39026988238,3.37591992855,5.78926707745,0.545725507438,3.48577253735,0.16028623376,1.32797693864,0.889491292238,1.34837582707,0.295595693737,1.41601873398,0.811215810701,2.73893150717,1.0597006733,2.49939841509,0.369577722028,2.42534493506,1.77523627594,0.463783568293,1.0969982627,1.3059887588,0.127314226627,0.733002580106,1.02848554358,0.769939355254,0.350641012862,2.45485196292,4.09252015412,0.425178993288,0.363761977814,0.824369067103,2.03524224699,0.166314729303,0.249658671902,3.42060487032,1.67748042166,0.215117772557,1.21480261013,1.52802621722,0.449529324919,1.28562388785,0.307121531591,0.955922426581,4.09191648252,0.105025713556,0.389272577167,0.249944590479,2.66454066694,0.356038338169,1.66464237586,1.24065735903,2.47867770169,2.18743790835,0.880799794197,1.88971783638,1.42877368286,0.732045881897,1.19707238734,0.843900237083,0.0645306868479,2.91114155084,0.08617667588,1.49744724212,0.479052590933,0.113983353227,3.39633488595,0.888353577778,4.42859544367,1.48151288178,0.247708810344,1.20964527294,0.298332271688,0.328754661139,0.284515219182,0.023338150233,3.22194045186,0.717575456873,1.02343544394,1.55956790052,0.342196343336,0.628238868266,2.66696314193,3.80270186484,1.001298998,0.110765559971,2.04014831509,0.311609624624,0.911701710671,1.05752540492,1.09571727231,2.60592946261,0.628330804743,1.13486453652,0.733426600636,0.235567504922,3.67406604171,1.53920169231,0.801320524067,2.08284235954,0.0788695644774,1.67337618262,1.08467015699,0.458964505624,2.6837148504,1.98325987935,3.12011286996,2.50980690777,0.319982601106,0.189443507008,1.12707261331,0.536609595949,1.09737042107,0.615162031874,0.682621569633,3.07138518825,0.426606722027,0.203740225285,0.33807722833,0.364559169784,0.724921167567,0.0218287170943,2.71203417146,1.65080035955,0.358739802758,0.267445062846,0.575561532564,1.4120062492,0.549124136716,0.301200895779,0.221941939127,0.0909204690903,0.230186493099,2.13945346266,0.896975461282,1.20013565987,0.361202027872,0.106625320381,0.571353580169,1.50279132724,0.118109009862,0.0607911634445,0.0609328424186,1.69156030932,0.743459537849,1.04900292903,1.57629248187,1.58668211745,0.784510047138,0.322458614316,0.499483506046,0.483968210071,0.568942594426,0.500184461623,0.207351824418,4.44188647389,0.198283642232,0.509731293917,0.855978529491,0.542912398539,0.481558264047,0.261059475765,0.803044668064,0.249152479321,0.117799214646,0.523271906395,3.27980608247,0.966091392115,0.871796309911,1.99882706486,0.325169971138,0.246456828825,0.637470867112,1.38605377078,1.89602294564,1.04654182656,0.0303723356128,0.274333241954,1.28339172654,1.47772145033,0.902508917302,0.589098524153,0.313648652462,1.98722341612,2.03533384211,0.26953943938,1.05588938184,0.793480597362,0.393782226741,0.632802007683,0.333260463378,1.29916111141,0.383168582916,0.179239914045,2.98285606235,1.35041271269,3.57262926847,0.200053068735,0.420728897825,0.272537218384,0.365093624592,0.244605143904,1.21736503631,0.272766499184,2.97615775629,2.44945483327,0.595134177022,2.26467925459,0.284130984247,0.884070285261,0.134978555716,0.695751777124,0.271826467551,0.645305753537,0.266804682468,1.07858795851,0.46456148684,0.209581802245,0.341976862755,0.36734389808,0.574102389663,0.507861391008,1.68253667884,1.26370573655,0.362876839675,0.996406029984,0.126279970258,0.567880124897,1.13750863403,1.23136117764,2.22686402425,0.215786474133,2.16010632694,0.596301873699,0.038367003426,0.353600227237,0.274677851498,0.90147435531,0.530039614439,0.677770899832,0.327100341916,0.103715495467,1.62747364387,0.246620900184,0.238609685153,0.331902682874,0.741830116212,2.30266906403,0.144447817244,0.610096270796,0.766759492974,0.504188124612,1.18400192678,0.597443826348,0.480715623928,0.350439001136,0.301427491903,0.307413212247,0.54309390191,0.166681517512,0.683086419757,0.671458507776,0.691245850027,0.261325573027,0.923985909,0.0746804650174,0.938510847315,0.35799205415,1.37105084568,0.237795838639,0.343651231488,0.0696354325116,0.93019529257,0.268786504865,0.681917129066,0.0603364847228,0.910697314739,0.177677540563,0.570562192127,1.17669700942,0.780947886407,0.452635936905,0.556288970783,2.63614088565,0.528957150467,0.627340961695,0.331140785506,0.640379248336,0.122246564403,0.414487123787,1.04127126873,0.150886156335,0.198391655684,1.15762074703,0.791894922853,0.230566569464,0.0810559155233,0.492164952084,1.19819399714,1.84552619595,1.22655106477,0.303349859267,7.58529014856,0.803643867881,1.76612034373,1.70373539423,0.887434785701,0.354040117338,1.64526937187,0.225194741748,0.558788198233,0.285382746384,1.15616643012,0.865454149609,0.0117589583993,0.444887038441,1.44431770269,0.187847513743,0.521483038738,0.233965878366,0.281478771083,0.216001849417,0.354404280316,0.251404552087,0.0580949568748,0.68937581569,3.72229966164,1.20723251857,0.159455425777,0.183295721821,0.406261005402,1.60458523639,0.195813485421,0.339371477477,0.633207253143,0.0941756334715,0.396337049156,0.404065699838,0.184056631252,0.868539664745,0.085294914227,2.18604596496,3.71578928906,1.5247774676,0.718958878219,0.186634486988,1.03699456394,1.2941353853,0.0382268410432,1.17622573614,2.0872576911,0.399534853846,0.270510702878,1.0321412158,0.064917897284,0.518533318378,0.760434690472,0.0913254727051,1.6500720853,0.568760127495,1.56123641208,1.05594005091,0.312913139984,1.18563664481,0.729674918056,0.217300574258,0.0187945049629,0.0996276111715,0.3838488473,0.550732458513,0.185542477965,1.80254024595,0.0958107186481,0.384624049366,0.252266678661,0.121702691317,0.0385938781127,2.25829592966,0.536403125115,0.298189929575,0.684480767325,1.04271136174,0.530861707367,0.503096307642,0.784279775321,0.734213216063,2.25816206574,0.402049535597,0.276905270149,0.262735707527,0.275408299195,0.29046960935,0.338896330013,0.723651985675,0.178038981557,0.474277544934,0.834869692326,1.50919997633,1.07730841905,1.43833864763,0.691228808365,0.999381785356,1.88480958464,3.13977708384,0.293162242173,3.56736069659,0.509266362339,0.446859980598,0.635162118678,1.13968088537,0.0920028911158,0.285234673955,1.04623352475,0.960731687183,0.591455038982,0.479458375014,0.0540458965302,0.21968244464,0.726216031462,0.358920846442,2.98883381486,0.244605583381,1.01450032502,0.231795386253,0.114817345701,2.79036886036,2.15984677384,0.293240410266,2.68434967697,0.334415432941,0.176477055885,0.416752497349,0.0586362148263,0.86961510004,1.9943055661,0.765672084372,0.709213830493,0.436104003489,1.19816072702,1.81618841967,0.811301599331,0.472112785298,0.660734685995,0.0855724433658,1.13634717166,0.140213922467,0.81780732444,0.0,0.632417496806,0.436672850193,0.641861019055,0.334976561517,0.906545557901,0.362455371189,0.276896232888,1.57858302604,0.722939996123,0.32916535791,0.179102154174,0.283652973212,1.08945083052,0.241592976251,0.0758118750155,0.49850206418,0.488152465858,0.617079843902,1.03919913154,0.22381013602,0.117493097633,0.49486631047,0.0122162168846,1.40199886411,0.127364072688,0.532331449464,0.72560658332,1.40251512758,0.1612764588,0.541416395311,2.08202947319,1.2434807115,0.645794758573,1.81122871198,0.785270824209,0.420113321394,2.69956056993,0.429171253778,1.40699311504,0.215458683097,0.113589706868,0.179487208521,0.473032265492,0.245125281829,0.684739512317,1.98397619203,1.96342460781,0.336138361783,0.0820905229449,1.70840816252,1.1777769883,2.00993672691,0.255896336138,0.467799548879,2.02605719875,0.681048769895,0.772102397736,0.0974798612297,2.66699635152,2.05516701926,2.29643755496,1.70534985342,0.000741638428299,0.229098351672,0.018356314227,0.236783141494,3.21683462318,1.56268198967,0.91714440193,1.31490299039,0.274957086258,0.310544292778,1.54684420766,1.30364051141,0.328358699828,0.00710143588483,0.587423474696,0.322745788395,1.56111466169,0.498323671406,0.145283425041,0.300226701163,0.258020578846,0.702977495864,3.14720504284,0.342324554324,0.357862842865,2.15563337713,2.43206157513,1.71091167495,0.0949178963737,2.46898797095,1.9780867064,0.0711514758691,0.252059487365,0.168769919276,0.872999730837,0.040086631868,0.65982024556,0.0919808790833,0.0295521114301,0.641148271319,0.157297937572,0.471812700182,1.48495318472,0.0635965695977,0.151417748481,0.356972947549,0.345878947154,0.168569561178,0.239506016606,0.387202550694,0.92961530529,0.74028929146,1.08109640259,2.19130521297,0.531281600073,0.340550504923,0.276222250802,0.281691040508,1.07533184752,0.139656109363,0.297989952769,0.561510504931,0.371444071773,0.119926538039,0.488146283627,1.1335697145,0.452231097594,0.20635557787,0.547401624601,1.20877700216,0.297950652265,1.27609562065,0.712566176504,0.331115629766,4.09681227028,0.366780962162,0.216667553987,0.394522451088,1.5148874145,0.254908079021,0.148850254267,0.517455271371,0.188997467635,0.86645286683,0.314353795587,0.180725942589,2.25689310633,0.253729910693,0.616250020564,0.343624908887,0.330251593627,0.866255440544,0.33837031357,0.256648520902,0.186634036936,0.576763420282,1.47183342382,0.152822761439,0.250190950092,0.574552563354,0.648464194499,0.86352989018,1.16564975423,0.439616233427,0.0460672839731,0.0490047823731,0.270650614724,0.128541177325,0.323574475516,1.1668917897,0.446065682615,1.81204716884,0.0304761688411,0.0409297179803,0.0827629693598,0.242478882316,0.137827514522,0.239882162958,0.33443869343,0.596649251366,0.179628205821,1.09669255063,0.788706984837,0.0779140219279,0.228443886701,0.248702196702,0.477042725235,0.527413105164,0.228331189719,0.180375705808,1.11142998402,1.83004626419,0.244891173756,0.100964657627,1.36891076803,0.13156757345,9.81607468605,0.37275807403,0.369766792172,0.234846630096,0.62220223248,1.31619255565,0.470268136188,0.486706275977,0.205939030051,0.81967830915,1.77369527481,0.107276290134,0.114165858626,0.253589724898,0.477764687575,0.477967203707,0.181262385957,0.596358011607,0.354301385432,0.00885656185448,0.145568187833,1.09685379516,0.191951225287,0.472034469247,0.444288331866,0.52625914216,0.221540095061,1.69405422635,2.61081221633,1.56257928351,0.422686379403,2.13276375413,0.537628795132,0.059911602065,1.25161932465,0.338826506231,0.389630517848,0.999676888175,0.0579388336092,1.11017695123,0.646002539843,0.956251816452,3.2577139686,6.77970541775,0.0593780457973,0.58545413984,0.0061398646608,0.28256481804,1.61573349983,0.800854678154,0.426616455782,1.64486574562,0.413748404458,0.925105388761,0.0,0.229924668074,0.105515809688,1.67056982487,0.806094136164,1.450360502,0.0153380097821,0.863642150462,0.0701856837422,0.191143711284,0.0132186631858,2.72539075665,0.198506027907,4.69115176201,0.123705759794,0.397939723022,2.96103743782,0.372401061952,3.541552471,1.50242555499,0.301065007243,1.07879026566,1.14818839148,0.456534723788,0.0674740139395,0.359437647909,4.35488450587,0.618290965259,4.00009178817,0.98429225117,0.0613046465814,1.50428806648,0.45290678408,0.678397904187,0.261305553988,0.0567753227055,0.937970296293,0.0253702226467,0.414350581169,9.70470978558,0.169890286028,0.652480685189,0.617631828971,0.234820601344,1.14807202604,0.981254752278,0.804580196142,0.241917350385,0.904315445377,0.928757224083,0.191879715733,4.28920300394,0.13393772956,0.0278421139717,0.127976695746,3.13466726162,0.123277063064,0.671496925354,1.13780173,0.149642239474,0.39518361032,1.83835820675,0.131984136663,0.0,0.000901636406779,1.47107591629,0.395800698623,0.511331905723,0.0213407799602,0.078904624912,0.153383395206,0.640634715259,0.116318406574,1.77156577349,1.94909979954,0.142966821603,0.323325135224,0.860709966272,0.169943021238,0.0721264055371
34,0.121625324339,2.51348712206,5.24294557929,4.76325347185,0.232571931034,0.284750446528,1.52824267507,0.244213789031,0.70555744648,0.241106152833,0.357445257455,2.07052834034,1.27815047476,3.96585170984,0.558989965916,0.288471961841,1.70647929013,0.458112012595,2.91836437106,4.53236012459,0.0731720126234,3.29684149265,0.176033228654,1.70439842105,0.153246842921,0.0455261317268,0.0916698026471,1.79310780019,1.61288264295,1.16049030133,4.44649952888,6.8772324419,1.10053149914,0.167317503095,0.533708555326,0.13172266176,0.862432167828,1.18316337228,0.473558586091,0.360551724732,0.0542124128714,1.02417688645,0.474548658878,2.50800791532,0.297710206788,5.33713279247,0.119832408885,2.06799398661,0.152539258823,0.412859112425,0.42909834113,1.40086569335,1.40438519254,0.672824922204,0.515595402196,0.523326331973,3.10826950729,1.33871055476,0.535288691223,0.771906673312,0.674483883865,0.1606682296,0.402945573251,0.657826033682,3.21793854475,3.7790426755,0.0925980892777,1.13758078828,0.687571388371,0.0347430044785,0.845420720279,1.64390477673,0.105974245369,0.172782983172,1.74381893676,1.14592170835,0.581541192234,0.478635383546,0.809358382225,0.77619281508,0.643202392161,0.487330188751,3.61767485142,2.36887531757,3.31306040287,0.454933534767,6.46679080009,1.1246950841,0.500062790513,0.206495177634,0.718274107277,0.0863524867222,1.61796587825,0.720819037557,0.679712520167,0.33065366853,2.04693364382,1.23556455791,0.335682851821,0.059819887802,4.15073871136,0.851715750098,1.60090836197,10.7992172337,3.46389206409,0.327573931515,0.753864072636,0.208285647966,3.71929584026,0.450829825401,1.03015859127,3.77923304796,1.85026852936,0.257125725374,2.38872868419,0.0612843829393,0.232522450169,1.28285858333,4.97203018244,0.136051885548,4.64988401042,0.739500661194,0.0704605779052,1.99839029901,0.813614577539,0.297657209197,0.173599912524,0.23959627755,0.265559608899,0.396801277985,0.0211037194729,1.18897110343,0.362606513873,2.81666777372,0.917649275362,0.537682828307,1.45329146206,0.862181230187,0.702505540103,0.894198935479,0.529155227914,2.18083303511,0.0774129607528,0.655204291977,3.51016468436,1.19094047785,0.880216234233,0.896092190444,1.99113717675,2.18749911368,3.08012217522,2.33106451802,1.25211049765,0.776361278454,0.585820420384,0.215706686489,0.664904827308,0.952362754643,0.00405075311661,0.125030710995,0.41264687743,1.63337076396,0.893708216473,0.96107785441,0.303692388013,1.93051733494,1.06935368039,0.396172379404,2.88815497935,0.964341332912,0.407594764084,3.08516611576,0.69415522635,2.47561317444,1.70800872803,0.947048080713,0.0428345674276,0.130547543857,1.98773394763,2.31575686216,0.212298642881,0.174353753999,1.05379670031,4.51367738962,1.75759868979,0.357797647938,0.341786988676,0.914222723842,3.07328626633,3.07654705286,0.174132142961,1.17382867202,0.210354660898,1.55067409441,0.969858050868,1.57013717704,1.19948769063,0.326772593707,4.44004243851,5.89947187424,0.0696341220848,0.0360884137824,0.0528387211263,0.375541649833,1.07417978294,3.22755204439,0.172718021423,1.02732659459,1.15652227908,4.17316739678,0.15335077703,0.487785438746,0.378099574479,0.727721191645,0.458854808155,4.85056091785,1.50998011231,0.511448890008,1.01607960761,0.0327127498388,0.505751007646,2.0186273694,0.214137645494,1.09660469636,0.547059162408,0.376337232077,2.70733847499,0.0856326515973,1.32142153591,0.163182099313,0.124211375415,3.27270033717,0.607230732553,2.23610242367,4.61169130087,0.798408830129,1.33379452586,1.04656633884,2.81324786901,2.77469500303,0.0579753815103,0.301496892199,0.504720694292,1.16148888439,0.260013114586,0.430137308165,3.61881379604,4.43614500046,1.5847718522,0.449868700802,0.0,0.362250982597,4.10148648739,1.34749870569,0.156390295476,0.305714564249,0.890832492784,2.74276610374,1.82287431479,0.181170361703,0.41879312899,1.22669542193,0.0949832736328,0.605687829163,0.830634230524,4.45900805116,0.406883675903,1.51480672121,0.178851587027,0.86899667047,1.10546084881,1.22346499145,3.96024718523,1.35310658708,1.77482679665,0.268060752852,1.50226401985,0.207490140814,0.311589196622,3.57779683381,0.398551959619,1.01916450918,2.67532973379,2.58565364361,0.457836805359,1.58466586135,0.337109736875,0.660805738866,4.62809482574,0.128911129236,0.053536325962,0.191543334723,1.07460034981,0.357386118621,0.0753431902954,2.3576527521,3.34398678437,0.620045992434,0.00921475932002,2.0706303215,0.62092908591,1.25840062618,0.0800471172621,0.291373401172,0.242453256575,4.91677302837,0.0221969205886,2.64136639357,0.247429131493,0.531052907277,1.02511709519,0.363954595439,6.2443970108,1.7741734004,0.0645231770352,0.090972680673,0.470640415438,0.473950449079,0.681923035458,0.0108374667168,3.59793617964,1.77594220452,0.665474276021,2.37019803166,0.446108446792,1.16821189404,4.33968574762,6.48955461621,1.20082870603,0.12071352005,2.39201683879,0.583006326035,0.387842445411,0.556323801377,0.890789242983,0.474903125172,0.109910652861,0.139604246467,1.01217720151,0.683817734718,0.464617926478,2.17656618357,0.56844644621,0.214049825165,0.00827498242259,1.21209134221,2.18002800047,0.0335231693089,5.94143233299,2.55408651829,5.6164313221,2.43033124685,0.525071929023,0.105726470947,0.199352141879,0.181055046208,1.44343969526,0.101372909695,0.373825807944,0.583892332334,0.657849995047,0.0373096528649,0.269258941356,0.124985742047,0.409411848634,0.126632473692,0.641217456181,0.303659724742,1.48114339292,1.07775683314,0.0502718067169,0.863870888986,1.13564899342,0.553390055895,0.0389642977715,0.424938062206,0.189728536308,0.309988010228,0.13258702246,1.17235931717,0.239968326241,0.227411919124,0.127415891029,1.60101308525,0.342060065046,0.128630939871,0.0775235582516,0.328992184699,0.135662799627,0.043074999433,1.04880495016,0.0298377240449,0.641349504348,0.450583529435,0.0302873042133,0.828320081383,0.907301425189,1.75211890459,1.08708107784,0.985701003149,0.0969895334914,0.172369156703,0.250653997976,0.104184752665,0.00470105135813,0.293695596606,0.235563934371,0.685413048938,0.0434892128408,0.473264175691,0.543454317972,1.96536881313,1.2883463309,1.25720690034,0.323808770803,0.604356533876,0.183661868144,0.15727226831,1.10141055495,1.74742548645,0.0195816669799,0.0217748221755,0.0707308990508,0.0092272156477,0.45411520049,0.27046451522,0.0488398658298,0.0887262987345,0.214967371225,0.00668535538018,3.46675147951,0.769657245092,0.712945889868,0.370417631557,0.571560160518,1.00729888394,0.983263874799,0.193906274587,2.21354148328,1.49845457688,0.360260785799,0.301119616954,0.110579842106,0.207538978622,0.0330224184692,0.570381964426,0.143626420451,0.161324427724,0.640784344114,1.01205152884,1.0677064956,0.238100451529,0.0178928357735,0.21486518614,0.667545210049,0.130614277795,0.158401429756,1.9930163385,0.152604963556,0.517711037397,0.200900769611,0.203928529173,0.226604268961,0.00203336283565,0.0907133349776,0.153773424402,0.26607968621,3.88023220718,0.783551361114,0.0779131403565,0.0706906203926,0.576206877137,0.0709453953058,0.11282013379,1.35177013561,0.0011135722138,0.792037181742,0.241824139245,0.0136613448709,0.0415102080256,0.0940663853474,0.624936397113,0.196245240718,0.30305308152,0.529576114975,0.0884172867984,0.723059177995,0.534288831428,0.106281602886,0.243474216089,0.114459911324,1.60652337711,0.00351576693356,0.666384541094,0.05671073406,0.338211422022,0.56481044231,1.13066028434,0.117287908867,0.207605594881,0.0162754052877,0.395411193781,0.181455036625,0.181361402944,1.46153045267,0.452861011941,0.0761254268885,0.187896016808,1.13140786335,0.107020152882,1.51352384105,0.108847218826,0.376576935649,0.198590431344,0.231692958826,0.0242397667468,1.6683371266,0.416120077856,0.409679934932,0.186686992547,0.580039051622,0.183614915255,0.177358929468,2.8568753469,0.715223479122,0.0681577283144,0.512477700626,0.171758046513,0.640527201071,2.15451968133,0.0641604344174,2.05341119651,0.33407054238,0.148360740095,0.0461439297721,0.115805803458,0.751790710688,0.0180706205033,0.111475446019,0.338148849753,0.141488811076,1.07533199644,0.845632603839,0.348939936385,0.0495182580501,0.131902546883,1.95108544633,0.517085604472,0.39974420611,0.120298301429,0.418712196611,0.075518694371,0.107063920237,0.224262283696,1.53166649029,0.38663784368,0.295936537478,0.19543560531,0.00113553106785,0.843017461151,0.561080704927,0.393279166799,0.0155267192982,0.296756227894,0.276623520255,0.00911790467799,0.181912659258,0.0811574543267,0.127432411462,0.712029911373,0.100483147725,0.553755093515,0.127445477275,0.0482798604667,0.0611510447948,0.182260252424,0.0159102040366,0.142351561682,1.18060025573,0.184221227691,0.100458714701,0.185828235483,0.0664189652307,0.223403768986,0.0356382984668,1.57823483162,0.496820477322,0.307341822088,1.08672426075,0.214076386327,0.43882566236,0.610509438254,0.157664320718,0.0226026386023,0.706300725117,0.090669837594,0.122197006512,1.62026990504,0.0115361952782,0.356301901937,2.11515871286,0.0698096742434,0.666440672129,0.0699768613279,1.47963967651,1.4976706779,0.343374459147,1.97824655235,1.76979172215,0.144293139726,0.0201900538057,0.178018853497,0.050473440215,0.124212025627,0.0553526974469,0.669556370378,0.027263279371,0.0270450759307,0.0272347492725,0.070791352205,0.00460579626262,0.167049492653,2.41344711423,0.205680194031,2.27788310155,0.157986095613,0.169488203861,0.251735953055,0.229482629634,0.444187573232,0.430344022214,0.247720625438,0.218457730189,0.40158910349,0.231647449769,0.0601434664801,0.0667136617005,0.0487054789066,0.11941028893,0.369982429147,1.0216251146,0.120119377086,0.0232466029003,0.307762780637,0.755009287186,0.69305931285,0.577740585506,0.365419146251,0.0800160636753,0.155767641813,0.766124150902,1.17406544849,0.0230982920527,0.141182780899,0.0561089465767,0.477899105647,2.11123408079,1.6946956487,0.347115140408,0.122366426932,0.0575870863162,0.0438987681642,0.474656865997,1.43679483008,0.0325853545964,0.908309258968,1.03361954488,0.0573302578926,0.0979329713108,1.2973441577,3.35363954127,0.0406874212623,0.918274358138,0.267619979493,0.259762117565,0.0122918524547,0.0,0.0607311877981,0.0110767420009,2.16745699681,0.392100510783,1.12187431842,0.0083908353385,1.66061573088,0.888405748904,0.475124803856,0.874530851115,0.0112360548973,0.0420702688769,0.0712677592039,0.153978168182,0.0,0.296595762316,0.050030381009,0.610813488262,0.0952970068157,0.180732663609,0.562270488949,0.231271607168,0.00629930794239,0.101299322667,0.0484833163209,0.141414251374,0.280736318156,1.48224068716,0.0977709265193,0.119403344318,0.371253139004,0.664422001243,0.260631330423,3.9047552719,1.12734697714,0.0911489568558,0.0897111024708,0.100772557417,0.90046032533,0.454000643151,0.140154307773,0.32581673231,4.31791684866,0.0466065461934,0.0570836064219,0.1001403207,1.11679922868,0.104727832302,3.82354855299,1.52741107453,0.0929791917128,1.4617617631,1.97610336676,1.03064970851,0.86082517283,0.0341776229069,0.984686103687,0.209437270914,0.96519572814,0.0222075606883,1.55664013267,1.48751246929,0.0704186381027,0.192332391851,2.30977888823,0.133669792977,0.304114325456,0.510919957161,0.412736627907,1.30144383854,0.203288105838,0.0338669889234,0.157035943791,0.14254601337,3.5666192019,0.904001893276,0.574290377889,0.00116027891636,0.0948069739342,0.00215886324644,0.110319951475,0.45688180808,0.185513589564,0.013907635957,1.87721938774,0.0180338298529,0.260344661362,0.649764212705,0.0124591377052,0.140555230931,0.00531225516926,0.226433131099,0.138159381449,0.640952663049,0.11092272101,0.140683664614,0.0771190200979,0.633373414464,1.69167185552,0.868397938665,1.32254132651,0.60412595965,0.458916296214,3.27256405115,0.634284664206,0.0520914943516,0.551977952868,1.02197095637,0.0355376634374,0.516966047509,0.246141458577,0.118472959548,0.184629543647,2.24775524378,0.0214225368015,0.10828099113,0.797737778276,0.745847562999,0.230105733527,0.0128612217866,0.337462265715,0.232888126522,0.0464288434887,0.753061280064,0.528029094762,0.394054173306,0.132353671417,0.590575463101,0.783192726374,0.175671804696,1.87974977791,0.0175271618646,1.04299327399,0.165579053911,0.439798494561,0.0177294849511,0.0908777824044,0.0926332425326,1.16978746332,1.65025881765,0.853326325938,0.0758995405957,0.107121040374,0.633846194171,0.146810110882,0.167229916342,3.33425859213,0.281490508318,0.0204745490104,0.353549543489,0.103592112239,5.56525264978,0.337905891612,0.206476568207,0.405940131806,0.209137959126,0.0266200772207,0.149971868489,0.166069699936,0.405120403748,1.29145504199,0.0309219171479,0.111381715387,0.717758555114,0.411466018856,0.04780072622,0.215978046507,0.121553756148,0.483188600852,0.228623268604,0.0148055234551,0.117021707594,1.27171058543,6.42505626917,0.103987388201,0.0165582896583,0.198747386085,0.0625260697352,0.536589525044,0.370106691085,0.040169106368,0.00446658022702,0.0178684397042,0.0115790702403,0.297865266022,0.445039782971,0.000491689071059,0.210011755787,1.10027190238,0.106990732271,0.197176312059,0.0,0.117471215371,0.0601285415143,2.32504372478,0.972484634519,0.148109272197,0.277229467556,0.828372467041,3.87160667479,0.548280583471,1.44979009837,0.215125995055,0.207201257423,0.0984402440302,0.0502888347115,0.398657687027,2.71319183767,0.0514818093181,0.405874883085,0.0406431600824,1.10064669825,0.148678008392,6.91070812702,1.75161425687,0.60019262556,0.00579725563526,0.225638999753,1.10939875394,0.835457234979,0.748808960915,0.264831947833,1.07921268441,0.178140560612,0.0809977091756,0.13009245038,0.06820580306,0.157882426083,0.0526920978725,0.0485315217078,0.416225383952,0.0,0.0794467166066,0.0129434396327,1.33755063202,0.00101255729795,0.188082956672,0.571457053516,0.467712750025,0.035765645653,1.64543075204,0.900134707205,0.0,0.576520477012,1.40115780904,0.77933071658,0.115141707435,0.304565294459,0.210973646259,0.341327005224,0.0681548436824,0.0,0.751300693452,0.398013249636,2.73248700023,4.27832845688,0.574518399066,0.376893109949,0.134447704237,0.0,0.238691659234,2.22936579883,0.136742084324,0.42485686304,0.51087847311,0.0375139778852,1.3800149243,0.120332616419,0.128812361183,0.000507074482739,0.109087072313,0.897250046283,0.442515402231,0.0,0.323689724061,0.0121432977915,0.369261731803,0.0,0.139093780294,0.0746761660019,0.122504833937,0.0357117669284,0.855637109727,0.0637091040798,0.0430178880692,0.0891617774963,0.274699223544,0.0982995479554,0.382504503801,0.132019509915,0.647242166847,0.0550106161833,0.0726368270814,1.65551104784,1.31037910234,0.59181940794,0.757852286845,0.0420547190309,0.587163155526,0.0984779804945,0.0864687084407,0.175487254262,0.0,1.91604352087,0.00664607286453,0.659062470943,0.0395063264295,0.146170372181,0.823726754785,0.149843536764,0.0103259524703,2.49293304443,0.027975192368,1.17408113863,0.379973834269,0.714506533444,1.26467871547,0.545358502474,1.5102078478,0.270941977194,0.0687737741414,0.118124901308,0.308519803658,0.0,0.00276396900415,2.5065671625,0.0108149039745,0.857353125885,2.89165996253,0.0438917116635,0.0210863623023,0.0777697665617,1.54774174128,0.139492939617,0.0177827870846,0.0199737588316,0.12687479578,0.260450680852,0.565084405094,0.0473881325126,0.400625892729,1.7868839396,0.106982514153,0.00176234654326,1.95181792168,0.00654080539942,0.180268667787
35,0.0592564139515,1.89623110801,6.05110841513,4.7703998971,0.0855206776038,0.304188555256,2.3089312622,0.298345392495,1.78802280381,0.58694848679,0.503292756695,2.04934930086,1.34398356259,4.65986553192,0.426100171581,0.428068159223,1.60601840787,0.395856110379,4.17629199468,3.97366296291,0.137630585656,2.84970367908,0.303373182043,1.2203980118,0.102647245862,0.0654719567299,0.0365086814761,2.05161871908,1.36228833914,1.33499114558,4.60222747505,7.52603601456,1.05736961737,0.183413469307,0.843560286909,0.580111786276,0.813699577451,0.736947903633,0.580645124614,0.224692624509,0.00436380624771,1.4194392097,0.89589817537,1.66417455494,0.144684672132,7.02195981979,0.0532279226184,1.73583879799,0.177797825895,0.360928896964,0.0419971242547,1.54421821773,1.29986398309,0.923212156892,0.655249065161,1.21961786389,2.60816763401,0.819955027401,0.81208249405,0.683885758072,0.824914575219,0.349157216139,0.567388397194,0.759474037345,3.79039313942,3.34807897508,0.0268227761891,1.93265849829,0.586170966625,0.015666898191,1.06150949538,1.60014351964,0.0435152450949,0.19481192329,2.17939088807,0.873739034049,0.508509760443,0.444123661518,1.40830449069,0.89388245225,0.455978113338,0.874062947929,4.26484374523,2.3940732336,4.08073073626,0.61423371613,6.43306935787,1.13295980796,1.62122291967,0.11313111797,1.0509880564,0.0481940058991,2.0265448755,0.937937740199,0.35469202593,0.430866308287,1.43059654951,1.09533862084,0.542737790197,0.0730928936601,4.44523175359,1.18790153932,0.648062873036,11.7147278404,2.1279264164,0.84122534357,1.20716859415,0.232555015944,4.84687630177,0.569869726598,0.86599867776,4.16756633043,2.98152579427,0.401897945479,2.61312402248,0.0406758926809,0.677089834129,1.83039759755,5.02064053535,0.478370936215,4.33779650807,0.831220934279,0.145338294953,1.63237691343,0.945881000701,0.101476229653,0.261287491899,0.174961589128,0.27831208013,0.313640413135,0.00500486613251,2.47545368373,0.766439378262,2.78767585754,1.00342284173,0.381493534399,1.52613470376,0.359651206136,0.598965221494,0.859397733882,0.513462992683,1.95333113194,0.531901494265,0.96933328703,3.42742335826,1.75405566275,0.27933830291,0.389417228252,2.30497137904,2.47184461117,2.59103324056,1.92457901239,0.65373102054,1.19426746786,0.514940997921,0.171366226822,0.549004597403,2.23943431497,0.029769371599,0.100314541757,0.291236198535,0.890931343734,0.598737128675,0.463578159548,0.352091877237,2.52753635168,1.15444262343,0.457649866259,3.09240142707,1.02339043581,0.248671591282,4.83440100193,0.992545615137,2.9485374403,2.23484679013,1.31803410873,0.0355308312178,0.201326417699,2.43275921941,2.55823509455,0.189437349439,0.227625626624,0.11303841915,4.27141641783,1.77355550528,0.705047350228,0.268880916256,0.554112629443,2.25023621798,2.94474813581,0.0506835116446,0.651907043196,0.151994038522,1.83446190059,1.45201502424,2.97954024315,0.301980007719,0.205851861201,5.80393353939,3.66478669554,0.0750019929558,0.0232715332508,0.440217852145,0.313854595199,0.729821345671,4.45135612726,0.527669705069,1.38247420847,0.788609287068,4.44222569764,0.241964995326,0.523468515873,0.207809239216,1.22277611971,0.0765962806391,3.6839734149,3.08519942045,0.588075863607,0.889935125243,0.0756669598818,0.320883019567,2.73069672823,0.384541042745,0.701739881411,0.423344000578,0.120984410713,3.09843076229,0.340548398942,0.669589809775,0.107101051696,0.16713141039,4.64592952251,0.588259232715,4.48551141262,3.24319698043,0.959845650643,1.3639192009,1.4214935419,2.90260718703,2.54962987702,0.236312157512,0.421935792714,0.248338359445,1.13875737309,0.281677751802,0.527946036123,2.23437607735,5.96447099209,1.75985385209,0.226120683532,0.0106324273162,0.218214166537,3.66749376059,0.991854879484,0.0161707392335,0.281984268576,0.475835810136,2.63194805741,2.70162544489,0.073268176876,0.505328403264,0.815370226055,0.443988272417,0.571865214109,0.90931579262,5.20113898516,0.844655322582,2.80454970479,0.177193893194,1.6283851856,1.23877368927,1.27649903744,4.31692187548,0.882734848261,1.19513419785,0.255425865687,1.25322969675,0.25303362702,0.408190809339,5.60442170858,0.224934165776,0.715600303188,2.37443836391,3.64510623991,0.333945472613,1.96183612764,0.303357737074,1.03972282901,4.39873038292,0.261898761839,0.180128321759,0.162628056109,1.57099731594,0.614528148472,0.079066504091,3.24532812595,3.69214039207,0.326525723934,0.024450266473,2.00137775034,0.728871047497,1.95021429818,0.513599533588,0.211583456956,0.413730168268,4.59486243725,0.0487916058302,1.95179396486,0.229349623341,0.459111847915,0.864515505433,0.628045916371,6.50468650579,1.28640453577,0.145990047362,0.146788985729,0.510946241468,0.562134399265,0.284178295396,0.0176718723774,3.40440271556,3.53113162994,0.944572801488,1.68788310617,0.651906726118,1.51848967493,4.93393857002,7.05929594994,1.36614642859,0.0506045465171,2.59651104391,0.591787862182,0.8314189592,1.6865126133,1.03513975905,0.9332098791,0.123156297803,0.386824071109,0.560294071138,1.25845852491,0.589829619229,1.38002083093,0.819157741666,0.333265315816,0.0273581767082,0.695562356114,2.34102957726,0.0523406846821,5.63423450947,1.62047986209,7.50761285782,2.417447052,0.461392762437,0.161788264066,0.122556150723,0.143564026188,2.24485498548,0.0202858184278,0.122166524194,0.421585098207,0.553417561054,0.132252830509,0.24071663063,0.378398605585,0.196734790439,0.018115234524,0.300152301416,0.434284126069,1.19918464005,1.73357090831,0.149406797141,0.756176529936,0.614546913039,0.462034413517,0.0268600071408,0.297500858258,0.100077191889,0.245666860417,0.244760649502,3.93980123997,0.228379519945,0.306685503088,0.173250958398,0.94549083516,0.414845866151,0.0921226260066,0.34584257029,0.593732887059,0.3205691275,0.688194913706,2.43226481885,0.269045720673,0.886007766631,0.247710942514,0.0457712617517,1.08554874121,0.625613456387,1.58224490851,0.242754804939,0.399869148973,0.498160680784,0.183786138594,1.01540357262,0.0573260568082,0.00114141097292,0.424337879941,0.16503992863,0.352594793402,0.0681927456381,0.309135176945,0.195543369651,0.963439695761,1.1091471123,0.705498230755,0.1690153783,2.28036956914,0.291374999726,0.354716318063,0.485081365301,1.54930539489,0.0157539827749,0.0230905994773,0.340865802318,0.000619997512549,0.0557838922925,0.743978954293,0.036392159462,0.40619651407,0.381577413436,0.0899772453308,1.90151653111,0.327092877813,1.55282962477,0.29996862255,1.01207177576,0.140069643557,0.468150024116,0.269020396769,1.9316478771,0.992247953564,0.944108229876,0.0762964772806,0.124483497441,0.218440648224,0.157448845655,0.299000458494,0.105851792917,0.116742271106,0.802296696901,2.21589550883,0.361622571819,1.27955605581,0.156960141091,0.233294819668,0.234184222375,0.674397000521,0.896461046599,0.758017656505,0.52940101862,0.269106207043,0.930534006357,0.22589220807,0.322714243382,0.28847228752,0.130451543629,0.0595794558525,0.60835551477,3.30948751777,0.676695114151,0.455128785633,0.105132822543,0.188256578073,0.0869905214012,0.118409574833,1.70141833961,0.00323201693594,0.92301558286,0.526278356984,0.00559212539345,0.0701076865569,0.148077212833,0.84068435207,0.271774296239,0.537200625911,0.169453524277,0.121989283897,0.44493520841,1.93620401395,0.0588232958876,0.0926415034942,0.0827359908819,1.2192055811,0.0109425453097,0.283466920238,0.0455802259594,0.356691497862,0.173253172189,1.64259842712,0.141805004478,0.532423399612,0.127986061871,0.60781172581,0.29977503106,0.326012913957,0.794588610232,0.453317249715,0.152317674551,0.172069485039,0.459182767272,0.0419144270662,1.78615527093,0.200034055058,1.69114097476,0.947727065124,0.266233485192,0.0397012609988,0.282044052482,0.393380090818,0.371488157213,0.285456728004,0.250076444,0.253437104803,0.094811465051,4.45375302315,2.32149935871,0.545971636549,0.852839979231,0.203016906381,1.92188075364,1.16219485134,0.159239969254,0.657908902392,1.07253640383,0.23578334935,0.444730404513,0.0225757300854,0.406230741069,0.195367464237,0.852582523897,0.685634237193,0.32820688677,0.632859247774,1.01077509627,0.341319258325,0.46864047274,0.224626273513,3.1609046673,0.921358150672,1.51235044613,0.389123074859,0.331555475947,0.118967948947,0.213469251264,0.597317314944,1.32943280861,0.435847902708,1.68326934785,1.23627540573,0.108239090666,1.16967926037,0.924837351888,0.306434812769,0.0852404605411,0.245107081681,0.251722990498,0.256057887413,0.0494900948065,0.0525552263856,0.824460847974,0.355483440161,0.0824941208214,1.05282372713,0.291012599296,0.983434026279,0.468922304213,0.294419857115,0.294821967427,0.245161748528,1.03410400929,0.136389507279,0.54695476749,0.187765726235,0.0811857025325,0.138357281722,0.185601903927,3.81001393016,1.23855779454,1.45193873979,0.864452389181,0.631104721427,1.03334936425,0.646210060157,0.39861796774,0.0981953808665,0.233451620638,0.0571931589069,0.0966334444284,2.36201192906,0.239895874262,0.529600607008,0.483009917773,0.0395007675514,0.219671661891,0.365632836074,1.05844916841,2.00426876068,0.223433545381,1.75453067634,1.9367647329,0.156524393633,0.0524647685885,0.123316641611,0.40511964865,0.238072973043,0.111717309654,0.168639557399,0.171255968697,0.0174306581914,0.0760333410837,0.00151784718037,0.0169097240642,0.237980289557,1.11673514228,0.465888342932,1.34618087312,0.771751869619,0.0575167149678,0.121813793518,0.0758378738537,1.05680273108,0.202166733854,0.370286754295,1.21642061386,0.66424532081,0.168971733255,0.168589338996,0.0284742347896,0.196027896423,0.440130636357,0.260421553552,3.81400203109,0.0605578850582,0.51077760151,0.71149759612,0.647627383657,0.635357593633,0.540319744684,0.0973824410234,0.0665648961812,0.336060558371,2.70124539852,1.48380113361,0.016430520229,0.206960193217,0.0527205932885,0.373483352205,1.73451792786,0.651714650756,0.919811740816,0.120827946587,0.0715896283276,0.0380021914747,1.2913290748,1.5074229363,0.230006786194,0.291653861813,0.273954151301,0.331572248079,0.169303261787,0.910656496659,1.72922194451,0.165445048735,0.609511660766,0.0555423600972,0.520171277523,0.114344147234,0.00250796839595,0.260912593629,0.148522877097,2.26311075926,0.583402119596,3.2207155776,0.368299354315,2.62047222972,0.879689750522,0.137495881729,0.548400378823,0.0242058892548,0.099779056944,0.183219958022,0.354023433179,0.0,0.337789935134,0.0614271225221,1.38196875984,0.707610001992,0.0847080733627,0.958464559615,0.484426031415,0.0508480882086,0.0466846393701,0.190254040845,0.311762305661,0.254489196092,3.30487074256,0.158116472177,0.0385230099969,1.78076155871,0.634666510969,0.137519813771,3.5788858372,0.349717819132,0.129111988414,0.119856071137,0.101857423186,0.880193026364,0.0820518009365,0.238094147667,0.671758647542,5.7046915102,0.00872518911958,0.154488625862,0.0654351678072,1.80918201134,0.105739918426,3.6357095623,3.1023023653,0.0728488945542,1.87390767038,2.30213040501,1.24967464805,0.857774858115,0.000178342349827,2.25711127393,0.0705906783324,2.6312514317,0.049601213932,2.36740951896,2.33345332615,0.109256063169,0.0252451020479,2.22117725933,0.0965138034499,0.375552559991,0.869156971946,2.31772554144,2.13183030993,0.0998409257829,0.143709032312,0.630182455406,0.0528639882803,5.06698523521,1.16855537616,0.402701592296,0.00300642870367,0.101636466011,0.00358378443867,0.167004364246,0.568533646017,0.381878336444,0.0126931865513,1.52035752358,0.0296925693005,0.386734739002,0.902636472061,0.000232380852103,0.300161380819,0.0113978814706,0.307964085044,0.0427615411393,0.997289167792,0.228044596687,0.179125632532,0.125609298758,0.842355677243,2.4511534223,0.558692029454,2.17712606668,0.714846449867,0.389642478749,2.84161824919,0.381446764786,0.0183128570206,0.329942862615,3.27978319764,0.135000208504,0.504020634741,0.383441545963,0.097080540508,0.0826989761181,1.5507410221,0.00416796833277,0.0634556813375,0.251568792006,0.757999715044,0.402720193118,0.0904996382445,0.0487607028335,0.185718227427,0.115831103995,0.349831373133,0.405030447617,1.15751673961,0.141183310747,2.35366316503,0.699665893309,0.234367718026,3.02816302687,0.0486281489395,2.01680096447,0.162908121967,0.556316927485,0.14602917973,0.00682842619717,0.0371115493774,1.76568905562,4.80205723763,0.976513914466,0.0568065385241,0.138699450493,0.304081094041,0.355083033836,0.151655954402,4.50257121325,0.117491840832,0.0102058939077,0.416340387762,0.256423046812,6.99036113739,0.0553569213301,0.01679439364,1.12568234466,0.200396179836,0.0642006379738,0.40834366193,0.0678301847633,0.235667689033,0.69471955929,0.111365423258,0.188250426482,0.786835834198,1.6199144645,0.035532280039,0.294366820082,0.289709030427,0.690047000945,0.289056098927,0.0856090561487,0.0287267971225,1.05065237013,9.34666657925,0.0788516633585,0.724043304026,0.110507832505,0.112519079894,0.376039694417,1.37382780809,0.296481587742,0.0265280384943,0.0714886693656,0.00187368296087,0.0635171297565,0.535741989426,0.0199964751303,0.039721435234,2.4676056394,0.541467953883,0.116460904609,0.00109325446188,0.248805848687,0.202533747405,0.898007575911,3.4353227222,0.0243434361927,0.232251876649,2.18976872802,5.72811398625,0.932459214162,1.62146313503,0.443841848671,0.082788847778,0.036945704734,0.018330295831,0.247164459974,4.07630688831,0.20765302904,0.0536486496637,0.0602900426835,1.3911060893,0.00424685664475,8.77498368263,2.92122325957,0.164138119128,0.0,0.507401232347,1.60465596437,1.19566550836,1.22202951163,0.559663968198,2.16954266358,0.411202886309,0.224029663354,0.158989210427,0.0700594224036,0.0984244638181,0.0719984354079,0.597287832499,0.188942070603,0.0,0.0847685878864,0.074811103344,1.814793793,0.0,0.428709627986,0.338913435936,0.611717358157,0.0326547682285,1.54017193079,1.31119306423,0.0,0.603293844024,1.44292750344,1.32398537926,0.040713651441,0.153153953534,0.0184771562647,1.46490468606,0.00259445890784,0.0149422490597,0.310433528647,0.314423163235,2.2610865964,4.99416053534,0.46334523499,1.25817724526,0.0916164049809,0.0,0.277517564297,0.977120242789,0.067458165586,0.286375664026,1.05324933201,0.129728937745,1.07605148524,0.118982022405,0.0296499104798,0.0432502711064,0.0129754936695,0.420899197645,0.315377714634,0.000120158679783,0.317420564741,0.0480920705013,0.610296769589,0.0682393509522,0.316444255076,0.609709178507,0.151595013738,0.0428408896923,0.644978353903,0.0453894121945,0.131389528555,0.0453575026244,0.825016371533,0.160945393443,0.34040287694,0.127444310188,0.549936083406,0.0676216804981,0.394312634766,0.652365185618,3.37951609492,0.279027445614,0.540869520605,0.0454204082489,0.476317189783,0.0980442846951,0.330950278118,0.476597343609,0.0190779942647,3.35990039557,0.0,0.568805136196,0.0736907985806,0.680016537458,0.421842970103,0.189032846037,0.00598329734057,3.33360251397,0.00551972046494,1.49415520616,0.402889974788,0.167986759394,0.75163929224,2.64058513641,2.21946232557,0.152665550839,0.0202802485228,0.113473940138,0.0489567911625,0.0,0.0267873962224,2.39118789721,0.00133920047432,2.21377852201,2.24496950652,0.0442135348916,0.00522569622844,0.194298513234,0.466674682088,0.167677192539,0.0390246082842,0.123758721426,0.446732540578,0.196661690418,0.0145084392279,0.02764289096,0.31544175148,1.7054326237,0.469132736921,0.0288067150116,2.95147316158,0.102157693356,0.0651933123171
36,0.415065813828,2.99787636884,4.38549953938,3.82548022747,0.0390272631496,0.207515461147,3.5968391192,0.177555983402,1.49408269554,1.11624867111,0.660216897763,2.26260039389,0.890694015212,3.9081631875,0.570339273512,0.306671545804,1.87586483419,0.264196046256,5.75984168053,2.96523169577,0.103333263267,2.41349412858,0.183928794712,1.4148268874,0.825644624382,0.0915714882314,0.0714568634983,1.23856125385,0.496622442231,1.57614977941,3.10183747172,8.65944225311,1.5693795228,0.258870069161,1.12579826176,1.03082199723,1.67034701198,1.39272278011,1.3756834539,0.153423476107,0.0186810588837,1.21069270641,0.717783671468,1.35446438186,0.218544217646,5.77692176819,0.135631060004,0.659421154819,0.214256030917,0.296452484019,0.0588257405907,1.15887591019,1.18705884367,1.39695049047,0.687217022181,1.19624583255,2.48550159395,1.53029603451,0.829165539443,0.806284792647,0.835101647712,0.172450083941,0.269546103515,0.895079249404,3.5509110694,3.27009065211,0.0259932607412,3.01382996678,0.453164138496,0.0,0.586782427095,1.51910054028,0.070000817664,0.239942402123,1.93137529694,0.303882305287,0.262869197985,0.219375358894,1.52193400357,0.646623375118,0.289722134628,1.00556753814,6.29529375196,2.15554821342,6.41099121094,0.643917329311,5.31082170963,1.94681077741,1.3891585876,0.246535511948,0.418752806783,0.0109062569588,2.01071076035,0.683213724792,0.173475298882,0.397493610354,1.58640105143,2.35511338592,0.389170264923,0.0239632315747,3.39310571432,0.507466284372,0.129512226135,11.8244601631,1.24298336487,0.397257242091,1.93178823814,0.244348285943,4.31203526616,0.357061432293,1.58723393239,4.47662516743,2.05890510499,0.407686064951,2.02501766551,0.0247800254077,0.435224649729,2.10865307838,7.16634266376,0.380223699957,4.19600075424,1.30410906553,0.00429793775082,1.58808139086,0.849345682859,0.0378869701177,0.11349608954,0.321627425328,0.22386511419,0.536206603441,0.0161635863408,2.95060158372,0.831809188016,2.21588357747,1.41561500669,0.322220821753,1.12467123851,0.237196568698,0.319309802828,0.93829670459,0.724413796216,1.81102508664,0.113843315467,0.816405611634,2.88617304742,1.63075495422,0.223634906933,0.0917705868557,2.74492999971,1.65178185314,2.76328539418,1.67291221976,0.864471127428,2.13302998394,0.448745792974,0.172134059444,0.956066131685,1.66343472958,0.0,0.335774939358,0.340296517736,0.747045767307,0.279588514008,0.203929696679,0.508794573769,2.76444645643,1.06770244732,0.400805062652,3.12357607841,0.558671246339,0.175465480387,5.14621564627,1.70164532388,1.86768774234,2.23538285613,1.44006915458,0.0598885071371,0.198936964981,3.54790488303,3.56935562611,0.339295254573,0.169144756049,0.244335241392,4.14707400471,3.9024754405,0.138063708473,0.34196492888,0.720106017254,4.38134208778,2.44238511339,0.24148709327,0.736470526159,0.170839157477,1.79076799676,2.88966505229,1.73242765009,0.231697061583,0.347902040677,6.49467868805,2.39468999162,0.197317714505,0.0407363648713,0.335946599282,0.364341368461,1.11303837016,2.99495614499,0.177126557156,1.31957159042,2.10975568056,4.48560384035,0.154438034445,0.473357545435,0.143241283903,1.56942542136,0.266402398646,5.31134351969,3.5923983711,1.51226262152,1.06553454481,0.168175774515,0.291291348245,2.03451097071,0.369070378663,1.19847796224,0.626451519281,0.241658704281,2.14623708367,0.200469568968,0.812081833072,0.138520829454,0.324044803828,4.1240263024,0.43133344125,5.0442097187,3.48354084522,1.26924656346,0.249443228692,1.47952408299,2.71324052691,2.03964692459,0.0613627399877,0.268920833338,0.606442531496,1.9905734539,0.216131192055,0.343963391334,2.19412873983,6.04447389126,1.08855046496,0.393909504265,0.0,0.223111275882,3.23734889984,0.683478612192,0.122040080801,0.645764050372,0.254526730925,4.23787819862,2.51464741528,0.108272018507,0.265789462402,1.41479178488,0.266714410037,0.193188569099,0.746788851619,3.52541643545,0.249036971442,3.04204124689,0.0880872542039,1.32296095774,1.35847996093,0.86015575856,5.31924864948,0.991225923896,0.776407096684,0.11317092564,1.65363759816,0.226215115711,0.363699239409,6.19392590404,0.339291670695,0.811271730438,2.32715965018,3.12714369893,0.222586704642,0.943315227032,0.130661488648,1.66801111817,4.96798636913,0.157005642261,0.237613866928,0.104547425099,1.30763943732,0.52996941518,0.366631905809,4.46723712265,3.098003304,0.273696263544,0.0349528388842,3.23735838771,0.461804637397,0.696601890307,0.120784661993,0.0198898737226,0.205755551383,3.2362321496,0.101209747046,1.26135474443,0.378346928265,0.323465518914,1.10648761809,0.978952595592,7.14821592331,1.9142250967,0.102716800645,0.140521843955,0.335949883461,0.50858418718,0.563511483744,0.0,3.90783652782,2.60501842499,0.847086443994,1.72261066003,0.212454959089,1.39424656369,6.44155609131,6.95390547633,1.93175563782,0.431284669712,2.68824964106,0.259096999243,1.17175922118,0.706030919775,1.15196309581,1.2133748208,0.149111600071,0.352346455678,0.711447486766,0.608669940867,0.277993647847,1.27105972812,1.47894539244,0.679110279232,0.0170041978359,0.864493174702,1.4861782787,0.0500629763305,6.81919503212,1.87888186771,9.03455064774,2.64048891664,0.972435621321,0.1101572893,0.247534141019,0.123917501019,2.23861647666,0.0286124777794,0.307707300691,0.569719387591,0.899601379074,0.0153205165267,0.03643965289,0.063897125572,0.307276916346,0.179360654652,0.713593450289,0.556881866232,0.282834402621,0.91802711904,0.252152131945,0.947223442197,0.0403968952224,0.365730775269,0.0998933046311,0.0389251088351,0.207579790605,0.216618113555,0.0358960704878,0.659102133214,0.0815849570767,0.176703033894,0.195875989646,1.55298624944,0.205383117981,0.0477322750539,0.108530513197,0.175887895121,0.0976376092434,0.419767975062,2.19100040436,0.101748131923,0.707638622653,0.268497546166,0.00708422422409,0.708393714698,0.295073312744,1.98759399593,0.201470688842,0.534220242426,0.254971254468,0.438727568928,0.6279998862,0.130096361134,0.0395780059695,0.162477493212,0.204278752152,0.476631429642,0.149991445008,0.184649886582,0.243955656253,0.747421453893,0.385041667223,0.305885092318,0.17222361885,1.80749054976,0.209882488176,1.10386367898,0.224436842827,0.987264628857,0.0597131957859,0.00206455379725,1.16268434405,0.149805641659,0.0573985692114,0.950672783256,0.1252973333,0.359164666981,0.0733518263773,0.00136760771275,1.67314656734,0.128265289553,1.11292474282,0.306710243374,0.30871110402,0.216981502213,0.652582825124,0.617789627127,1.07924129877,1.51869015276,0.608522143662,0.272691653371,0.167125917897,0.279272418725,0.118010523915,0.362612409517,0.156827983037,0.100781543329,0.924758310914,2.09094159771,0.426605580235,0.323286204673,0.0840759786032,0.148910411503,0.510200810805,0.345917751491,0.603130157571,0.588331231624,0.210661568251,0.0854695576429,0.562121645808,0.0506450300105,0.870338145494,0.0927990236878,0.307297461213,0.0710046869516,1.01801468045,3.64254854694,0.511539981011,0.434600430699,0.155205267411,0.144720440283,0.102050678786,0.541113288254,1.26528248146,0.0160197818279,0.872141516507,0.377768767495,0.00727847516537,0.0907396308333,0.0355496653728,0.538577572824,0.41858838413,0.471738366634,0.102097961232,0.0943767991662,0.139389755987,0.929946156219,0.360746067166,0.257910090834,0.192904848491,1.60866612345,0.0310201637819,0.243033878207,0.0635563020781,0.107447584569,0.418555214442,0.81807073921,0.138819980491,0.199351425134,0.0817445107549,0.292977485172,0.369328196049,0.214436154962,0.342434137575,0.179445021078,0.0195674357563,0.180809109677,0.461773335412,0.0693473264575,2.33550869107,0.095659211427,1.39288633551,0.515734522305,0.138490797952,0.00874185385474,0.306958817691,0.224109722432,0.285480195377,0.0161373174936,0.175756259635,0.386359614521,0.622149777636,3.76493283987,1.89386185616,0.423829740018,0.328512894735,0.193897155374,1.61326663375,1.39195099331,0.134046713114,0.40061087884,0.298798216432,0.191596223339,0.582484637238,0.187146134824,0.195057149902,0.147709455024,0.252020312473,0.77011571249,0.110457070246,1.40192803457,1.01016947612,0.486723831893,0.135603461023,0.26333213357,1.49697169974,1.42400692634,1.15343044348,0.399550935328,0.405607535653,0.254043630697,0.0906789022684,0.263653440177,0.986008856408,0.164972215556,1.01584400728,0.073294057399,0.0369785098033,1.21763593609,0.959751475584,0.13915611051,0.0694968509674,0.112848149016,0.116906485893,0.107084184587,0.0396421402786,0.132297433987,0.0641743081808,0.422670452949,0.105093541518,0.486144067496,0.108934458233,0.0446370314434,0.0366401985288,0.310017874651,0.188227432501,0.267447289191,1.62848083541,0.0748764882982,0.155967774428,0.0960717678443,0.0596043773741,0.179441877231,0.276730358526,2.3977724117,0.766420953572,0.786939754188,0.349543123059,0.154149049167,0.560390871754,0.693305410761,0.267010987215,0.0454398969188,0.347540128008,0.195998402536,0.0887114022672,0.857998848727,0.0171937543154,0.575313768983,0.331851197723,0.0264657511562,0.597741385568,0.108767828569,1.73944636956,0.980817762017,0.0892583826184,2.16914371252,1.33170096219,0.12230189966,0.0758863811009,0.293590702154,0.0202748522162,0.252493399456,0.0494806179404,0.531461511424,0.0132794672251,0.0274320045859,0.0382310106419,0.124138051784,0.011615730077,0.332156014275,2.0909610343,0.602067117698,1.39960415594,0.490654297532,0.0263578474708,0.362411909476,0.0288610686362,0.768315409403,0.782718385458,0.257881760448,0.459980953778,0.291262329444,0.1095130473,0.0427692624356,0.00534068793058,0.30951860174,0.122452467903,0.472743190844,2.87008310199,0.123179921955,0.0159023159742,0.822838730142,1.16868035819,0.550868659317,0.355219520871,0.187896300013,0.287276725098,0.205135557726,1.11032059357,1.02936405871,0.0489482740406,0.0302249784581,0.0939378310367,0.343749985844,1.25508759506,0.926051319242,0.46530869877,0.0616819151118,0.195183233023,0.0744889701158,0.720995196998,0.699885276537,0.370524350083,0.400447646454,0.281306931414,0.101951498836,0.34094754816,0.841074826568,1.57028484225,0.071420940347,1.7329063678,0.247377270386,0.399148801351,0.209015596807,0.010627258867,0.256201954409,0.167779622898,2.21675901651,0.483764482317,1.12041736726,0.168571034288,2.67615575552,1.15850222688,0.333764908276,0.972196504138,0.133443583553,0.0480733569188,0.0349142997339,0.321123495915,0.0029752253741,0.268324825577,0.513427351788,1.27989464708,0.168228761386,0.31652619794,0.892028690837,0.0319267991185,0.0555414774455,0.186870385015,0.0212315258943,0.198033917435,0.201307364106,2.44534820318,0.0697758852178,0.0216469764896,0.613813709244,0.597914005592,0.134974490515,2.51736889035,0.699777456447,0.118020507824,0.534818731053,0.168717916757,1.0747012879,0.982371995188,0.504944856428,0.465486479322,3.62482046604,0.0540857717628,0.387200299501,0.135257972535,0.724221678842,0.328947754167,4.23264062166,1.84431853592,0.159802022225,3.55407873809,2.61983548045,2.57643489361,0.5824370455,0.0256753069162,1.11355024463,0.284222463146,1.05069601081,0.0193143653125,2.2386395669,2.86174778908,0.244116382673,0.105298186019,2.13900760651,0.246567718424,0.597331624255,0.624308050284,0.605852551833,2.47090468705,0.532053020401,0.0833404444216,0.492004399919,0.0222674529487,4.77537244558,2.91944579601,1.07984229088,0.0,0.116841161922,0.00703347168863,0.0754294470698,0.210728730857,0.192035210691,0.0583631218225,0.830313157029,0.0184565953352,0.227779280744,0.4177030183,0.0758555079997,1.02903564016,0.0187792663276,0.147798510119,0.0958203582792,0.968982280865,0.341658890937,0.700610345043,0.134657923337,0.771301168744,0.951350935139,1.37815164655,0.559685574514,0.531177289262,0.789046841636,4.55938693047,0.944264769107,0.0462880693376,1.63688771963,1.42355329882,0.192387017002,0.38642970386,0.148037693328,0.396816445328,0.536720375121,1.10470472872,0.0,0.288837514864,0.745409868862,0.44374730248,0.101844034242,0.0629431546479,0.0624558829702,0.126926342007,0.259488400742,0.0807745926827,0.497211467363,0.458261131532,0.172948746979,1.68561869573,0.0749702695291,0.116445394456,3.44942356622,0.0376965011563,0.426052694637,0.166979887038,0.639670818429,0.0692722684704,0.00636753204279,0.156327480078,0.851735630929,2.01140143368,0.583486622861,0.093577568084,0.381721939668,0.468111646511,0.618358510397,0.150631832974,3.82432617478,0.150332553051,0.0876576453873,0.53469510749,0.0965865512565,7.42380929947,0.403672612458,0.376414410621,0.461865626648,0.19633320909,0.0369345034286,0.185922435746,0.0639599394798,0.449609336369,0.0528589466214,0.020941090472,0.113058627733,1.96854415387,0.977320954129,0.117118957546,0.843607215136,0.0977553091012,0.797873044703,0.6199542908,0.176837779824,0.0508122050762,0.846313337055,4.52526965985,0.15835095834,0.0787352331728,0.398004855351,0.123327169493,1.12240778122,2.16017911196,0.0956201301515,0.067552387584,0.0304085327219,0.0791015524417,0.15187565207,0.123022782952,0.076259281747,0.132886253158,2.63116954148,0.122068558447,0.105325107276,0.0,0.271314457469,0.140920654796,1.24231403917,0.900683184678,0.241142171612,0.206779616773,2.24143638074,2.29143714264,0.501697821962,1.69417053193,0.296705467881,0.298362813741,0.191565664783,0.09216313757,0.283286133574,1.23542804729,0.274303176701,0.196214675289,0.104471863639,0.751421747506,0.0408306162059,15.2849776649,1.04826765865,0.662158707529,0.000106668761,0.39504189916,1.05649529472,2.38857727595,1.06406386949,0.23320740208,0.231001109984,0.0555954143405,0.310999634266,0.126812724769,0.104552649111,0.212228279151,0.00304841607809,0.290233186819,0.63105633162,0.0,0.0794302596524,0.0235290157795,1.84732073665,0.0,0.300820788592,0.179919634089,1.29927135319,0.281110410988,0.842157171443,1.78327707052,0.0,0.941909391766,0.356918531545,0.434386295527,0.0,0.077852436211,0.0591450215876,1.59643234551,0.0943616995215,0.0057644489035,0.559965574294,0.215464482903,2.90214397633,6.74447952986,0.516099186465,0.26046903491,0.0395394236129,0.000164896510541,0.274958068728,1.54668359995,0.137704645097,1.34411431243,0.769505338818,0.029304400906,0.692057760991,0.0564895802736,0.06786775777,0.0939059133828,0.00069772683084,0.350918453466,0.113420280814,0.0,0.228795558014,0.0529924944043,0.784456930012,0.0,0.825266764191,0.495545738209,0.21940842554,0.0563058470935,0.816257338524,0.0396482470632,0.0585204055719,0.0655663338304,0.961806199825,0.185627309233,0.610752845183,0.138521002382,0.241883032769,0.00718087568879,0.0757670311257,0.35821785599,2.58999406546,0.162132083029,0.547629893608,0.0204006791115,0.276886402071,0.19426594317,0.779930645823,0.119568009675,0.0,2.1354910019,0.0328538388014,0.0616324638575,0.280127526149,0.163085565548,1.1594349676,0.209310944043,0.132084957361,5.94040283144,0.00379221111536,1.29220246874,0.303957490325,0.163571544774,0.685481751561,1.22133454576,3.13659976736,0.245336231813,0.00141937099397,0.0174239060283,0.378017667815,0.000581416711211,0.0,2.56551883936,0.139366448242,0.502771205455,3.16477391668,0.0575670739263,0.00540033400059,0.0393659080565,0.787015038729,0.0188635700941,0.0362640822865,0.0844213956594,0.0466732722521,0.3109206599,0.115155014694,0.159820537344,0.231335517094,2.99098677829,0.558086033575,0.0544733336568,2.64842743598,0.0179523648322,0.0722986643016
37,0.120339391977,2.25485282332,2.0471306473,3.04884613514,0.229383923821,0.0971432460845,1.92953647479,0.0219262193143,0.5272551395,0.613624519389,0.423321949737,0.985932446606,0.818984309137,4.21644853711,0.401434137188,0.635690219682,4.26696475506,0.292017708849,2.53484616935,4.30081121922,0.33841482589,1.72326191485,0.798353022505,1.17324159861,0.0301609325409,0.0531967194378,0.0543553400785,0.610798276204,1.79883311328,1.50361399725,3.6901216862,5.0207231617,2.65099329367,0.168142891517,0.570748552643,0.122341132164,1.0252312696,1.35019393668,0.12255019635,0.347040131688,0.164212657213,1.80145115197,0.449553399682,1.52980399996,0.0322721804865,5.31391337156,0.188779792339,0.821356477216,0.271640635419,0.288120132405,0.0751140934229,0.551331547201,1.22270312876,0.953978122156,0.756700631678,0.477101034354,2.37273171917,1.73586718261,0.681361252442,1.34213480294,0.635891323909,0.0535339812189,0.193826576099,0.517277182639,2.92321422774,2.52458262907,0.418653228611,5.09696529865,1.23027460836,0.0110405328264,1.06856804907,2.84191159695,0.00083740465343,0.290507349968,0.710586780608,0.709877422377,1.2674077034,0.154774499238,1.23464209408,0.919577722028,0.305634578913,0.848887792975,5.11191153049,1.91737876892,4.41958931446,1.0690524633,2.76212940574,1.3901446934,0.196079095602,0.284699243307,0.212469139751,0.059733209312,1.27283187151,1.58188079596,1.07616478771,0.338886975348,1.53844736516,0.461108911186,0.517974113885,0.0262796081603,3.42537605971,0.629584691562,1.54651273374,7.54382825851,2.12035250485,0.0313341985643,1.55630975693,0.45030742228,5.23094607115,0.230486899465,0.413030137718,3.97546133637,0.887177855223,0.148419171721,1.81160880357,0.165438383743,0.19706112586,1.52175887987,4.93088856943,0.301427189834,3.00774343252,0.369539706819,0.0541603709012,1.2764366632,1.290040842,0.379940000474,0.69182889767,0.635157618225,0.11066887591,0.371216621995,0.0165307691693,1.9098521024,0.551103711128,1.2751109457,0.875841489136,1.15746801078,1.64988929331,0.736479122629,0.276970532686,1.01415490881,0.663421588987,1.73271935523,0.0767195028439,0.628921373002,1.06555218242,1.52263718903,0.258546422794,0.750839382261,3.90013309121,2.56733209759,2.71965721607,1.74690684617,0.255602183305,1.28542615652,0.229968899768,0.227578618507,0.527015082357,0.326508663166,0.0,0.0164736707509,0.827138965577,1.49100289315,0.708889814317,0.785835244954,0.32713942452,3.0311675933,2.66720389187,0.188865794861,3.59499398701,0.443543881476,0.645207878798,3.70283594131,1.04448149115,1.27605071813,1.74971875072,1.9970498161,0.134526733533,0.132610991709,1.97823566318,2.73362597883,0.751955051422,0.178548345715,0.281235744748,2.52032525986,3.23311606467,0.204028434716,0.234291567579,1.34927253902,2.43933427215,4.49508446217,0.0100386562943,0.787223421037,0.535743461698,2.43792076409,1.47846586496,1.75915808141,0.914870250374,0.488882919252,4.51253286839,5.91454448044,0.0183572461456,0.0456916756928,0.0219886116683,0.450200585201,3.28968365788,2.19843513452,0.167560542896,1.13286008239,4.10567670524,2.50056874007,0.0789506110922,0.496955333252,1.70498921216,2.75155970275,0.265820603974,4.30918533802,1.00549730084,0.527024419047,0.283612313867,0.149485579791,0.67142171979,2.28302915692,0.0833771803975,0.935610942841,0.492573713958,0.380767511614,3.31509508967,0.151531098802,1.24158938095,0.0434659417719,0.159339297619,5.61342367172,0.935768730938,1.51444478542,4.82004583597,1.1167783457,0.750268529654,1.95444026023,4.85467193365,1.74075951925,0.122887518257,0.146698797941,0.410215795469,1.16300995588,0.112741686371,0.309129432589,3.79853320599,6.16947075129,0.670246746242,0.830876713917,0.0,0.406818432771,2.97898337245,1.28867555354,0.0388673600554,0.60297217586,1.0711905615,6.83725608349,2.26455964386,0.161669925302,0.92319118686,1.86671266511,0.195368539095,1.17569794923,2.53471360062,2.78977065444,0.223677215278,0.598398576239,0.206521415571,1.03617413238,1.89260540515,1.8805842641,5.87005208731,0.682631009221,0.83589712996,0.387018549265,1.41884433662,0.449555053711,0.400588671211,2.26365935747,0.673002279699,1.58638760209,1.58912338361,1.6345891821,1.44858515322,2.75599173546,0.41696791321,0.532324431837,5.05342624903,0.106600785367,0.257874904279,0.216743886769,0.496336226761,0.787354440987,0.28247367844,1.99342454314,3.15022892639,0.539181475639,0.0932466709614,3.94386536837,0.408070264459,1.26281701148,0.104644690827,0.408447140697,0.00841027488932,5.19939562082,0.0986037749052,3.03763295412,0.180378407203,0.38489364624,1.42024841323,1.28933087766,6.32596378803,1.59686194658,0.158491814733,0.0232725644112,0.177135020271,0.436257331818,0.492881159186,0.00802941530943,2.96419550657,1.02268464565,0.337447777092,2.66118424051,0.740505561382,2.11238601446,2.98546939373,5.15173701048,2.28095245957,0.0272811579891,2.24883891761,0.907956245095,1.0264061188,0.28332602188,0.885396284759,0.57811549399,0.112405442894,0.398587025702,0.96226256839,0.5406386213,0.261214967519,1.83077214032,0.717403185666,0.813435775042,0.0060147815547,2.18670004785,0.834096414894,0.180352583379,4.1031172967,2.93620884299,4.72477681518,1.90812456787,0.319807927944,0.042936895194,0.344371271916,0.165477474034,1.6286309576,0.200444955081,0.0951249216497,0.45870778583,0.721453102157,0.021917107809,0.3503119596,0.186946896501,0.351719396338,0.151813125461,0.0640156256407,0.507038351521,0.703548832349,1.14068180563,0.106050111987,0.88544391863,0.376304187282,0.201131669506,0.395766880158,0.101313045074,0.073312488012,0.218171305768,0.336885742943,1.21503573008,0.0778579957597,0.0296642710268,0.959922760092,1.85382972568,0.475805191696,0.451479239129,0.214205506407,0.61794627693,0.466803873628,0.0774825838208,1.38501604896,0.760007533717,0.564543831646,0.527037962573,0.116503908634,0.973211111054,0.414928016216,1.98698600523,0.493175165402,1.33963152699,0.497439980954,0.16541751869,0.565410365704,0.222390465662,0.142990721092,0.212538706539,0.244854774922,0.662491486669,0.130238942578,0.251903962865,0.428858393347,1.44688739866,0.638602245189,0.747837057412,0.0921590155363,0.241802316457,0.417488106415,0.128299639672,0.922275934876,2.14220575571,0.0412629531696,0.034331455254,0.848739571795,0.00391687974334,0.240839638636,1.36564337984,0.0326606279612,0.507688441258,0.185336991251,0.108752691231,2.22412892893,0.425952552184,1.42273072038,0.620717365555,0.482484502345,0.687584505342,0.922457283139,0.115999254584,1.19433912289,1.53321777817,0.413757072277,0.474639443606,0.0155871707201,0.541822762117,0.128884360716,0.211080535855,0.127569374917,0.347127955202,0.287406605948,1.04942454509,0.214751582071,0.160963028781,1.03409227423,0.139150590366,0.7633097177,0.877712707948,0.709595457204,1.2335461165,0.390895636007,0.292775663435,0.246143003851,0.140888570398,0.107691406347,0.00726606064127,0.0531719933636,0.123619192435,0.330028186962,2.29786122084,0.898846349455,0.366227651238,0.389401187133,0.135271801911,0.105816629156,0.164013950024,1.55100592362,0.0531851303577,0.642182372846,0.669636225994,0.00574618525803,0.0828013113514,0.435747810388,0.362159602707,0.279364627209,0.435970848948,0.221355663817,0.183671295592,0.875775363836,0.343969903961,0.733560198992,0.132033890188,0.0105403465498,1.61650689885,0.0341397440434,1.0572805649,0.0585316973552,0.586072710901,1.30200438029,0.558476507342,0.19845632608,0.353689866737,0.0536313789338,0.653234274238,0.242313355915,0.890879921131,0.988551438153,0.99034899205,0.345775465698,0.425973282941,0.632898806185,0.460485446826,0.420122522167,0.0977697671205,0.16375034295,1.21185985625,0.449479325861,0.319647180662,0.883041180801,0.851891484465,0.295551177226,0.0968571555987,0.0259743175283,0.193424924165,0.223857217963,2.20827458277,0.60531293415,0.123932551965,1.38526933175,0.205708861202,1.02164370626,2.01580154955,0.0269109028578,1.05871702865,0.183099309034,0.0465090373717,0.0385570056364,0.331086940616,0.337454471346,0.119441815075,0.0634205561504,0.309161237758,0.0644967403263,2.17360822424,1.00668264953,0.811799708232,0.377246520203,0.135942778438,0.987650846969,0.689625052884,0.285512320474,0.322025233898,0.324158626422,0.203724006712,0.161647149548,0.389579199632,0.872301509827,0.112068774115,1.32423551459,0.355286390111,0.112202978134,0.720428415835,0.669530391376,0.173649759591,0.0676344168215,0.0883246418368,0.236354587786,0.0813011612929,0.0590986995026,0.220787096396,0.299082077295,1.27100399718,0.0233887724858,0.207033893503,0.196735489219,0.108415860236,0.415208581761,0.202911904007,0.0674616319314,0.199106710516,1.30298503965,0.342867327891,0.537193977274,0.722175959498,0.190136181265,0.158612589017,0.0275266086683,0.773659639955,1.06596183613,0.332574371397,0.534046886489,0.683850343497,0.414628175199,0.34310678944,0.581705157384,0.0386182400584,0.420257593542,0.144271486402,0.00387871801853,1.32606284663,0.0759786952287,1.40694541655,1.70321700424,0.0270088071749,0.85375283075,0.195179172382,0.991193526303,2.0900046993,0.106275267601,2.1851823616,1.04914222844,0.10560010016,0.655196235776,0.496072544158,0.133156254664,0.928225567937,0.067800392881,0.421408291757,0.132552823685,0.00267432739958,0.0326533615589,0.244565882906,0.0326175998896,0.205046508983,2.05324087709,0.280745045897,1.82124906525,0.582274939418,0.1922811988,0.240818718858,0.268111862168,0.351358900294,0.280336512681,0.440571949026,0.428006572276,0.377245406881,0.175473383218,0.108908580467,0.0498574495688,0.231379043516,0.276096194312,0.644870009231,0.752101200968,0.277449429184,0.0492431423813,0.129361647218,0.311146871243,0.366779002781,0.55852542609,0.216209786534,0.0629575332254,0.104591136687,1.70084411398,0.362046335936,0.0350591127574,0.0682022796571,0.198319052905,0.509922644524,1.50163448393,0.422155935839,1.19933353931,0.129522123551,0.659008838832,0.00269553107442,1.3593495943,0.326394087207,0.0499043545127,0.550247006007,0.486601990387,0.0561492913961,0.363299196614,2.94701285243,2.1448887217,0.187493586019,3.71397138715,0.606275139004,0.373560238997,0.210856925547,0.00265161450952,0.123734153816,0.175689780936,2.10965772957,2.23970172741,1.15996462867,0.0878995626047,1.9041241008,0.951557300407,0.861556004006,1.93385257863,0.0489234977821,0.00557017639279,0.0959804321826,0.0584728241898,0.0,0.459227741165,0.889575440213,0.928170525432,0.234111051932,0.587750917375,0.345637494139,0.147290301025,0.109862647001,0.191366246678,0.127707071221,0.52570531982,0.019770162229,0.937629658952,0.0396080844477,0.0998867347557,0.932669366598,1.3194298679,0.268107960694,2.68690907987,0.750907439422,0.0158791810647,0.686676789839,0.164892398641,0.309214029751,1.21448650658,0.783139564302,0.296272889189,3.21498370744,0.0423226829711,0.215351790488,0.318617763352,0.510202524662,0.952230647337,4.16761901319,2.23289541304,1.55318545644,3.82658277631,1.43472673625,2.91954719678,0.464562203288,0.00130988297722,0.842652307171,0.29247421178,1.16171617708,0.00286531299353,2.20118006051,2.66444576517,1.11741859883,0.0856194053218,1.30838166516,0.668777891956,0.320554854036,0.829864856401,0.643827766851,1.11242683791,0.37245339016,0.115281885415,0.527290958837,0.219403556271,3.30307579517,4.32672366358,1.59818045488,0.000189987886697,0.0724429475609,0.0244939479139,0.0181620505132,0.455430045938,0.381058082655,0.0494813886657,0.652822793573,0.00407484259456,0.4459103892,0.456175915748,0.00463057458401,0.925513881296,0.0397161823511,0.121759007648,0.133463672698,1.3050858339,0.582430312485,0.991756963953,0.140263853371,0.219669202954,1.22508000354,1.60134571314,1.17132018797,0.0508923538588,0.916460532094,3.09917641521,1.55803498831,0.0709712224267,1.15861819416,0.615266611986,0.190716537349,0.110230392641,0.471108477972,0.96823372826,0.931991850622,1.12600298549,0.253406360745,0.782890866101,0.647852796463,0.518856931683,0.640076015964,0.0535960852215,0.126773667485,0.33404522717,0.125496400893,1.01436726517,0.221586757898,0.439705017251,0.670835284479,1.53086934145,0.415307358578,0.286980513185,2.00375424482,0.210507006599,1.03561097211,0.224679053426,0.860399609152,0.0763933998346,0.00134758815169,0.367566402846,0.651423058256,1.70292421222,0.602964554578,0.349740391406,0.881015133113,0.528604431022,0.115441573225,0.245277309986,2.94306167662,0.136331675706,0.0166983450018,0.353803061694,0.107727475187,5.65843075395,1.02035877835,0.78020588696,0.394119744971,0.424475588776,0.101823439728,0.281580344383,0.0721431418881,0.684245616943,0.0913402463496,0.00641207575798,0.338770070709,3.43528406709,0.866913962886,0.00905454904307,0.908424968012,0.00868827693164,0.304525502026,1.4611855077,0.0311612079293,0.0177018402517,0.616500853859,4.23690871596,0.654910080507,0.0991660754383,0.0916524726339,0.181509313919,2.22375739723,1.83504754305,0.169402663186,0.0223615601659,0.426224922948,0.00374099899083,0.43802714522,0.157081889547,0.0143475399353,0.0949070751481,2.79589385659,0.15931902051,0.098385329321,0.0280123801529,0.0398509614915,0.0196243789047,3.34947902645,1.43802436419,1.51213093776,0.615756263454,1.66447331633,1.37346790195,0.453068840504,0.743279603627,0.473019185291,0.508836410344,0.28168347571,0.283317038585,0.269742833976,2.31001556963,0.207676362209,0.471530608535,0.0258813410997,1.08932153221,0.302911061347,14.6172210765,1.0358803761,1.5115877942,0.00733418047428,0.318559089005,1.17796712085,0.890664748922,0.752051098347,0.00500676909462,1.7705992794,0.291411709711,0.200348520316,0.141368197259,0.00320740044117,0.272933908999,0.0998907160759,0.113910472747,0.851013412792,0.0,0.289188356996,0.0135149668157,1.52894161545,0.13007379882,0.123573191091,0.444796176404,0.891494659856,0.260263600983,2.27560027182,0.78984637022,0.0,0.112509609275,1.75526955198,0.743352321684,0.0919337313622,0.422012768593,0.00692570924759,0.539575981498,0.0295584507287,0.0,1.96651858553,0.723576636659,2.01962188402,5.88389772415,0.210477088094,0.0158877156675,0.106999542397,0.0,0.226083294451,2.94001211762,0.142519296631,0.373084600382,1.57175487787,0.194808742395,2.33160568148,0.0655402603,0.2631697693,0.0356851730496,0.0636969483644,0.381941778474,0.357691079164,0.0152480262518,1.60560699582,0.174570428878,2.83918048561,0.0229601821303,0.36512719959,0.534261739189,0.0649723790959,0.205666172905,1.10411789954,0.0929399707913,0.138011808991,0.00098694473505,1.8381894271,0.377582351938,0.620421091095,0.0703862096369,0.89965050092,0.320581148192,0.100788545376,2.80402337134,1.35982877232,0.408867812008,0.63418976387,0.446158121303,0.374903116673,0.124065261818,0.277789933719,0.200429220907,0.35068021059,2.47276741996,0.00153900772333,1.40258139521,0.320886991266,0.125703188181,3.46142467171,0.0213794037374,0.0106343916424,2.8091235878,0.384668960273,0.927063499615,0.688888907135,0.151097313287,0.553987368122,0.316217841357,1.22215942025,0.136816897988,0.0,0.0105553714931,0.427679628059,0.0,0.111191124916,2.70564801902,0.00365446299314,0.118520319313,2.27158095101,0.0326030409336,0.0400614343584,0.00624011725187,1.48211471464,0.307616931349,0.00630239163525,0.15399302125,0.654358973503,0.705764883347,0.0570269773901,0.110485908613,0.887902988121,1.98510524003,0.0109144176543,0.113792809248,1.29510344326,0.0443811321259,0.059707954824
38,0.354117072672,1.06931619187,2.16180853784,2.28878957987,0.249909663443,0.439616471669,1.17729458429,0.354868064821,0.293010268658,0.739219690561,1.36556091905,1.24518002629,0.872302462757,2.47601427197,0.246986172162,0.800939436853,0.916293774545,0.366422019657,2.95772943437,3.39346520662,0.401839115322,2.36263117552,1.11512909591,2.23190290809,0.0863172395155,0.216853570938,0.192585659325,0.698786534071,0.91119594872,1.20803717196,3.63251043931,2.41073680729,0.960757622272,0.496134407669,0.673156934697,0.3604499707,1.21562940955,0.852982419431,0.0940304211527,0.318670183234,0.0326729685068,0.865639035478,0.459091850817,2.24816672951,0.186451769499,5.64386425853,0.443865557164,1.61931598723,0.19785684973,0.717436387241,0.140878910236,1.01167879357,0.999643934369,2.15783557508,1.33694436163,0.991756463647,3.21234388113,0.939462120831,0.582902917564,0.613450950012,0.729866186604,0.232195926569,0.139850161299,0.540684556291,0.619507044852,1.58544772044,0.0960058678687,1.07590987965,0.366366315708,0.124852702469,0.345549286902,2.05291052639,0.0466330336407,0.889236032218,0.395431358218,0.996906642318,0.349219317734,1.40226484656,0.610153049082,1.30426587217,0.153563659769,0.468314125463,2.97365022182,1.26027466416,2.96004935503,0.355413967129,1.74760763936,1.17820284363,0.374756988585,0.0713429849595,0.299295002297,0.137681002021,2.08483467221,0.56349339135,0.556484606713,0.332309627361,0.726689499021,1.40309466481,1.10064132333,0.0939528132416,0.795964284837,1.93321476281,2.37667325899,4.4080744344,1.16508722782,0.124574358463,2.40456291914,0.603761006817,4.04756042242,0.49705735663,3.2792448765,3.69339351773,0.600833388343,0.0743264195323,4.37202228546,0.3031325664,0.459041146475,1.72960838914,2.8079902339,0.276657905132,1.71438999251,0.796074842215,1.31842308179,1.94303913027,1.5438448596,0.206717610583,0.808549831808,0.627185099846,0.0290981631353,0.23946785599,0.0107062217966,2.0924458007,0.199977640659,1.64597768664,2.11445923567,0.913683767989,0.820398450755,0.36746338468,0.589917092174,1.14289674997,1.7320085597,2.02470159531,0.104289564788,0.437998918717,2.56248783059,1.34569928817,1.28623332545,0.517959267348,2.76273378313,0.73588522736,4.2553639555,0.685062230229,0.648502972573,1.33654940084,0.892534562149,0.0988341756165,1.1307546343,1.18615221135,0.0437756850198,0.13159998551,1.55329139687,3.62789163351,1.57817685783,0.304787141252,0.0785973209515,3.25565011442,2.50479647726,1.20043963812,0.621641213,0.582733370736,0.906860580742,2.81568378448,2.15056224555,1.98448639244,3.54682948112,0.206473927274,0.146620350331,0.0315490708873,0.754471822437,2.25313504435,0.72884309262,0.378046120815,1.18225087464,1.88030417204,1.76155393586,0.309313593805,0.27824028905,0.308230420575,1.38634254409,2.28448069274,0.021152081769,0.775189305842,0.905594257414,3.88090738297,0.517340220684,1.39849160306,1.32537703753,0.815601758733,1.32771896854,4.3144975996,0.0387808316015,0.0712896722928,0.160910982341,0.820981110097,1.02397375397,0.659916485122,0.848111494184,0.699706926867,1.30309482515,3.72167201221,0.376429036558,0.405498124771,0.206282826755,1.2856890063,0.560951149091,2.53952098012,1.00174020469,0.518941250741,0.629316646755,0.167883038335,0.316088475976,1.86424706638,0.570317742564,1.12075070739,0.574556079507,0.209546216577,3.85162840366,0.202120834664,1.01647798478,0.0308068666607,0.00706077367067,2.6779926385,0.851667672098,3.52851021528,5.24332778931,1.03670500517,3.36151171498,0.285603808165,2.92254836798,2.0265219906,0.298389050364,0.494050336778,0.382965094447,0.361713645123,0.245488690492,0.28193483516,3.58722679138,1.13312754706,0.312073617689,0.872104254449,0.0324994577467,0.857673238795,1.92004852772,1.2460806755,0.0664622999728,0.223154707216,1.02520121932,3.13041116953,0.736702196673,0.128452909309,0.490452167243,2.4828685835,0.280400075037,0.634210498631,0.795167698562,3.85185367107,0.0994654409215,0.519341393262,0.168259817995,1.7302566794,2.15059397817,2.59901088595,2.1075499931,1.46364332199,1.37120502442,0.707835381776,2.5268932575,0.136451917216,0.43626964435,3.96336310506,0.830495320633,0.467708141357,2.03141519129,1.5669980377,1.43056278169,1.47226044118,0.213091054559,0.619083894491,3.08808095515,0.0230487021804,0.562667658329,0.314072647095,0.476035727784,1.00471880034,0.363421232402,0.92842506513,1.69899985179,0.697559769675,0.556817655936,4.74632422447,1.01361959927,1.59382577538,0.14633427009,0.603313003778,0.0410562075675,5.31023346424,0.152062009759,3.26950462818,0.0760563388467,0.249793064892,3.54267920017,1.03916300654,4.31237366438,1.17875381351,0.0602550818026,0.0170855152607,0.513188990951,0.278232823592,0.528233839544,0.0906124645472,1.6349850142,1.17013088942,0.447438127161,1.16607998282,2.05012027889,0.146405948997,1.43828861296,2.52448151022,3.66395598173,0.0057543072477,0.915863575637,2.03689839005,0.447648162246,0.244471877962,0.538800723106,1.60987517789,0.0437528259307,0.711813823283,0.66132324066,1.11559393346,1.51793673933,1.62636746049,0.732372304313,0.518151567057,0.0305785962194,0.871425791681,0.339021634385,0.22178150218,3.46408257067,2.26385335207,2.2860751617,2.2031058678,0.857953275815,0.0187888159603,0.167011875231,0.239707930982,1.58020431291,0.342940615341,0.0325455340743,0.126369999461,0.597516761441,0.0203514139354,0.623226429224,0.833465759307,1.85226882413,1.56819418613,0.176837970614,0.190390021876,1.14240069591,0.611280838251,0.0290936014615,0.638778604046,0.872277979653,0.0517519709188,0.338705756012,0.768835691772,0.143343655393,0.305234118253,0.822872860692,2.13696073025,0.320633711889,0.357444416601,0.130735418461,1.84811594069,0.846762971207,1.27052892355,0.343465717938,0.651393025964,0.26899254255,0.197300790027,1.09733360887,1.13226715049,0.41319521755,2.8610590744,0.102711803354,1.16608239263,0.859640626684,7.83225652725,0.482977446094,1.44069677532,0.379765983075,0.0368045005389,0.718091550004,0.717349157576,0.0718116804864,0.725959805027,1.32333859503,0.257053976674,0.217226743093,0.285262631029,0.244623379335,1.32325476196,0.0798248434719,0.632270761281,0.241627896111,0.281446980181,0.183916071467,0.0472174232174,2.5114481765,2.05175056338,0.231273928294,0.00617384616286,0.349020818137,0.0375491091795,0.760180898458,0.717095262781,0.0278665549308,0.270718185939,0.697479893081,0.106227590777,1.72066674478,0.467839325368,1.64484311253,0.737259891294,0.348834443167,0.57987215057,0.953584835976,0.0967008809,2.63865290195,0.847593904287,0.167484107697,0.0445838950202,0.0470603680611,2.17204560757,0.940696470588,0.167195573561,0.147955404185,0.148812076636,0.0975016562641,0.434527879283,0.212465575337,0.175712530911,0.103670996875,0.13013610017,0.249540214613,0.273283866569,3.20719165772,1.07620863438,0.850670700297,1.09553384848,0.280097132813,0.335798927695,0.360297340651,0.075883217901,0.216231530122,0.783632117957,0.747575844079,1.52624595538,1.85114846002,0.0306257647322,0.0470060034841,0.646130640246,0.014217695538,0.181146734164,1.41298136175,0.247985588592,0.125292769372,0.744179788884,3.25471535325e-05,0.0287536656857,1.39506444201,0.796677408591,1.12544266403,0.40161384657,0.681434560753,0.519676370695,1.01309332311,0.123497632057,0.0503290868923,0.071436035037,0.0509783440828,1.37370134801,0.00689701795578,1.10730442159,0.14092066355,1.01560002506,0.965857331753,0.885527698994,0.357156040668,0.456968312487,0.344821804352,2.59716452986,0.482768533044,1.11039733235,1.34366759941,1.47067376859,0.240903783888,1.19451986402,0.388535942696,0.202433183193,0.631684999615,0.49092672497,0.359412610978,0.230025774688,0.361377551258,0.098563042134,0.590794298481,1.40025291931,0.287309209853,0.232496093065,0.156532066781,0.528720477112,0.0976392202452,1.35527225376,0.236852472126,0.290961749032,1.91932016134,0.142976877242,0.248231377043,2.1943915692,0.112218903378,0.73287488915,1.10917863729,0.0867916077375,0.231537069008,0.868635514528,0.228984510079,1.01070454933,0.496638463666,0.0423482464626,0.842841323763,0.873778786212,2.09096029133,2.78494067669,0.355634580385,0.28172709642,2.71397112161,0.824418369755,0.321337297061,0.0195404808223,0.146407448649,0.16184485313,0.15602836635,0.814575783461,0.962398954406,0.0884621410072,0.463081267625,0.570251334626,0.213790958747,2.66344436765,0.295250916649,0.029887226522,0.451459829137,0.365453850999,0.638109968291,1.62337433655,0.442420035601,0.195258228911,0.516248096526,0.698066748772,0.0854992575524,0.474559372067,0.0987624910474,0.332474613003,0.811241353825,0.340959632415,0.209811471775,0.976624083072,1.92444448829,0.403713003248,0.559062363803,0.408481109506,0.170315656327,0.086668415647,0.116881556772,0.264525019601,1.07538611934,0.189715870135,1.20516226947,0.569081982234,1.14502543896,0.152935272902,2.33905150639,0.0853177632531,0.359271442965,0.118064709697,0.225735800564,1.42551646948,0.536005997388,0.130795895774,1.8355678381,0.239855598956,4.04129249096,0.44250469014,1.0762147782,4.60834770918,0.180650739595,1.38684339844,1.18681799769,0.0900948797911,0.146682942994,0.103079830855,0.216499441869,0.272864046991,0.0411357731931,0.187491207346,0.250097413901,0.00512055963278,0.295501934402,0.579033212271,0.0804334689816,0.39409391053,1.63458773747,0.721436524955,3.11339964986,0.309146355912,0.134249928053,0.272329668999,1.02703221098,0.211968260491,0.133903926611,1.19779958844,0.288004685491,0.173982209228,0.665240703374,0.164119226817,0.0252446658909,0.0844092518318,0.0503557098247,2.50201232329,0.584201728329,0.0418080872297,0.447793510407,0.0713222355908,0.84393756941,0.581642032191,0.346554968441,0.223125231499,0.933329165652,0.18803179726,3.84821746945,0.0928420114517,0.0271941351891,0.0793014056236,1.12815071285,0.387320979596,0.524779243171,0.245807308182,0.467324917708,0.0736831308901,0.259335916936,0.285190352052,1.30889336184,0.38113079913,0.0800228582323,3.14858121753,0.259083857276,0.233936402276,1.95301602304,1.84307802245,1.80970681757,0.306305223703,0.973086877055,0.212011327744,0.212645360976,0.0269277474284,0.0584194687475,0.417406941298,0.181735692006,0.732754242234,0.134131936505,0.731333379182,0.604003235903,0.35764385879,0.209341723137,0.341392621417,0.85168912258,0.0654111234006,0.105817769505,0.278663898455,0.736079257941,0.0,0.30638203518,0.00552071411163,0.284449208379,0.393511589617,0.0532780142128,0.0750188936107,0.355854193475,0.040555381244,0.100232777968,0.0529375620093,0.245138034187,0.255016744966,0.575464596525,0.0103562792949,0.181672781799,1.49038736872,0.707845747091,0.505456174538,1.7016189301,0.444326931834,0.230027713571,0.512328185551,0.1770650132,1.34837307159,0.0262021426111,0.430974296089,0.59502709181,1.959471488,0.0255772296526,0.66624405941,0.440830089059,0.847805504799,0.0801580051391,1.37691341609,0.603390444815,0.529495325089,0.899031651504,0.484995381478,0.227212723722,0.863725474589,0.337562599406,0.695514798425,0.745757336775,0.697287598029,0.081108032614,1.34796063527,0.68541782354,0.330897025274,0.526782053597,0.462367420439,0.721251948718,0.354832119681,1.15462289244,0.499063918646,0.368866441082,0.172255101502,0.116852127798,0.445320130768,0.239793277532,2.26728050977,0.52858167429,1.44518727111,0.00119201682508,0.262707362804,0.0640271615982,0.137911432429,1.24200950261,0.401236327589,0.0281741474941,1.58438118331,0.01692183882,0.124823454022,1.26525860906,0.0462689877674,0.0481146463752,0.18154710792,0.394952800199,0.101696676114,0.349954330027,1.01561138855,0.207462080661,0.263582749814,0.0495566287916,0.902751695067,0.70779549785,2.03860465229,0.0806836663559,0.925449813455,0.812672595754,0.707996576577,0.292765824124,0.203843374774,1.21224230696,0.317274853941,0.261582557671,0.726361501776,0.140114649832,0.0722685839608,0.420410959274,0.00147616621107,0.421189965568,0.700451789554,0.445586929619,0.494125416055,0.299054388534,0.271956444345,0.0572973246966,0.20983086748,0.329370724224,0.299528641403,0.19255420018,0.0171368855238,1.49836262211,0.119579988867,0.500946751405,0.979013949279,0.177115842067,1.25794061184,0.36169067122,1.98742346883,0.119461901188,0.0654613952339,0.261113495007,0.564094637334,0.758742813319,0.599304594323,0.794182052633,0.360355448909,0.309543192536,0.0815924285725,0.175896118821,1.3702960667,0.0319790172577,0.383171438724,0.144833858958,0.256993185952,1.65654977784,0.0309228219651,0.0485067955591,0.228286233084,0.695663804486,0.197082923353,0.464960221015,0.219500988452,0.104944663628,0.491568905767,0.00556894594803,0.312680244781,1.08035732633,1.33509265989,0.571897342168,0.167559138779,0.0177827274986,0.152979099229,0.578276090771,0.308709208027,0.029613476079,0.253848132212,5.2316405654,0.0988537241891,0.159181072935,0.197438442186,0.107407588474,0.427465775264,0.636242204607,0.0370449029002,0.0299276479706,0.295545113569,0.0249138206244,0.25101229554,0.441405793577,0.136438270807,0.0687578568608,0.712637946289,0.0495388756227,0.0769694675505,0.0548959755898,1.10002983477,0.0,1.34254186554,1.44265325931,0.0987399088312,0.286822348684,0.428665399456,1.66553035697,0.573694308624,1.09294975743,0.268951181155,0.735907141045,0.589100278318,0.036612237161,0.194985794807,2.40557870345,0.808708503339,0.151110805376,0.0416676173918,1.15647301789,0.0569024480134,2.30967104554,1.79812704861,0.0499984571338,0.0959294953197,0.414300566241,1.08940156773,0.0638440701365,0.566578942202,0.400764108803,1.40758570924,0.960222397447,0.48524422586,0.192783200592,0.0877299391478,0.0168891784549,0.343327138573,0.134258431606,0.51674241446,0.00973851084709,0.174685544819,0.152724878099,0.131368212905,0.044345998913,0.0727218864486,0.929871512428,0.33663112849,0.735401079655,1.75209437873,2.6809829621,0.00077244117856,0.244629108608,1.95072089911,0.782608331442,0.029539948944,0.723027737774,0.12568835713,0.287451210618,0.0193519613426,0.000462677627802,2.65431453079,0.241543310434,1.63755819172,2.97966255032,0.31404465653,0.483226830624,0.444602099359,0.00693372933194,0.642296564877,1.48558400705,0.023390776068,0.155003864709,0.612798069511,0.631098734289,1.16440004833,0.0855392941833,0.157942619324,0.0211836586893,0.0853497745469,0.24062402606,0.309279307425,0.024354814142,0.476988085043,0.00400357216597,1.31445794344,0.0182076096535,0.241386516802,0.0783799800836,0.00252140671015,0.135867114253,1.11643237776,0.113591986075,0.406554830894,0.00245255291462,0.539198679104,0.000846352055669,0.0262262558937,0.106829525679,1.38870946318,0.277823915556,0.296758548617,2.25660529584,1.15535275526,0.446540413834,0.00668589770794,0.12955830574,0.971623910405,0.378074683547,0.00431337246671,0.986295256317,0.0184132766724,0.483131755628,0.0214755868912,1.4105889643,0.46175624948,0.0958334507048,0.227586006932,0.0216393953562,0.0236266604438,0.368690751977,0.0679354679585,0.382564053144,1.25831352046,0.324759089276,0.0463708277792,0.589594575316,1.32342914486,0.398577686772,0.0219033104181,0.120697569102,0.452009733468,0.0348440480232,0.172807203829,0.56114459604,0.033558524847,0.653052829504,1.57903400486,0.0879175068438,0.00694113463163,0.176410078518,0.718438981771,0.0785072042048,0.0346781527996,0.112293766439,0.130623483062,1.75158481398,0.13966157794,0.0433870726824,0.587251492611,0.633384980559,0.00991899497807,0.0971166040935,0.872867750674,0.203112083664,0.184365489837
39,0.24574605979,2.71722039729,2.90515596151,4.30290930271,0.235569769368,0.125261282176,5.58350075245,0.266155401468,0.665282612443,1.16558316439,0.461266703308,0.924283948541,1.20471648753,2.45996141762,0.517032564282,0.638084635697,4.01979447186,0.409363866914,1.91443292022,6.94414131165,0.273952839579,1.96070148006,0.774659725977,0.142280168384,0.00816752076149,0.0795820856839,0.0172298495471,1.00685818937,0.841995530427,1.66830946803,3.98185783148,4.55452930391,2.37024951577,0.206950186789,1.30490970053,0.112720062621,1.56208548576,0.919018620551,0.524104617052,0.0657799660973,0.0302730683051,0.682410339415,1.15413458556,2.08792085946,0.378698898107,4.9146961689,0.139828231633,1.28071076423,0.440918845534,0.238925006352,0.13995251812,1.006302916,1.26814870477,0.696120829806,0.865456983596,1.15779315293,1.66986873314,0.857005795836,0.459494500119,0.804735188484,1.01863101222,0.107395163849,0.135094505697,0.762318653613,1.63318423629,3.47200986743,0.0282526956499,4.41543756485,0.818625366092,0.111759989262,2.15523911573,0.788668440729,0.113797898963,0.451764104068,0.938861478288,0.51487517653,0.532693279386,0.623777657375,0.269900058396,1.26635229738,0.71809668467,0.549218036234,2.69950382829,2.80138857484,8.97084501266,0.0914711120725,4.02107497528,0.891634188294,0.308957289606,0.441958222091,0.568468798399,0.12435711097,1.70873993039,1.0505782786,0.356299391761,0.194264029562,1.08168739855,3.15275061846,0.983042950481,0.154378690384,2.13134561837,0.726889181435,0.601079380214,6.19231647968,2.23152281284,0.113668959141,0.874491258394,0.728039022088,4.47170907259,0.515256881416,0.700562049448,2.44903500319,1.49663758427,0.345680034459,2.11268452168,0.502965518329,0.290088985413,1.48834394932,6.00986558914,0.461890785918,2.72075713545,0.36027066052,0.40788457945,1.87520487666,0.982416722476,0.339869408011,1.61436210126,0.562256560922,0.149922916656,1.36604945183,0.005243011415,2.68292315125,1.1588196522,2.20135000348,1.25128121689,1.33689665318,0.312120080739,0.744468759894,0.258076765835,0.416572461873,2.38867642164,1.23750656784,0.0780491466075,0.922227165354,3.26194811404,3.64054987431,0.37970735386,0.435958562344,4.44532979965,2.51694021702,2.64101180673,1.77274944767,0.37226820156,0.52382519152,0.534702761769,0.151615127828,1.03579756439,1.78622402668,0.0129265305772,0.0651956231333,0.261048955023,1.33451648951,0.526555350572,0.969271043539,0.102231278867,4.14355872631,1.35913519859,0.349070598185,1.92011624217,0.389917060733,0.454114944488,4.5348228693,1.30579619646,2.33519583538,1.65147664934,0.759762855954,0.0739951474965,0.391437211782,3.06502763987,6.16590958595,0.361943073536,0.437285474641,0.431269424558,3.36061949909,2.18032816982,0.55793558687,0.830833627582,1.44485698327,1.4638394931,1.96934847474,0.0114405736327,0.592821162678,0.512100918964,4.02473769903,2.78431915998,0.900881850012,0.800271352511,1.3863430953,2.9462618342,2.34893854044,0.0403203208069,0.236601536199,0.265846670121,0.971691160202,1.88989317447,1.93957897805,0.348274526782,1.27734336287,0.906532744616,3.59081524014,0.119473366844,0.373068860173,0.232501676306,1.13609891742,0.55106651172,5.94226151466,1.35358888686,0.265293114334,0.382937619507,0.749976463914,0.169454517066,2.37763704062,0.156263673827,0.504949931502,0.244028613148,0.0911678992212,2.26486179918,0.294920318127,0.502095745951,0.0679695032397,0.0687307284772,3.48384763241,0.969409048557,2.67058029084,1.42385424763,0.389377894653,1.99251583278,1.00691224769,1.24400238633,2.30165436471,0.137813772187,0.200372242332,0.759665445015,0.490004650988,0.293687881231,0.411025719153,3.61228074074,2.79429219164,0.760718214512,1.19442570329,0.102094410211,0.447317261994,1.87379681557,2.25118694246,0.0348404511437,0.867698482787,0.359467139496,2.92153610885,1.50401596785,0.0185598052293,0.450405070931,0.778807623759,0.838890226483,0.373121407628,1.551376037,2.66654102445,0.144430928491,4.73290921211,0.223953589275,1.54469981462,2.97067940474,1.38341974616,3.03800326526,0.267125190911,0.406394311339,0.464219381036,2.45637673616,0.312982115075,0.592113155536,3.89930090263,1.19301872194,0.603276430368,2.85584270507,3.90341676712,0.562081815302,3.93437686205,0.198123307601,0.609474717975,4.2830074048,0.0834891402721,0.554377205223,0.124808894433,1.68165017709,1.27548531651,0.637659084275,1.7012112242,3.4104888308,1.0068782565,0.327650191411,2.27825671494,1.21345433831,1.65034963414,0.0846733897924,0.180393683873,0.0184121578187,3.48593695879,0.411827532351,3.04717342734,0.88329709053,1.06410819728,1.64037097633,0.754638061225,7.38637792587,0.770596411228,0.63725332465,0.132973542549,0.39017758348,0.123193562729,0.853411016576,0.0602245308459,2.50936718404,2.44745479822,0.50521149231,2.22567199707,1.13733015902,1.58490054205,5.11367982388,6.05234143257,2.82805036902,0.0975174158812,1.71971482635,0.705177520663,0.552458357923,0.474117590934,0.834078174531,0.575233173072,0.0705041205138,0.480709254444,1.83275600724,1.5463750799,0.716662582755,2.09515485913,0.640502419025,0.8330284895,0.0258582684398,1.940142259,1.25328155424,0.34210134849,3.70444637775,4.04742976665,8.02053145409,1.7444292078,0.677625738177,0.20536996895,0.370858758762,0.08505081065,1.12026480913,0.127453132123,0.509340040609,0.361064140629,0.475370578244,0.33207571534,0.446962457225,0.696108289212,0.598951828647,0.555923407078,0.175007439926,0.316060341448,1.30848307068,0.795774098858,0.447578439936,2.48375854641,0.169258247986,0.951640996635,0.295089102387,0.478582929522,0.389718387797,0.680684063062,0.197318368354,1.07964211635,0.128301223665,0.837552342787,1.71712150156,1.37073135473,0.715769938976,0.274878334515,0.345449482165,1.96350276232,0.642825834453,0.460856350958,2.12000899166,0.643242693152,1.68719621688,0.892486426234,0.187683972786,1.19395228311,1.35173059613,1.90496271759,0.379928221777,1.32791581348,0.40054152903,0.673005273603,1.53666336469,0.0860744383372,0.0706509785354,0.714951349646,0.363164214939,0.387941833735,0.366827253457,0.462922611311,0.316694166735,0.742604524009,1.14296703553,1.23631884739,0.402382140271,1.09477230661,0.181521306187,0.47395611872,1.24832528163,2.31203827754,0.0659149470367,0.257606178116,1.45046720415,0.44318409577,0.175565357655,1.63960696071,0.0112246875465,1.76062387951,0.671635962278,0.305024329424,1.04198827028,0.135575808968,0.575620960407,0.785430882052,0.328124856576,0.746499898434,1.00923684951,0.0989386474947,0.718198380023,1.4227348654,0.827280620208,0.388298678286,0.149915349782,0.352533695009,0.292286573201,0.570019312727,0.884688379988,0.406913281605,0.292397925071,1.72075990744,0.855353237391,0.296492073005,0.113398443311,0.160510520563,1.27094718233,0.500379045941,0.628099076636,1.52600990355,1.20441524483,0.583571659625,1.79272756681,0.452248141319,0.282872205004,0.480988177508,0.489970575795,0.808775131106,0.95070802331,2.7022869312,0.606259003486,0.509897086397,0.0998188274214,0.373448328339,0.00927274534479,0.477182014249,3.67455242693,0.110565318093,1.22877324194,2.32908545062,0.0299786859751,0.187856251798,0.538950664252,0.965864126864,0.449438088387,0.66786327228,0.347491867244,1.08464199141,0.290615906566,0.529889175259,0.479801381156,0.115384508967,0.111973917298,1.62347671479,0.302050144598,1.46385309905,0.0739216725528,0.391166448742,1.63234822653,1.17349728867,0.384029769828,0.513921065833,0.330238623843,0.813283970058,0.153528414816,0.464864798188,1.2628114675,0.332147771195,0.177461724579,0.433438885249,0.594709717706,0.145796127021,0.614205437582,1.42152609825,1.06206522986,0.657275045924,0.159774202351,0.0561515231058,0.15444201218,1.0365677616,0.159232683806,0.0345204240084,0.184223279208,0.635111239217,0.478302722424,2.93245086278,2.39592273083,0.47653838791,0.467368165851,0.567999434248,1.17187982343,1.60034529567,0.345519873649,0.334055508152,0.939607447684,0.121758771911,0.209492435008,0.574229847044,0.843038499979,0.582443229854,0.755896926746,0.121101867463,0.549679391533,1.05638018794,2.05398844238,0.629032031447,0.427416547816,0.675698405877,1.05163481534,0.800529549569,0.656148087382,0.399747971147,0.352276525529,0.412958060484,0.152821256071,0.694750366043,0.785594152035,1.12020036101,1.35794751683,0.174884695113,0.114701682925,1.59481896788,1.06560524985,0.0566955971718,0.335610160651,0.26137707077,0.384664339349,0.526834406629,0.107384082908,0.428443693072,0.266582679767,0.447028875016,0.224783594403,0.153083757311,0.235834091883,0.299373399355,0.322784462646,1.25626329958,0.418582616895,0.884640427008,1.77548131227,0.0972059259191,0.690247621685,0.308259474002,0.217461941652,0.206845752522,0.409512262922,1.76452823199,0.981135482681,1.09236500617,1.18000296943,0.408902286859,1.40056540512,0.606682096124,0.42939165825,0.341290026158,1.25065421239,1.04573850989,0.0919220139179,1.43615557939,0.423730269298,0.561201231331,0.458488169257,0.410866520256,0.530791468509,0.373086993061,2.29973183194,1.46532825023,0.249527966063,4.13453606367,1.55203872859,0.527102497816,0.475448751599,0.594606945142,0.920459217727,0.367436880879,0.522347117513,0.393397343382,0.150026871264,0.0139783973992,0.472522671521,0.109590364397,0.465363706872,0.570714987144,1.45893184006,1.12074602909,1.78115314305,0.879126067087,0.295980972799,0.678045717459,0.0281877347827,0.406235685199,0.442336496748,1.01544328213,0.868643514365,1.54096920297,0.237024430111,0.43522510089,0.00422471655533,0.127255613711,1.14139222421,0.829589491189,2.10724798974,0.392518397309,0.233771087117,1.24466980532,0.798325825855,0.485706665479,0.620025307834,0.462306349464,0.370863251593,0.517467342615,1.15537011899,0.569941138402,0.129564035349,0.0618305351958,0.161592242774,0.873061175346,3.49603845984,0.550396864079,0.226830481142,0.346150627732,0.133571923487,0.657142709419,1.82903952837,0.700395482183,0.395880866796,1.26938337326,1.99338478148,0.555074096732,1.35493140399,1.60694403231,1.02098995708,0.204416458046,1.20559224542,0.559591427604,0.238977206368,1.01984011542,0.128106822297,0.621788585819,0.0457449650764,2.01197799146,0.377667751387,1.66987089574,0.43661997925,2.14653658392,1.77840131462,0.691749473236,1.15678237139,0.305258125514,0.0113756048121,0.36590844988,0.667767978488,0.0,0.869189784564,0.242835226357,0.180556353405,0.188249398982,0.444415656328,1.04476978187,0.0584359637205,0.0646091537329,0.264025191069,0.263606164455,0.0902547368594,0.132880309229,1.95484205432,0.194325861931,0.0529645383358,1.51930403423,0.676248563081,0.13592423175,2.4123026967,0.687016345896,0.225490246564,0.714213565588,0.59215157127,2.14743806779,0.51730988903,0.356303503513,0.438734717472,2.55627348229,0.36396906354,0.643174170256,0.158921643551,0.689996833466,0.394575700499,3.9839016664,0.859814030938,0.253382536247,1.43774940923,1.1984908963,0.544260661807,1.48741262966,0.036983198747,1.25091457125,0.270527807251,1.37420385122,0.0691783115827,1.26347912993,2.27474729925,0.370143964887,0.139702775627,1.44727022156,0.541913811713,0.355732927318,0.207425247282,1.40764185488,1.17273609415,0.282426406965,0.187257700551,0.360263671856,0.0770581353083,4.87013417721,0.778713198453,0.760679675154,0.239506285712,0.0355475028977,0.124336939454,0.050378793925,0.234887805358,0.163423873931,0.19490165327,0.956585186361,0.182135453187,0.291895947587,0.504762966824,0.0318289750814,0.583469592035,0.0776039648242,0.232587018795,0.0263103390392,0.485131855533,1.3975371334,0.726913161967,0.296009669779,0.179579564184,0.866619366263,2.83527171493,1.49898145959,0.42163796179,0.741720980145,1.83349654832,0.517352584526,0.146283463836,0.892395558134,1.4107037577,0.539466217929,0.279247138649,0.522234682888,0.245000436967,0.277409801912,0.357425256125,0.387361460999,0.187225295238,1.27355515607,0.381334209312,0.272399466988,0.088726446107,0.16680167052,0.187613032088,0.222558436468,0.103968018778,1.01629090672,0.621422614902,0.112409015559,1.5349068054,0.0607543504983,0.157663545795,1.57944815198,0.0483196863532,1.18653945573,0.673498148769,0.849786246344,0.197104345225,0.0275007128716,0.0551637995988,0.621325259954,2.15090062842,0.812027849741,0.130858284254,0.207079424672,0.553805179559,1.17260970944,0.125256251683,2.59210136726,0.0993376881257,0.0922596432641,0.561569943428,0.551737151059,5.24613733292,0.480693140067,0.699595500082,0.0421238145418,0.157189604938,0.392593987379,0.356047826335,0.258357313238,0.206975669451,0.208925160281,0.0241462601721,0.369535595374,1.84298885629,1.25901213812,0.111602551486,1.30830847368,0.0957058740407,1.81719287995,0.841937922942,0.242483362779,0.252888755333,0.978929877123,3.09777116939,0.280074317083,0.274306383524,1.07774425313,0.558608270511,1.40557186753,1.10334490035,0.230402167058,0.0343495555595,0.0723039320111,0.145169247538,0.155163241848,0.474825980961,0.0804276965186,0.694751845105,0.900156944841,0.439317166544,0.0318875782192,0.10504759565,0.665466176793,0.136803746819,1.69982514903,1.33226849273,0.187852648366,0.453033130616,2.06441241644,2.72016379312,0.536485145371,0.31567887902,0.525850423276,0.38149643729,0.423925726824,0.36207544595,0.6827753668,0.307262471505,0.144461896196,0.411696350779,0.177437828928,1.37149495184,0.184057636461,5.69695532918,1.28726716071,1.11984717127,0.137974947244,0.262647478877,1.85983139051,4.34667081542,0.586338658221,0.454273063242,1.48523429889,0.0170996649936,0.340374869704,0.53085277738,0.610820208043,0.0240802234411,0.163082277179,0.917436878094,0.895411491711,0.0149244557414,0.474397599995,0.0491987839527,0.728894437421,0.128083801367,0.51226047623,0.408644070998,0.336308019757,0.244392766356,1.44394292303,1.73752006859,0.00439411580563,0.684462073594,2.02862389982,1.62725916892,0.0156924182177,0.436759137288,0.00730881392956,0.805689037964,0.029410956651,0.0374781571701,2.18591534659,0.214080192298,2.70517021867,5.28564841986,0.0460297024995,0.195236859918,0.107516613367,0.00966438293457,0.201404528059,3.04726810336,0.175979409218,1.015375305,0.917089083623,0.888379361629,2.14443323791,0.0345850014687,0.280175674409,0.00572511076927,0.0492418151908,0.414632637501,1.3280962801,0.120975215733,0.835836355984,0.0123117925599,0.93434793178,0.0928072857857,0.487180371433,0.504303584993,1.06154860556,0.355508675724,1.42690848505,0.236374933906,1.31811250307,0.148690904155,1.11959639966,0.784561862182,1.58018686071,0.672425959441,2.46059879005,0.159243033081,0.915684319139,1.98447907519,1.46977314204,0.384913709164,0.286427944899,0.0868712166697,0.695885902327,0.840155185759,0.219890933521,0.538406311274,0.233784474954,1.84728919988,0.000323729999363,0.224742302485,1.035339555,0.664137201533,1.72197879627,0.615106355101,0.00623496696353,2.53675956734,0.0982904484868,1.46635629848,0.529852025118,0.149948571026,0.430460582562,2.53620614365,1.53188508093,0.442020789087,0.00743266552687,0.00439162619412,0.195991047472,0.0141517472267,0.00880456447601,0.878714538068,0.0635815267637,0.902255776227,1.12515972281,0.312482932359,0.0381806397438,0.169253893793,0.278349020779,0.376025181301,0.340749450326,0.326095267534,0.842095632292,2.17073555052,0.502244355679,0.473218054809,1.26341573775,0.419902988002,0.292978984714,0.0816756650805,1.2337264362,0.402014958728,0.429170068642
40,0.131967192441,1.67609595478,1.27188257545,2.09677885458,0.904109238088,0.0295725591481,3.13864716664,0.724523926317,0.0884556040913,0.358187647462,0.940122331828,0.271852838267,0.660647124201,3.73300651908,0.306780519485,1.49894696169,6.58411696911,0.155979424641,0.490276264064,3.3687797308,0.499569718093,0.658139343522,0.359068335649,0.135000659022,0.0,0.0724906895868,0.103713623546,0.990154545605,0.382883526087,1.30778227191,1.79770296633,2.77191519976,5.51901658535,0.20621608451,0.589005977586,0.0,1.41791356921,0.893499669135,0.0185822442174,0.703619272411,2.07488743111,0.185727263447,0.30994421524,0.772000182271,0.0304804346897,4.41478953719,0.352090693973,1.38795013249,0.786640929729,0.201156271845,0.312065197462,1.6024464494,1.94126913548,1.58380602304,2.20418047786,0.099857705608,2.94106050491,3.9376736331,0.485996906832,2.78703790903,0.644801205993,0.0556080255657,0.0995460726786,0.370234190933,0.858841102952,4.97764286995,1.52406599641,6.27593020439,2.08216102712,0.0554227725789,0.643195903255,3.87135366917,0.159050346166,0.874384754226,0.270279988982,2.27193001702,0.756468219981,0.293031648844,0.345830741548,0.729196506869,1.04226464406,0.106597262472,3.51313317895,1.21774565637,7.18808356047,1.43785713101,1.11201121144,0.409649375826,0.0771284044953,0.975528286248,0.382950579599,0.165697311666,0.427688384503,0.200431560779,4.02996057004,0.173865377977,1.94308037877,1.18604512192,0.135032130703,0.279419533014,0.702300104946,0.293938145236,0.357067725658,3.45109041214,0.904291593581,0.0,3.59816622816,1.4292077899,3.6121152401,0.42936385598,0.059781575799,2.46873550594,0.47295702273,0.143248355929,2.25068527997,2.15131983515,0.0673240592703,0.427404396236,5.39890339375,0.63992408067,1.46512727827,0.0420867028087,0.784071274027,0.654394081086,0.147777493894,1.66878820103,4.29342919588,0.551266841926,0.0691984459758,0.248150177002,0.0,2.91458894253,0.95670448184,0.31122224696,0.328834494576,1.84772433162,0.495785633102,2.06861963503,0.118311976343,0.304069962027,3.74030847311,0.951009061038,0.242332858071,0.123414070234,0.725376037508,4.15837788582,0.16941973716,0.177920939624,4.08252938271,4.43240700722,2.86485519215,1.37396202911,0.241879808819,0.718814450651,0.26041505605,1.25967872351,0.726726712971,0.494824193493,0.0,0.00335540773347,0.877714207843,4.9378727448,0.0433516273648,4.35081452966,0.0150476548076,2.16543536723,3.35223247051,0.0704141550884,0.88786267031,0.274383146316,0.722556492761,1.91471322723,1.61305500388,0.491345714442,2.63554421186,0.386535437107,0.04091130279,0.931832503453,1.22171038032,7.28764400482,0.445620674342,1.43144868553,0.331699505448,3.29960645989,1.64531003296,0.492764829472,1.21930712163,3.84668152213,0.12973870039,2.39120944679,0.0,2.25686056688,0.750351877213,5.52472005367,0.948770514131,0.567526412308,0.972426331788,3.04308484405,0.905023445487,5.36610240698,0.0251457749121,0.558995202184,0.0,2.91936978638,7.61827973366,0.466821302809,0.187373083346,1.30774849832,1.45597318113,1.7015744663,0.178609350063,0.131626886018,7.12435306668,4.85987114526,2.08195173144,5.41309151888,0.0238197436929,0.00684227287769,0.0198650604673,0.874847772513,0.0742124154791,6.56544155598,0.138948532045,0.397942442112,0.0490933018923,0.0240278718621,3.88945160747,0.022506493926,0.768810679875,0.494565388709,0.0130809557438,1.76303973034,3.04979566336,1.67328663766,0.632577954456,0.124498784132,1.30019225985,1.60279573739,3.25807869077,0.503252228685,0.112853986714,0.318747620657,1.16984717518,0.366642135847,0.199371059835,0.206007599467,2.97159541011,0.898259682655,0.36486615777,5.66826275587,0.0225533074141,0.505181048755,3.74159902692,3.3868102723,0.0374283726391,0.711273516566,0.285971188843,3.94309417009,0.254186541289,0.15372553292,0.459395046905,1.99442918152,0.219568158835,0.762389642857,2.47676943213,1.10281437576,0.302421776615,1.23952964664,2.56634277649,0.653485222943,4.76176080227,2.78952753544,1.98205873318,0.0557556077093,0.0928326992691,0.244433494285,2.27111935943,0.410202877447,0.342064731866,1.22814254165,4.20163920343,1.39604117568,1.0494952476,2.49748419404,3.06223264314,6.90885890484,0.627049393803,0.0483980864286,4.95409383059,1.46472566694,3.17790560208,0.711036048967,0.884298967421,1.0929098928,0.657687824965,0.17126530841,2.55545202628,3.93869198471,0.493142521828,0.711729386747,1.91264712662,1.63578393914,0.0681834525242,0.362375721484,0.0419897389412,3.03242310882,0.102615253925,2.85943616152,0.289996704981,0.229797623884,1.99290032491,1.11215805002,4.94528701425,0.311468928903,0.274192474112,0.0162081898749,0.0710690629482,0.317910120189,1.29387896895,0.0318032140215,5.62879611492,2.86558671594,0.0697519459203,4.04550382853,1.88088152945,1.73732762948,1.87707294379,2.11099678159,4.94244215488,0.00604078471661,0.766945642531,0.411276026778,0.282703258544,0.0537663626671,0.222139280885,0.25756271122,0.0139204902947,0.423004995435,3.7165984726,0.455783378547,0.676983619034,4.37371007442,0.110073608765,0.597314146701,0.0267470673472,4.17352184534,0.720647789091,0.113889404945,0.491470403342,3.24190676332,3.17764355682,0.382993489876,0.371076808842,0.135795087442,0.461368035309,0.0389095239155,0.890166706312,0.100942842215,0.286999218818,0.835283685029,1.00890251167,0.0941023597121,0.357002499355,0.923715681136,0.153468903005,0.105078847036,0.219353870973,0.704230505079,1.40659076266,0.65103532061,0.0537829867005,0.547219353998,0.619907823224,0.233542289883,0.0317555513978,0.732088556737,1.01651450984,1.48006867915,0.554829367995,0.585830886066,0.182936330326,0.251737647802,0.973432366401,0.896526439674,0.51316144675,0.111236827374,0.19724431444,1.0581845504,1.13838703558,0.073257856518,0.264898876101,0.885281777866,1.10466216936,0.110866170996,0.0423982813396,1.31010800019,0.839073219523,0.583791061928,0.656383973956,2.24912865877,0.355325420666,0.122895637453,0.0911681474652,0.0752126580849,0.366713851467,1.18656723566,0.0494783008657,0.13924453889,0.101278508008,1.11261411216,0.170571113368,1.13726061217,0.885164430365,3.61247095701,0.0170777938701,0.0746651357878,0.104892179836,0.112685891893,1.24157558024,3.38537977055,0.093486559689,0.260996135324,0.423368811514,0.322098163739,0.0702062947676,0.341035805866,0.0,0.15195775561,0.404009151114,0.0407689906284,1.54577498212,0.382495276656,1.01037655536,1.17021393958,0.0963199324906,1.43672673166,1.0790996334,0.122251592875,1.31518580586,1.798171096,0.127290146314,0.581784274876,1.12113571136,0.300244319066,0.158537470549,0.366749204397,0.226444757953,0.212370757163,0.341967289504,0.235305050015,0.840395865962,0.019014920257,0.178061292954,0.417029778361,1.34994867228,0.300915868375,0.0369562313706,4.422041969,0.465664513931,0.318756058533,0.176155129746,0.518159261197,0.210080897808,0.468971570358,0.0716492312774,0.0365306064487,0.272704740986,1.42081393242,0.116653933036,0.103034109995,0.0666827281285,0.266652974021,0.0285826139897,0.36973520996,3.13433993816,0.174942645803,0.235100179836,0.316193970852,0.0390597753227,0.0957344180439,1.00131130099,1.49569163719,0.49768424511,0.234257545546,0.82783400692,0.386898914874,0.617312086858,0.435665496066,0.908885285556,0.258225359023,0.210089793187,1.62432311118,0.337314490788,2.0687545356,0.11761554487,0.178356070537,0.615148490183,0.747466913462,0.298541476876,0.168792944252,0.00398512061685,0.302603094261,0.583752105609,0.954533335008,3.14928244844,0.168562660478,0.537020903304,0.443367990199,1.18921564319,0.0654662729055,0.465007396275,1.11344240621,0.102453230433,1.03571655758,0.069679848738,0.18024732355,1.0780343461,0.465933118127,0.485494870991,0.202056137472,0.432615228295,0.151248170659,0.309137137234,0.578097471166,0.0275091161951,0.41740920648,0.319540680461,0.499969840348,0.589619566537,1.48467309475,0.0372166627133,1.00484575976,0.0243580680341,0.141755907706,0.149798962474,0.309637103714,0.339418099402,0.473163910359,0.00186879366636,0.0841491855681,0.319524786212,1.19618152574,0.96366277948,0.349886708483,0.1685172207,0.137866545166,2.81177670635,0.16327774914,0.559168023914,0.330473504998,0.579421793621,0.271480156819,0.30005703941,0.19692796424,0.410311059281,0.179614501707,1.87637883179,0.376880105063,0.0233173391595,0.584523905404,0.348999106418,0.0196570754051,0.100560587142,0.588347999603,1.02088398576,0.912927662414,0.195188946081,0.343420482054,0.0104469713569,1.74104318542,0.0706851511449,0.452246930301,0.122385404948,0.15916417752,0.461854444894,1.74058129489,0.072340789903,0.429881512376,1.37508602038,0.614578622188,0.26558779506,0.657994479612,0.0716158694401,0.441599625126,0.0517648197711,0.1336251723,2.01201725632,0.15221126385,0.128520556465,0.493085908443,0.342395211011,0.596887126938,0.109527015026,0.0870074048638,1.3094023417,1.12311606769,0.231199446134,0.445197739489,0.125190831292,0.479060513955,1.34539140195,0.303962230422,0.251775567755,0.249762736559,1.51204389036,0.937265541553,0.226185004115,3.07672095835,0.214728355296,0.160456010997,0.269402934909,0.403151064115,0.0855256764963,0.132178471088,0.245854903292,0.695512615293,0.387860872597,0.303936882094,0.0639509037696,0.0,0.224953111112,0.219876387268,1.2389634563,0.258063273411,2.19879362166,0.193953705281,0.466458431929,0.354382176306,0.135700866766,0.381181718055,0.360126782209,0.148522558138,0.0950006851554,2.32136261489,0.0668139595748,0.322759062685,0.134697166383,0.162775845332,0.39110646348,0.383223747537,0.0455280257855,0.195477630945,0.00820594722405,0.334174217135,0.198340665698,0.0675739960372,0.62027715385,0.703230485339,0.0436119193211,0.128600862161,0.371361323856,0.313001527116,0.039792416431,0.557186258882,0.0114773035049,0.758834482823,2.58959928632,0.394411179195,1.26824579224,0.0276864250004,0.0117217257433,1.68626235643,1.37137632005,0.346015790701,0.0123396484368,0.69397457175,3.70269470692,0.0772280886769,0.577178930861,2.61514706254,1.91904825464,0.204516697708,2.8607122913,0.967009952813,0.499830917269,0.103254089057,0.11006811154,0.283777003074,0.811939363368,2.90379922777,0.495375462919,0.00193803727627,0.027397499436,0.641354122674,0.377531156316,1.08801390246,0.605182197616,0.474898539931,0.325534366481,0.227247395348,0.0682696647942,0.0,0.0739147753641,0.219852931015,0.0468459990434,0.0944514088705,0.225084594702,1.00451682894,0.247691295445,0.250229016356,0.348455744758,0.189848994724,0.165649259835,0.422903362541,0.52043712562,0.0378581614047,0.180309016842,0.291784659661,1.56980341025,1.0429018994,1.27725855226,0.923700806201,0.508059209585,0.902124099433,0.418868690655,0.818015818298,0.925592969395,0.520796516445,0.564536887696,1.08312676057,0.34999671089,0.0320189675689,0.297776623815,0.817325009815,0.588899139298,1.22146442061,0.267818972003,1.3573718537,0.790708616972,0.560736745875,0.794932519104,1.2261152216,0.128504132461,0.210786644965,1.59083054066,0.634126619548,0.275179093033,0.182582300766,0.519950675368,1.75073389657,0.0213098057918,0.792455551997,0.556766303629,0.117858554274,0.161860538721,0.616513795145,0.318233729377,0.618228336431,0.522600336112,0.27607172057,0.128745575231,1.17086386859,0.706197796129,2.1622939419,0.0349398878962,0.0204640057217,0.0422263352573,0.271506585144,1.80760491043,1.07712098613,0.242279545814,1.08892677362,0.00251845724881,1.39625218477,1.09598322332,0.0225730828941,0.0215882488713,0.0157476505544,0.339897362916,0.243672251105,0.171468164325,1.05437419542,1.83633365979,0.224998733145,0.040789918974,0.901891984185,0.888623419274,2.48869750276,0.652839721069,1.86262669556,0.619331854656,0.998463882953,0.424458342046,0.115466475096,0.158895047391,0.00413575440645,0.0261786528397,0.776157331392,0.989590862691,0.70352348201,0.378411197476,0.0948463232629,0.619648549706,0.311355923684,0.0430643688235,0.75478271246,1.33118842334,0.0453354169428,0.506956009939,0.00701613957062,0.415398201458,0.406390697658,0.0761211268604,0.0756381785683,1.06449820681,0.758651673719,1.45257258244,0.491313157789,0.496482752524,0.70674423188,0.474439102001,0.133852689322,0.392363242409,0.0449938960373,0.0123748142511,0.166043992173,0.119810137674,0.191527876183,0.767200147137,0.236950604767,0.123640312254,0.625566423386,0.0427296821121,1.23678085107,0.0103499029577,0.0227427154034,0.499147398416,0.386048359703,2.12539001103,0.894397727582,0.299095032178,0.00979350843467,1.59238235518,1.13795342386,0.506391258836,0.16881893428,0.43300816399,0.126904959604,0.000802357438952,0.383407943104,1.98372641854,0.329857200109,0.00919137169374,0.251395791098,0.22618280068,0.331535512116,2.26764071137,0.0169148334861,1.04249567874,0.440576188862,1.3461425538,0.563571823183,0.141328151263,0.155569424047,0.618453950137,1.59840901073,0.224805775974,0.00679887801409,0.0414748356119,0.67905052945,0.406675121486,0.169812674485,0.235231560459,0.0266557097435,0.202863719575,0.0740466836467,0.358363317754,0.0615038439259,0.135570970383,0.239392336346,0.0409715916688,1.55769950781,0.412842189851,1.14802399877,0.397749654371,0.371298677297,0.536123352461,0.027812983878,0.0324674721109,0.0121457196586,0.0851071007893,0.231730738016,0.483288684189,1.67294174165,0.147985839033,0.579147260562,0.797527379412,0.145862322692,0.787118772306,0.127186288834,0.613162136544,0.880425900072,1.77618615609,0.202695464715,0.708907755315,1.65966861552,3.38358820856,0.206641747132,0.0,1.49872115839,0.141369799599,0.0162822496891,0.340026391894,0.0764694482088,0.265077302158,5.08741738319,0.0247151052207,1.48922454149,0.327339567579,1.04242875399,1.00851198643,0.453609340303,0.654300181568,0.868317876793,0.42768247053,0.00998593918979,0.478336405763,0.9771060884,0.0313169717789,0.097736107707,0.0,1.85434800103,5.28676490545,4.61694681048,0.342530159652,0.00270972430706,0.0541082693264,0.0321684851497,0.0314844097197,3.30489830673,0.579738049507,1.04375237972,3.29379004836,0.411342810392,0.162312087417,0.0870442501642,0.0484407819808,0.0588604459167,7.05590502739,0.0908220338076,1.58256029613,0.132014037143,0.191481882259,2.39156765223,0.0270061855763,6.9959408313,0.0598089919984,0.208794914037,1.18609401181,1.58551541284,0.0242971923389,8.32822162814,0.0267290103436,7.18740143001,0.0503459948301,0.274461795688,0.525159872845,0.567138391733,0.0832901484519,2.51134711035,0.0057988112187,0.415881710071,0.0101840850711,0.286343838263,0.0694663129002,7.02562045425,1.11048580083,0.558332701502,0.147824353501,0.269643762857,19.079337256,0.411975000799,2.9088532877,1.81394440904,1.92614961654,1.85040151864,0.0771337249875,0.314756918103,0.334188521955,0.305181540325,0.841195414141,0.00972942039371,0.143816351295,6.19874946281,0.00198387101293,1.32356997013,0.0,0.0209041248634,1.38599253282,0.811918908954,0.12867361173,0.621874609925,0.602931477726,0.568881060332,0.248947995976,0.503341572192,0.46577783417,0.0363442405686,0.0,0.843908384844,0.159404456466,1.56723642081,1.75334357888,0.0169531804323,0.0599886018224,0.0862372282892,0.00830509968102,0.467702572197,0.177812588215,0.399755240232,0.422710191309,0.175045322515,0.01723257076,0.874320830591,0.485465328146,0.241702648625,0.0728914913535,1.93910005718,0.375618171319,0.0,0.302775996514,0.0690595224546,0.151391329188,0.244912046194
41,0.208962096544,2.10462558031,1.11505412042,1.07588846453,1.08768380612,0.039841427654,2.18661839604,1.05067532063,0.0778439223766,0.682280664891,1.05652822554,0.648049180061,0.180001059324,1.19420010865,0.155007483289,1.51062143922,4.28184356481,0.256417393088,0.460638176147,2.86039245769,0.567783000041,1.17230665602,1.02264881857,0.16652011469,0.00248721957207,0.078653369993,0.252979578171,0.697491537184,0.367575054627,0.338292188197,1.2483968477,3.2973715353,3.76820751667,0.165589773692,0.97611640811,0.0109115408361,1.56291437864,1.49518533047,0.0124843802955,0.309953912455,2.23165562101,0.186219005454,0.534166645745,1.14420363519,0.0280097901821,2.14339240253,0.316499342062,2.03712956131,0.409813367166,0.624600841403,0.419219382666,1.31713647008,2.43131091639,0.563761162544,1.34689522192,0.356497702301,2.98335801601,1.73529497009,0.9034461192,2.85230207756,2.5253280127,0.368377151489,0.264766071569,1.18949377,0.561083511114,5.38273406029,3.3635725373,1.85434414752,1.25046542201,0.25810573332,0.575278902799,2.00486127239,0.215268972367,0.450337247252,0.285248560458,2.7841381523,0.239447168633,0.356770237442,0.454299139306,0.557484395355,1.76462778568,0.149530192614,2.60876591086,1.40949935496,4.2249931097,1.09693905294,0.512645509467,0.321912125445,0.0567858508229,1.67937643468,0.152289810348,0.615230500102,0.310450974703,0.471720568389,1.70041548029,1.39620567646,1.8574740696,1.22118298799,0.2623382245,0.413981482759,1.63336957097,0.394570510685,0.184459037384,3.14902853251,0.378889830615,0.0,2.13637301385,1.04556786299,2.46082291842,0.595342532992,0.104792045476,1.64796425343,0.410180294812,0.0919019313902,0.763847769201,1.57893993378,0.0284088771418,0.531398421507,5.33005747795,0.647060174942,1.06656809181,0.31764134042,0.649918157756,0.279443908464,0.122210654281,2.18177273035,3.54913525105,0.0738091575354,0.0520819166955,0.392908713985,0.0,3.7500957346,0.605839695428,0.285880953372,0.238072900437,1.32184493244,0.568360155188,1.14414124556,0.103952983022,0.489803130925,2.81552764654,0.434179850519,1.11439450979,0.166936204731,0.188410150167,2.3824756074,0.384351828098,0.193587903902,2.32658425122,4.04918152809,1.16132373214,1.66241859049,0.2462242705,0.703813029975,0.334942945465,1.25668700275,1.23707177758,0.163701430559,0.00530058309436,0.0323121140152,1.84740312263,1.91120947488,0.103129078522,2.5677117753,0.0782996300049,2.45443528473,2.00671072572,0.0613279855251,1.03891190648,0.164734781124,0.86851512596,2.81036520243,1.56105120461,0.912834443972,2.18624750376,0.436022420451,0.138250288144,0.503410848081,1.07159216061,4.21583245873,0.932603331804,0.391693391316,0.377170298994,1.79806280822,0.741474993825,0.414099306166,1.628754628,2.830928303,0.295812188056,2.34055427387,0.0856819984503,2.15369983912,1.01314202666,3.85774087325,2.64801301837,0.226555564553,0.854918695092,3.2224447906,1.30598510385,3.34841159225,0.0953171285987,0.251450894326,0.0,1.99684171021,5.63515938759,0.934700542241,0.226655170172,1.71243416565,0.960074972101,1.24380749725,0.712865634263,0.0725656725839,5.44280827403,2.78790275812,1.11031368066,4.54564421505,0.253176804855,0.064435219001,0.00342352892738,0.831217366457,1.49720278248,5.06753790855,0.255698168506,0.796762116253,0.0152089215175,0.0976184805483,1.63022310436,0.10515437521,1.88182431936,1.85238332719,0.155669424795,2.0812334507,2.07648362115,0.603915618807,0.661144300774,0.533871570826,0.285187107325,0.914504374266,2.27578302443,0.300847331136,0.058881225728,0.528982052654,0.68992165789,0.143510720888,0.251006236374,0.100790202385,1.8751133287,2.24225710154,0.391492098719,3.31865145206,0.0843021900952,0.679161652923,3.6018259573,1.87932660818,0.36910708636,1.22090141892,0.312751863608,3.71638209105,0.758409293555,0.158233141601,1.38241414607,1.09466664195,0.564894264042,1.08700951397,1.58020037085,0.331346836239,0.613462686539,1.87193834357,2.77180933267,0.716736081392,3.99517184198,3.0206586957,1.5982757844,0.0242842555791,0.200960476138,0.183932136092,2.96557628393,0.868411864042,1.04600996315,1.72281431422,1.71371573523,0.920062187016,0.99297904633,1.08503824428,3.0867926836,3.54802696466,0.648061598539,0.0235276716948,3.32838116407,1.66914238513,2.33429967761,0.240268498436,1.09283782706,1.68535459995,1.0892933929,0.308483203575,2.31656086847,1.20282044083,0.817637698743,0.962601383924,1.69507505774,2.89331941128,0.13018338412,0.717830077708,0.190658550262,1.68956856966,0.0456877437234,2.84221148491,0.658871908039,0.332037568241,3.42194385529,0.163828778714,3.13439097585,0.19298625428,1.15781754129,0.577410617769,0.125425755382,2.13410535663,1.33935807496,0.0239884421229,2.3381956172,1.54651448749,0.340344064087,2.50165905178,1.75622225117,2.69767389059,1.77723276079,1.94661286652,1.80720912009,0.0482209990174,2.40315118438,0.261832784861,0.0319627095386,0.0384504644573,0.802691498771,0.155393493623,0.250217915922,0.769743288755,1.56106796652,0.197561820894,0.551378168911,4.0526321275,0.0612447184324,0.859867541939,0.0870067257807,4.08089289248,0.966203063056,0.24800174918,1.13090716593,1.56359149456,1.85978370458,0.968597382605,1.35741565563,0.469854680225,1.02165022187,0.226728560999,0.137851832435,0.108837038036,0.394368686005,0.609684292711,1.59879164323,0.135471497122,0.160919792457,0.395622519888,1.28918812543,0.43660806301,1.59937454522,0.870729201967,2.07138322234,1.38250374019,0.0482652114751,0.672896099463,1.4041180557,0.212838775367,0.0349724649265,2.70540860683,0.785185007304,0.834973519742,0.357881433088,2.39161444008,0.989753975868,0.466730533289,0.755244601369,1.76462136969,0.359366774708,0.644984697104,0.0987482981943,0.82216856882,1.75505573943,0.959755732268,0.380493793339,3.35013816357,0.715229179375,0.246137572639,0.259947046451,0.680599860977,0.226291269027,0.304411993418,1.57437945664,1.24798762321,0.318711181022,0.168614111869,0.176869847225,0.426498372655,1.48089987323,0.758249355778,0.24982414729,0.2552640968,0.843195956945,1.20981535256,0.357363535166,0.395248275194,0.489189676642,2.99701278783,0.103986188415,0.0742846956477,0.28690226391,0.387395519768,1.56422248393,1.36570256323,0.754502947479,0.144755737074,1.63615088344,0.458917599097,0.159325946756,0.584892300963,0.0677033223212,0.323331890255,0.23079342898,0.0122865384805,0.941917602979,0.514418264329,1.24111830086,0.641618050598,0.0334735304117,0.784065770805,0.76628381528,0.813661414534,1.80479583055,1.20350059643,0.880158867761,0.835905504003,0.437932817414,0.188615150973,0.276002221107,0.350816750401,0.0887634581327,0.262097610012,0.285603962145,0.234498194568,0.525854455866,0.0173025334551,0.440815482214,1.78319140255,1.73526094645,0.260017984044,0.00229524575174,3.80732512385,0.282920146957,0.432580458969,1.56433170885,0.485349719413,1.04687010389,0.656385399736,0.125407964746,0.0247019267641,0.575915428549,2.14167351574,0.264289429635,0.120381140076,0.186065668538,0.295974713415,0.04286827893,0.397017693929,3.64415846825,0.0106986746658,0.203680170774,0.485847476516,0.00848664630204,0.0957377045043,0.609339581225,2.01959466785,1.168536935,0.305412277877,2.36401660413,1.38116924189,0.422606683895,0.179331319891,1.51104585607,0.545795566551,0.207364181861,1.11673744372,0.175854046233,1.01515325919,0.868545205146,0.879731017735,0.375313716978,2.98718951243,0.990203411281,1.0362466489,0.00898153595626,0.611101478832,1.04434413668,1.35881786697,3.3916744867,0.0729919521697,1.32032935351,0.287153659556,1.44488725098,0.18567415908,1.28724171303,1.92765679777,0.491812177598,0.393653978817,0.201562440842,0.759587090891,1.39005480319,0.660115153231,2.16303907553,0.0607486517832,1.58277313247,0.229225573931,0.839406960718,0.978355139419,0.504787431583,0.722033722866,0.321282911003,0.249013361121,0.178850904002,0.516104519591,0.376973552313,1.94299417898,0.0429510254785,0.452147365957,0.251927531958,2.06771729235,0.560712686032,2.47767709255,0.217202905789,0.115445294194,0.0797438600473,0.752008829489,1.05132111222,1.08592480242,0.759454171993,0.809753256403,3.96975927621,0.0873555859178,0.549438615739,0.542161085829,2.50767661244,1.04363030896,0.68516625002,0.458389723208,0.211223722659,0.316267828122,0.740431730077,1.20523936441,0.163681746311,0.155285935402,0.811749008754,0.0307175708003,0.684643989094,0.828516971339,1.3378676562,1.51675738811,0.148665695414,0.590274734646,0.773399506845,0.695650673956,0.234372209869,1.11568277806,0.105340826958,0.358391905371,0.687819618671,2.27309370272,0.0371630452736,0.479158450067,2.06029276907,0.184391097873,0.178500174955,0.13458632879,0.0554295818694,0.24995352868,0.328033804521,0.352961865109,1.29719953597,0.360537435934,0.640735755004,0.0685276020505,2.26524375319,0.264104805365,1.13136170156,0.354522823095,1.18221202221,2.25955552071,0.257368951142,0.82486012347,0.0764857297763,0.443267527185,0.912003503274,0.572545466032,0.664905318916,1.29312621325,3.45319487289,1.01155794233,0.167701965412,1.12486680914,0.0773421484232,1.21630123608,0.203617324363,0.39243706882,0.138158241101,0.176965491881,0.456352734342,0.227244396061,0.165833907276,1.05914919376,0.0494675550098,0.085116219148,0.107804620902,0.25908636393,1.76304178715,0.473697632737,1.03109624267,2.25698561802,0.201208813852,0.420049222708,0.472707162071,0.848912222534,0.610369817819,0.686527650282,0.0860337796062,2.15369715328,0.665949043296,0.329786447212,0.232993156649,0.256626236588,0.179927105252,0.446146108992,0.631128032953,1.33067772061,0.00617491744459,0.290062342491,1.01564709105,0.15398652494,1.61846869946,1.04501419783,1.08527317852,0.179249169081,0.280080446601,0.145817073509,0.0177700672112,0.394933151081,0.160674111247,1.78919505596,2.15177437574,0.167362415064,0.695195701383,0.00338546637446,0.00941288791597,1.42806977183,0.485790933967,0.41022084523,0.316728596985,2.18176011365,3.17936885051,0.849420400616,0.869536681324,2.02812694684,2.83274933577,0.0898900066834,3.28823779821,0.670399454577,2.1520874197,0.100932121351,0.182448469922,0.19931993875,1.21198252875,3.41357186794,0.798634118121,0.00979445969686,0.0643726259843,0.0965290991962,0.383402034119,2.40196120277,3.07203842968,1.40796299571,1.207074586,0.952819578089,0.208243692443,0.0,0.531333324015,1.78189496413,0.38374890985,0.0526434502751,0.18196706496,2.54972316325,0.333970231765,0.135007212604,0.40275652572,0.260548248589,0.0564615792781,1.04740341663,0.81990601362,0.0461881896295,0.352786945282,0.633069085814,1.07703091621,1.06828275535,0.386404096186,0.539083611779,0.707887021992,3.46536585331,1.26533029716,1.50956343055,1.31107675821,1.50686849087,0.387453264971,2.27453776661,1.51795500375,0.0930688447319,0.403895462099,0.926243061754,0.679992640764,2.74150897488,0.366509513818,0.906311783195,1.39908837616,0.269526046291,1.24593918409,1.01799007593,0.624239769708,0.113244731726,1.34167236745,0.197880008966,1.53477765366,0.69052783668,2.18192840043,1.83550669491,0.663911578986,1.63103293069,0.455290998379,0.283808361236,0.104316444844,0.568610704243,0.207995589618,0.797808571202,0.234187948052,0.214336438999,1.1882489131,1.34574934365,1.27634393752,0.75039879078,0.463187408876,0.111256575419,0.993050683662,0.104341109172,2.93314593345,2.87702650271,2.22802437014,0.901445891559,0.0457274830341,4.21741037391,1.3445933938,0.00965644799173,0.0230050563812,0.0512974712811,0.619779170118,0.334522937313,0.802064404152,0.837966216132,2.31524286926,0.059052365385,0.0134081861749,0.772757160608,0.791669432279,5.43504756533,0.394988928856,1.41159969134,0.812937469073,0.443025279641,0.547042338476,0.257008780241,0.132399907082,0.548151763771,0.205580510236,1.39971057389,1.85656593412,2.00362885155,1.35048776343,0.143903036639,0.914805997536,0.731029353142,0.102792351441,2.39372309744,1.44919536926,0.563223757492,1.65707577299,0.0168996870611,1.43944866298,0.533540983424,0.00637254091911,0.15722699983,0.655847696105,2.87767275178,1.5133758533,1.06099110391,0.75160291709,1.67938577928,1.42347486317,0.162557809562,0.607198701408,0.0352546873409,0.0366936001298,0.207230297681,0.0553655247111,0.699087849306,0.614801652655,0.143661195487,0.219868297745,0.277712491322,0.119723098238,2.69186481476,0.000681994890328,0.0973746226355,1.32148724588,1.04341545746,1.10795726411,0.338403042555,0.247373386985,0.136479991376,2.32983932577,2.10624185998,1.43233621582,0.0669905822631,2.34679433271,0.0526267441362,0.00163042984903,0.498933533793,4.70536651611,0.300841919286,0.00493999823928,0.633850575015,0.975737499148,0.15729284564,3.87960672051,0.0739243398607,0.718236771878,0.143590021506,1.18584254324,0.774078340903,0.0987514072657,0.091254139684,0.805496250875,1.31513580594,0.110324610457,0.0238934698701,0.047925535161,0.45581202969,2.0556754712,0.148068293736,0.58655008642,0.048158230526,0.721182809994,0.512980958074,0.948009926323,0.411772940755,1.21299427703,0.20301953163,0.0314474783838,3.72394043244,0.490761897266,0.336900288612,1.08074895214,0.175371530077,0.179879693417,0.190038675303,0.107126262505,0.109823911956,0.0807640913129,0.182613163949,0.685661937445,2.63466709092,0.123415412242,0.472424076721,1.65214605702,0.146009154916,3.83598381244,0.022238676697,1.87489938779,1.55545365455,0.48660882175,1.35032664895,2.02804261833,1.38801906645,3.97990073383,0.576809837185,0.0271713436395,0.568973934613,0.362841532696,0.215114191473,0.159107178516,0.196118204594,1.60396408528,7.70256731987,0.0401664099097,2.68570973843,1.21550620735,0.57333564125,0.778887323886,0.202099594437,1.14679547273,1.44363575518,0.41538387049,0.136560000032,0.282955446988,0.97842908591,0.161139839431,0.177852738835,0.0890343008935,0.294759523943,1.90124882728,4.59307443803,0.819338482544,0.00415387749672,0.0115008531511,1.67637666717,0.0454898053408,5.68814525962,0.340256111324,0.326356210783,4.00038849711,0.360156724006,0.0779203306511,0.317074576318,0.0767321740463,0.0279150095582,3.27195706189,0.00582313120365,0.677254047319,0.0940402526408,1.31947069526,2.78430100441,0.0293990648538,5.66380779386,0.282128631473,0.304108185386,1.94888135016,2.75313500632,0.115153809786,9.24370594025,0.474714083746,5.51862004016,0.628425923162,1.19692909956,0.0711476516724,0.227819758281,0.1980176959,2.45284327235,0.612279787809,0.352572129071,0.269045975134,0.563108040094,0.12301933256,6.27467213869,1.63786811879,0.940226981975,0.603844629377,0.42562155813,17.8349551964,0.0955307365954,4.30008600235,2.47442199826,0.898548175618,1.42090614639,0.331086957082,0.0987278690189,0.244525040016,0.1840690808,0.695135313421,0.0208089506626,0.241677955538,3.12809397817,0.13669846274,1.28892920781,0.0381231474876,0.189189760387,1.49658098936,2.20548033237,0.418402616475,0.162520385832,1.66551849395,0.621230422407,0.318525728807,0.334287812039,0.26670753479,0.529590693116,0.0280899786949,2.1207358701,0.153303931244,2.88639025092,1.04303476512,0.0300136137009,0.0778393621277,0.565065674139,0.0353219996393,0.380051841624,0.058168376633,0.397544883788,0.376990719289,1.37490466267,1.54407660011e-05,1.77414838672,0.0558201507851,1.08680437699,0.220005295761,1.01275120258,0.298644454777,0.0817684435844,0.779403800368,0.0550562466867,0.296206436455,0.0637165020034
42,1.31516786695,1.38429029703,2.34255114108,0.584618724361,3.20516951799,0.0873033593735,0.148923790872,1.84420210369,0.219011950744,0.471028147489,2.00535989165,0.00236595734954,0.0413875435293,2.42598162532,0.617142770886,0.235577274859,3.17200648785,0.2907378437,0.473985644579,0.641194098964,2.39701859951,1.60720514013,0.225182593614,0.259693949148,0.179674727845,0.113027156536,0.401127317771,0.553647202775,0.0997373980656,0.12059140427,2.1809491086,2.96559396982,1.58466423273,0.145797395231,0.541865308583,0.0127338191099,0.408958939388,0.673238407653,0.0548914108425,2.00021582961,6.10032849312,0.0197444053367,0.0969714984018,0.0906877846085,0.00647132277489,0.189281207919,1.68913499832,3.59314427733,0.171355129406,0.694139068243,1.44315004528,4.53108670235,0.637338002063,0.627538988218,1.89227207854,0.144450315847,5.5582913208,1.61280583993,2.51910184085,4.86346317291,4.06814672709,0.0343990266323,0.0269161365926,0.808153803349,0.0143345772941,3.54797790527,1.7708922863,0.0832142099738,0.195084167179,2.12804220796,0.0418117856979,3.92805813313,0.21423197642,0.960368832648,0.00422586739063,7.29640787125,0.289962505531,1.66899408221,0.0779663069546,0.100996579267,2.68023775101,0.0325740066357,3.17065526605,0.331503772158,1.58841716915,1.76874648541,0.312954840362,0.151005377732,0.00351456731558,2.52424250126,0.180894330293,0.283293618783,0.350439598858,0.290218033344,4.28320746899,0.0675761181116,1.43700934112,0.69394064337,0.0,0.82742464304,0.0659666276164,0.107823294252,0.146162643284,1.54582044065,0.885835059285,0.0152411332331,3.69860144377,2.47863334656,1.03681665301,0.0,0.0714332813025,2.59950711489,0.215147793889,0.0738170832675,1.55661066115,3.29735825539,0.00141227141023,0.126808555648,1.43571890116,0.450291563272,0.113591046035,0.00111855722964,0.291315154731,0.758693022132,0.0207242326811,3.4194929719,4.89002682209,0.855024293438,0.26508423876,0.0173637118377,0.0614139849693,4.70303709507,0.849371045679,0.193351059221,0.136101952549,1.34892002434,2.31846719461,1.09357138656,0.477087699063,1.85493235506,0.484734685682,1.61584517986,2.72278899431,0.0,0.177368608397,1.64118593216,0.16371881105,0.0226133630145,0.877983742058,5.081921525,0.688851000667,1.37169550817,0.0643180075288,1.61702865481,0.469503003657,3.23680523157,0.58658421617,0.00117715716362,0.0120299340785,0.0701252419548,4.43410452843,5.05005323648,0.278895649388,3.49864892721,0.158180635422,1.12334486961,0.158738741875,0.351405774318,0.546413652375,0.0131044623256,0.0603019596729,0.359033237323,2.53874555588,0.0258707046509,4.07601582527,0.220507881641,1.16835258603,0.0976177455485,0.0986760462075,1.30851416039,2.69623126268,1.9459398973,2.54099063873,2.31130061686,0.601701504439,0.405395167843,0.551315603442,0.966066512167,0.0552445375174,1.01889739139,0.551972717345,3.95493484974,0.120424279794,0.923236635178,0.147659978177,0.124178322516,1.28524393499,3.36072332859,0.0403395329509,3.98204897404,0.00827692717314,3.50883208275,0.0,1.47063403964,6.96903924942,0.0625532952469,0.0752015967481,1.64298991323,0.146721280515,0.625584008247,0.797508959938,0.0530557462573,8.91483963013,2.81801363602,2.47061124325,0.56755703412,0.112543481961,0.129609840438,0.0,1.58798150659,0.84188733004,8.74905506134,0.503053066209,0.629241725449,0.183816418275,0.380207440555,2.11023192525,0.0753557109088,0.610775278062,0.585572857969,0.106065753084,0.207203761563,4.94012263775,0.8741037938,0.132976595238,0.015610640496,0.101321530938,0.408986122683,2.96808972955,0.00171599645168,0.0,0.0267371329665,1.10912128448,0.00303363874555,0.346368619883,0.00597777426243,0.694215642661,1.01508060783,0.210861287713,6.28545408249,0.180826915801,1.32023447014,7.84548386097,0.278269392848,0.268421543986,0.461545389593,1.12354874015,2.77620085239,0.0247703728825,1.1458030045,1.06979582965,3.83818426132,0.449005704746,2.26808585927,0.274257634543,0.418430013694,0.710800635219,0.0687040295452,7.85378867149,0.105590361245,2.00043731928,6.91841119766,0.261942869276,0.0463840315677,0.0673634278774,0.224370003566,4.19692015648,1.03819564052,0.172223816477,1.67731265306,2.88150621921,1.48568704367,1.38553894356,0.351432413394,7.91056018829,3.7836961937,0.449163533002,0.00744558617473,3.10532981277,4.02175186157,4.44755231857,0.725473167584,0.6890954528,0.705286287889,1.69301859021,0.0464916527085,1.46503665566,2.20032697782,1.12881205142,0.715297396779,1.72264650345,2.69925853699,0.326166563034,1.87742447376,0.0,0.668812035024,0.0186752333492,1.69337372899,0.0727783237025,0.0803057969641,6.06976863861,0.431079520453,0.27040277265,1.0519188261,0.208595687896,0.0657727622241,0.0613317256793,0.314653776214,0.391905329823,0.0680620033853,5.09760433197,2.51552609682,0.0727278922498,1.51967882633,2.55863398433,3.3096111612,0.241488191672,0.0839848455787,0.81500922516,0.0495905323327,0.129162552245,0.0485310531408,0.397707868405,0.110345015302,0.19886265046,0.0428626306728,0.0178578782082,0.56362370193,2.15441914707,0.012301768288,2.0132548821,1.9513771596,0.702752606571,0.426230074763,0.113344428241,1.10210975379,0.146670644647,0.0948273582198,0.0050348494947,1.23339541197,0.0780400621332,0.165378133804,0.497162441462,0.027494988665,0.572216707891,0.421079767458,0.0841687666252,0.416109682284,0.354072468393,0.652125532627,4.02494594693,0.00841563777998,0.395327965738,0.310526010059,0.533366695382,0.691148508824,0.647724413276,1.05268764019,0.00145963683724,2.48865228295,0.00120096189901,0.324342660308,1.20436608255,0.00222491510212,0.0439932828397,1.34338760391,0.22078525871,0.599799150415,0.492500495417,3.56780399084,0.73718052486,0.0406037987024,0.088789409548,1.5925499928,0.320473690778,0.4553557774,0.0694191460311,0.364100980507,0.0774375025928,1.0874319247,0.118768048771,5.02358118102,0.627610905915,0.469077759869,0.693570992872,0.0121017829329,0.0232722387463,0.109314708337,2.40700425029,3.06778904676,0.0493765886128,0.0,0.356135303769,1.27972158238,0.709319804311,0.047774878941,0.609418189377,0.0249359668605,1.79615976676,0.595691631734,0.216452549323,0.685022516102,0.001369061023,0.82239750322,0.000848424062133,0.123374885954,0.0798476834781,0.115262336582,2.73456980705,0.163110594004,2.74113634765,0.0909867331386,2.57341735303,0.120165045261,0.455075948387,0.0851330330968,0.0,0.21517750321,0.289608045835,0.0992577349767,1.01349609389,0.962285950333,1.77146304786,1.94326976657,0.140962610692,1.02028582438,2.28297048838,0.0668502000719,5.22078982353,0.633058821589,0.534731357172,0.21666787222,2.27796896249,0.0405514970934,0.411925172508,0.0773220701329,0.113895225152,0.00393489539623,0.199781482734,0.723407971561,0.27146959547,0.242976162736,1.19970425922,2.63973991394,0.671582370251,0.113091211393,0.00665348511189,0.664811328351,0.505595160797,0.0451082134247,0.647809537689,0.0,4.73314159691,0.0,0.00529471278191,0.001281183213,0.772640943769,0.456093962267,0.0784748196229,0.0161235041916,0.091111028716,0.0372012200579,0.0361641158164,0.0271650236379,0.0964013886265,0.391533064507,0.297609352395,0.0748749554064,0.0,0.00110830835998,0.17233257141,1.11643968284,3.94153501511,1.33471060038,1.31656369761,1.3952932135,2.40587802052,0.0359932933748,0.226861886382,0.513558185101,0.0999007191556,2.76428624153,0.00757261879742,1.00729044527,0.0217462345143,0.544362451509,0.698573642857,3.7922465086,0.191119549451,0.655823782496,0.0,0.770556884184,0.728074348867,6.0870225668,1.88817404248,0.411361515522,0.909819651553,0.177419783846,1.92314080678,0.223634533584,1.48961461499,1.04610428795,0.986179227522,0.0107817804534,0.226541593317,0.0718194313347,1.40160331339,0.533432205394,1.35541462079,0.0493746319413,2.52256947398,0.115203619823,0.279009952992,1.38221916974,0.00942112848163,0.520354478285,0.148141688779,0.0615384346247,0.34195299834,0.114685347658,0.267387984544,1.48287549317,0.0209869112819,0.154288123394,0.133996779025,1.33023235325,0.0387744834856,2.05597288609,0.00450052049011,0.154110903777,0.101468722522,0.242173329326,1.04186122447,2.15645329237,0.688609091192,0.767276969058,12.9585963726,0.0707456425298,0.162214965373,0.629235905409,0.357471100744,0.303528600559,0.436038688459,0.201342183277,0.0,0.00439259396866,1.25046367811,0.550793397184,0.0159178452939,0.0224526743591,0.14593774993,0.0,1.52781305209,0.188569784504,0.693071541991,1.04022006251,0.0632319671661,0.0,0.268910140544,1.4897412172,0.376219741032,2.11241807222,0.00988545242697,0.732511819415,1.49106224285,3.17640666485,0.00431397259235,0.411129735727,0.0887568492349,0.0333705762401,0.0358293392137,0.543157900274,0.000576244853437,0.269986530393,0.00357359714806,0.969276794344,1.66919920564,0.20110589019,0.344920143485,0.0993794476986,1.78764094684,0.0236865071207,1.08357788506,0.342810617983,0.541205900232,1.16325651996,0.210222520353,0.916345284134,0.193161004311,0.455070185065,0.956727928333,0.985133729577,0.633365178294,1.12682930507,0.0726999295503,1.39730526159,0.341274995506,0.0278198623657,0.321065897783,0.0572337404266,0.0547357702628,0.00798958301544,0.0,0.268726192266,0.367877860588,0.0169865475968,0.954358223081,0.782431290969,0.0421756741451,0.0410802982748,0.22908258073,0.710064599579,1.22364757356,0.00487440491095,0.438804739246,2.12513685446,0.770078569651,1.06834831713,1.04462249565,0.744058292303,0.0510562545806,1.30473886831,0.0619204546511,0.16016137585,1.00769426169,0.0474962355103,0.00649325728416,0.534684314132,0.0331120685412,0.0620874274243,0.987831667215,0.170810309239,0.0512470036745,0.165554891452,0.23803383857,0.0873103451985,1.29500883871,1.1994231233,0.0915989139676,0.848883729912,0.245623280974,0.0271629800368,0.217832285874,0.0568036219757,0.190109929889,0.0463975453377,0.0322513134754,0.288941110149,0.246438791305,0.0,0.0903707772493,0.431000409462,0.127376907915,0.335066737356,0.435943115856,0.270450323885,3.42442508459,0.0197265786305,0.667192538935,2.03932936769,3.9827467823,0.00682551486418,1.68125976652,0.00717374548316,0.351144232405,0.449737482565,1.50112561986,0.000852376392577,2.44004595637,0.256066914476,1.48883046627,0.000465253703296,0.0562399726664,0.292359625846,0.143611744568,0.0253921802808,2.98988142096,2.17725194275,3.93324805856,1.21485733077,0.534931654055,0.0,2.42880697779,1.52645198837,3.51989847567,0.00979770059232,0.425086119771,5.47721049309,0.0875089159422,0.0465547175496,0.525414811522,0.0933234703308,0.0670623354753,0.485315425582,4.91450828552,0.0883159036282,0.780143079897,0.00597822180716,1.14627467349,1.62614773512,0.00541832044721,1.33074539974,0.00993574889842,2.21948436677,0.00582386957482,1.67535521507,2.37713632993,0.580798424929,0.0492454238236,0.189107725546,5.63161074579,0.0448985697329,0.167508102832,4.5827264154,1.16084494794,0.0392251158226,0.0179124400392,0.301439137608,0.933945947066,0.163144019758,1.29489549614,1.47214765862,2.88141122393,0.26270029217,1.42546886168,0.0,0.194094648883,0.0805637113377,0.0664849026781,1.69043711603,0.177962701693,1.34810372123,0.236761443224,0.292754585594,0.390744602829,0.0053410756588,0.295117402161,0.50587226735,1.26369559854,0.416128329337,1.50704140067,0.980306402892,3.5586342454,1.75301855728,1.33182652533,0.0664253016561,1.22027947694,0.379632785022,8.84528162003,2.46455434239,1.97809152022,0.917015343606,0.444118209332,3.45315152131,3.33649654031,0.00815794482827,0.00326162674464,0.0136838835338,0.230751559287,0.484786918331,0.0779013794009,0.0799463795498,1.15998106331,0.466523431111,0.082591633203,5.06981785536,1.29542875886,2.21555211518,6.42566891432,1.78380493044,0.375774645247,0.846031761616,3.01372805834,0.0270095988829,0.0752386630117,1.63309274942,0.331401302665,0.0873821857199,0.177373321205,1.76430775555,1.03677584536,0.03005086069,0.064150752367,0.465285538714,0.485174509361,1.38479713224,0.925555762351,0.812210792899,3.05070196353,0.178931219839,0.820753639694,0.00593465737998,0.0629291860014,1.65410987377,1.38705053009,0.375299740434,0.558663249016,0.127570349993,4.92973353863,5.90516632795,0.203096900135,0.01082578904,2.1743871605,0.347775868028,0.000377631280571,0.000876079681329,0.00564583877102,2.18813025504,1.21617115051,0.325116118491,0.898448759317,0.0840204769745,0.0149985328037,1.56522835582,0.00397681519389,0.104737695679,0.137494325116,0.00742020540871,1.62765771508,0.573194316626,0.638522217115,0.000787360239774,1.54147158552,0.734396936316,3.50721181065,0.0767504492914,1.24794963449,0.0205636644177,0.0108494376391,0.92059077546,4.02801997781,0.108508652542,0.007873942554,0.0163145773858,4.9287302262,0.570413750783,5.64853872895,0.0339707361162,2.28520946801,0.0697893496417,0.661714727357,0.0098680045642,0.133214769065,0.0417737596482,0.423231688812,1.98619605027,0.348870158233,0.000735608935356,0.0506435802579,0.29833815597,2.57884272814,0.0,0.244244024754,7.19077233225e-05,0.123641317487,0.242524231672,0.141362410486,1.33591072455,4.98068643153,1.43589417398,0.000590971522033,0.583205343708,0.595584591627,0.364241138548,1.70265342847,0.596637349427,0.0359877007641,0.158166397437,0.234830461442,0.327342853583,0.118977222014,0.0388158879522,0.0143021728843,0.229262387119,0.00497862751596,1.90628548123,2.9261048162,2.0054377687,0.572779114842,0.11236677439,0.0472860963643,1.03497250378,1.57980863065,2.14437538758,0.915126363486,0.218886386398,0.0195038276911,0.0,0.0134265887737,0.980538156629,0.19388036795,0.517927973308,0.00847449719906,0.521783823073,0.427148913294,15.764902401,0.0340386468731,0.561802280061,0.282588643073,0.638169691078,3.04543401361,0.672261523008,0.921643413678,1.13826986194,1.06903063521,0.0,0.0293459866382,1.08704112425,0.000792324319482,1.80757875539,0.0437529587559,0.127585170213,6.21409457684,11.2248385525,2.46825809479,0.0670761344582,0.0,0.00514481902122,0.0,7.70923208237,0.0,0.29782945225,3.15394033492,0.557047275901,0.00115450546145,0.0901464384794,0.102326534614,0.0308154790103,6.99571445465,0.0398085665703,0.00409077972174,0.000691925734282,0.339643386616,2.37925856858,0.000641315225512,6.92863389015,0.925747375786,0.332252017595,3.18746320068,0.248528384231,0.0015339438431,10.1222455597,0.0144424331188,4.50606731176,0.988502630815,1.80193150997,0.0256756851077,0.104657974541,0.256330360174,1.3491553089,0.535106684379,0.0447345943982,0.0118344457075,0.152996026799,0.0309274994582,8.33481628895,1.04447092799,0.115226062983,0.00330726832151,0.0,24.8778306198,0.30707930401,2.70472368896,4.15516506957,0.914489390254,5.81509279728,0.0146325114369,0.35842015788,0.501576996744,0.175801831856,1.90132942379,0.000276696532965,0.780877579302,3.6076420846,0.0594342400879,0.236510256138,0.0,0.468959856853,0.839160758555,0.636835785136,0.0062760604918,0.368680141866,0.186702611931,3.64533868738,0.166106384266,0.351581300008,0.0,0.0,0.0289873118885,4.14504514694,0.243854234144,7.59352368236,1.35638089709,0.00506452083588,0.0184436946735,0.0,0.0333979053795,1.77671938553,0.0,0.0481172186136,0.0131201947015,0.0293747038115,0.00224791660905,0.559645811543,0.0,1.21196203724,0.0247100424767,0.444899213947,0.197814039579,0.0,1.11057819784,0.00491702109575,0.940706920624,0.155657336155
43,0.950644899607,0.688843049705,0.583218019307,0.922790372204,5.14031415939,0.00757135096646,1.83043559402,0.215731665194,0.415755436122,0.0938989597559,0.437569407821,0.163673519799,0.000321600381285,0.615446587577,1.66080198526,1.7179866787,0.57816158291,0.914787949324,0.828829167485,1.70353879109,3.10742706776,0.305717649534,0.574793672264,0.0437849003077,0.254643214345,0.0899155560881,0.117396148802,0.867931531966,0.163286545798,0.0711211374402,3.66352899551,0.932571938559,0.426773037985,0.0292330503464,0.185638125525,0.00706544429064,0.947617285624,0.468999665082,0.288077738266,0.550758081302,1.9464678213,0.0918404273316,0.196672496945,0.114684367701,0.0187222845107,0.0747345115617,1.95039841652,1.96089162469,0.0719853596389,0.181431929953,0.280549777397,1.12526933946,0.931772740185,0.263095051646,1.63872454345,0.807423546314,2.27610946298,0.404959957898,1.23574819446,1.58370303221,0.782849974986,0.00596388399601,0.074135810649,1.2518744874,0.206119607985,1.88784160316,0.436636812165,0.0827754329145,0.660344228745,3.59979378939,0.374647412929,1.70955448747,0.076427985467,0.492613163069,0.00548494266346,1.97137433223,0.0504797726218,1.14784704924,0.0,0.0170886353648,0.379174213409,0.306982633658,0.484638668597,0.313110594638,2.38169672668,0.25752933085,0.279250332154,0.0564140757918,0.000589748695493,0.918074176256,0.0276346196234,0.0646356390044,0.187442441322,1.12237838224,1.70095708907,0.0508603191376,0.25017144728,1.44297299743,0.0,0.499412954114,0.160040030843,0.215564553402,0.317757682372,0.451443013102,0.979718062878,0.00544400215149,0.6656455376,1.45161819577,0.955239375234,0.00314675234258,0.000233360216953,4.78613306046,0.00606109268963,0.195675905347,1.28289323531,1.49545123506,0.0,0.172522143293,1.16775085807,0.182818997763,0.0863641130365,0.301904126592,2.65747509241,0.414706062227,0.0476121124625,0.91375462763,2.88343333244,0.682520996705,1.68124586523,0.0723227328062,0.0238913750276,3.38242986917,0.567710155398,0.594705958785,0.131372592077,1.46703756332,0.605034528226,0.297130802497,0.755700131506,2.32826967001,2.86487403154,2.26686859965,0.709360999316,0.00641819383949,0.0834041497111,0.709545539618,0.0533384131454,0.0390707911551,1.17251482546,6.20445739746,0.75111058712,0.150768754408,0.00219387605786,1.18118016243,0.0438141784444,1.68808957607,0.651828859057,0.00470541670918,0.0470716580655,0.00379432909191,1.77429624021,3.27700628042,0.798887294233,0.776609630529,0.146903987676,4.19225600958,0.479131022748,0.610368042588,0.579066654686,0.0957733456045,0.0317459014058,0.106294497403,0.503000353426,0.0027678078413,1.83040167689,1.2151277703,1.6578414762,0.244411260169,0.132384427618,0.323410933912,1.32895221666,1.84008767843,2.31479592323,0.396060755774,0.0886645495892,0.107450793646,0.581101580858,0.243172558546,0.0388684821129,0.78077683866,0.306373415813,0.709248128831,0.354799305573,0.834110182375,0.351140065715,0.0293557290733,3.66067713261,6.65912036896,0.046475334689,1.06576859888,0.0533032434806,2.97644834995,0.000391941443086,0.536676428101,2.50537131011,0.0494280329347,0.0903296812624,2.18610132933,0.0458448627591,1.10250859976,0.3687270869,0.532337601036,1.99329727657,0.460666588321,1.40705429316,1.37068084329,0.0922235881537,0.378895910345,0.00318849951029,1.8147727406,0.764713259116,1.33052490063,0.35478032887,0.199061772525,0.200192724541,2.01524716318,0.529879083894,0.0723983765393,1.1310475269,1.03863950672,0.757042875811,0.156980821677,1.78060662329,0.157149247155,0.0233603963908,0.0,0.567336755842,0.0924684113264,1.19031102628,0.0936312879715,0.00829297058284,0.0433609488606,1.12787397839,0.505513333976,0.354364201501,0.0092943879962,0.914390873685,0.148532772558,0.163560033031,3.35938113809,0.510321513861,0.580636864305,1.9531558302,0.663050881848,0.938994313478,0.172528164089,0.466783265807,0.446304452512,0.152288711797,0.547415987402,1.34515929654,2.2183002305,0.352697187811,0.47662622761,0.586415010765,0.16440229401,0.325390937924,0.228517896608,1.8445687861,0.0557277286053,1.35228927821,3.26843022823,2.11993211046,0.0377331378311,0.000778145268559,0.0487131326646,2.74358327389,0.0838283896446,1.09961971924,0.464947726615,1.73937376581,0.826605495661,0.740983394682,0.183008280117,1.60884621769,5.60245952606,0.158848465234,0.00117382086813,3.35956039786,0.760080938302,0.868039937541,0.579977021217,0.142458421178,0.152767429426,1.45824584663,0.0208885705937,0.330981853828,0.63519830808,1.77942846656,0.95755717244,1.15572073638,0.500613300204,0.769765429422,2.54301279068,0.0,0.147652024794,0.0,0.605664415881,0.0226055243472,0.016496784687,5.49607540131,0.131924249884,1.7857722795,0.688092643619,0.902651866456,0.0718404632388,0.00661868562922,0.0493651220016,0.362934304476,0.429344520122,1.85809742644,0.652803466395,0.129240216464,1.47571953177,1.36352151975,1.15556741696,0.094729297217,0.133382529914,0.898676028848,0.119771465026,0.97615833953,0.207738246638,0.306861845255,0.030656998083,0.203033953272,0.971128832661,0.00733086127788,0.173451561108,2.91431813657,0.0161049519479,1.47433680266,0.369908235967,1.09421387076,0.943201876283,0.0981964096054,0.706880574524,0.225785864964,0.0639547973592,0.0,4.84341322899,0.722981212363,0.0337393696047,0.431504588872,0.00348046880215,0.207876120955,0.858160448149,0.505378138721,0.376417492274,0.0615757061541,0.383212615475,2.3945130223,0.267831888944,1.23595178023,0.0669236652926,2.23983103916,0.234913618276,0.330662460169,0.213977889679,0.737391676009,0.662256400958,3.44132399186e-05,0.250226471797,0.364402792603,0.161347447801,0.0226270240638,3.17793365232,0.270326959863,0.343351553604,1.14482194513,2.76758883089,0.578676065654,0.19345375903,0.131807177861,1.44607548594,0.0667590632662,0.403676332016,0.585866929106,0.699115617275,0.661022517383,0.0648815659434,0.0430987233855,1.84202020705,0.207013272671,1.67433634162,1.90729462862,0.401009557731,0.413698057048,0.12275910059,0.920700298743,3.62748310566,0.411997040436,0.00425184756517,0.144386562239,0.682078758031,0.48371766448,0.0942920286208,0.231780137978,0.115693424419,0.875846120492,0.186095632017,0.379851824492,0.294360835105,0.0219114138931,0.441159802643,0.129428138398,0.0446748520434,0.221822881028,0.0382579079038,3.66069992781,1.22699712869,1.10693796426,0.00810613632202,0.486033603996,0.0521079137921,0.300797886103,0.197096342668,0.0387958276272,0.0834417098761,0.540391291529,0.905378888845,0.885599173307,0.286018709736,0.507974647209,2.11145519413,0.0538182964921,2.92129528999,0.433429915085,0.08837416742,3.39765170932,0.637955246568,0.566012230557,0.0150436496641,1.93941903785,0.898453379124,0.120713019827,0.0344807921257,0.0793963966519,0.148227503709,0.155059658689,0.279618133605,0.147711122092,0.0237107388861,0.509510449916,1.34707880072,0.960986868143,0.144959939476,0.0299693215732,0.359630434928,0.0879172070837,0.139629845135,0.336387873515,0.0313172140997,2.95335117981,0.0598594603222,0.0281778326631,0.016392205283,0.651814691946,1.03007467628,0.139305901863,0.0360448496044,0.191324951798,0.0150724494457,0.0691789824981,0.0217439777777,1.01508434579,0.960637241751,0.130807931423,0.0531932127719,0.0502640871028,0.0137429440022,0.131316652894,1.73360164553,1.10577799018,0.489793705456,0.501632264052,0.694136492386,1.06846252173,0.173666523285,0.378224147782,0.140691799819,0.0392788673937,0.916858404987,0.00846805564128,2.52409104586,0.148454763703,0.233504625708,0.207081426457,1.40673189454,1.07609622704,0.865256841183,0.203329294953,0.824806637317,0.492145491112,2.31726891354,0.864462602027,0.232520827055,0.410061655712,0.101468816218,0.975966203236,0.318398914859,0.441589799002,1.36681552768,1.56214160226,0.0168003495038,0.0717747502885,0.0161558282375,0.518908880949,0.565060131103,0.602880684435,0.0153200892638,0.506642867923,0.218543470204,0.105162026305,0.606116643846,0.00341145932674,0.0911776937544,0.0505106713623,1.2528936933,0.654656947255,0.206085796878,0.027800932005,0.450768657979,0.029284753548,0.258406042382,0.023075854592,0.123610451408,0.0675657939911,1.89719726175,0.040234201625,0.106372775473,0.0750886518508,0.304117625989,0.977133990526,2.74783818722,0.147047589351,0.0404509720579,3.83730469376,0.178754451778,0.0872094797343,0.259718905985,0.155688251033,0.324499482736,0.164875442054,0.0792335037887,0.0343947792042,0.0798283685953,0.663287085313,2.71686804533,0.118821247518,0.628181818761,0.163878156841,0.0250313331187,1.06030633286,0.0489065302536,0.376316009015,1.10785367213,0.166056494303,0.0819099442475,0.195995962787,0.553875715313,0.343439542092,1.15854580326,0.133557773083,0.413792779259,1.23355018664,1.39437142588,0.0178491959721,0.436155641899,0.490736199245,0.247043866813,0.0767191445641,0.343380566277,0.145184483798,0.0767291867139,0.0125738566834,0.278048842158,1.7097834155,0.0818108157674,0.209374549985,0.247178494856,0.515034034196,0.135041605695,0.68997576803,0.460839948356,0.235422168312,0.381190791369,0.120693154186,0.711784462035,0.630354605727,1.22363005895,0.656056041755,0.422368986309,1.24914337382,1.17964903831,0.891814913899,0.913174364008,0.109078292213,0.357892175019,0.0451083763549,0.107626337484,0.0487688572425,0.0218816223182,0.0927349250205,0.154160254225,0.379053444341,0.025014979695,0.742046724558,1.23877418878,0.0715581135452,0.304502799027,0.268308570939,0.243944087923,1.02530309785,0.0572385674994,1.24092959568,1.1766383527,0.478556765914,0.259035934331,1.10644101664,0.149125123769,0.11986030858,0.1841210513,0.367491932064,0.19686657615,0.921907714903,2.64023938209,0.108713961784,1.68220134478,0.225502373353,0.27034595652,0.382962943651,0.67629329022,0.16729767222,0.219532679021,0.0540655808151,0.0440873108432,0.716879134774,2.53964654922,0.165191887495,0.496919322768,1.52058201155,0.123165598586,0.644557811692,0.118818240408,0.0892083065212,0.0681529034115,0.163174779387,0.11645299729,0.105080853822,0.0,0.11075520121,2.57678112261,0.735839582174,0.156606710926,0.130104834759,0.262726048678,1.95067092776,0.370283793691,1.27293655604,0.537771260515,2.39421114266,0.0601961891539,0.717228849418,0.0,0.0867164241336,0.0203482108703,0.599134840667,0.441701848889,1.08193010199,0.308749259226,0.14273056454,0.0135930597782,0.480678876471,0.144918529131,0.0385248272493,0.0753890472278,0.708540828861,1.07367227964,1.64646187745,0.371088085026,0.788977268748,0.0,0.91027100578,0.448554008007,0.577882372737,0.0316191797145,0.0732790307142,0.815016329624,0.189389527962,0.0175385674275,0.137726172656,0.0426394679211,0.146360349811,0.657810154259,1.34406982601,0.0112464899849,0.149564983267,0.118339715153,0.590970900203,0.607332882076,0.0822789575346,0.300909549529,0.170149507709,1.11888727903,0.583164680898,1.99658032548,0.287534109354,0.991271100044,0.0186057832837,1.17199581803,1.00363923464,0.158506350666,0.941913731024,0.923247856125,0.640381748751,0.786871061325,0.0052128097415,0.0815172874555,0.250259050876,0.0365421557426,0.235816935971,0.254105019588,0.297273157835,0.0960328673199,0.518265693925,0.0159733281285,0.0515670213103,0.866847621202,0.0332064660615,0.618081258088,0.0729250342539,0.757923146188,0.689149438962,0.0659193385392,0.119747206103,0.320740976986,0.41385293141,0.453321531489,0.206850545565,0.0167338517308,0.248415288869,1.29959040634,0.884848650398,0.306097088177,0.114352255613,0.0687536353059,0.437691422179,0.121546802698,2.86409937739,1.70236325085,1.69105270509,0.389434529599,0.0875737611949,0.92255770117,0.637232277244,0.0176140598953,0.00813264429569,0.0941808946058,0.0562752919924,0.132200910896,0.111375173796,0.328568246979,0.692405853141,0.140373847485,0.0865858139843,0.990071897767,0.30777574202,0.940061965063,1.12940421924,0.872168773338,0.256359996516,0.261386672668,0.435886699706,0.00957662010565,0.825856256336,0.0931851187907,0.0268034076504,0.431063971017,0.231928725289,0.276415619105,0.479051782433,0.00724626404233,0.0063163441699,0.338318482935,0.0442559933016,0.126080827706,1.5499993021,0.195521581431,0.601331176936,0.0895819436247,0.131905838475,0.208552107057,0.00174329723231,0.300050054565,0.353952306807,0.496741689965,0.303775310516,0.996000353396,1.77585371681,1.3725579563,0.325938071478,0.0320678633451,0.471436068118,0.221760491729,0.0,0.191657441426,0.0772910217941,0.217248734403,0.28988644775,0.0161926536448,0.0914275830984,0.223361745887,0.125530467061,0.357653582669,0.00753613857552,0.0852867573872,0.267082752441,0.167416525846,1.24534512103,0.13401143359,0.0107748456299,0.69006397754,1.02627474442,0.683796501793,0.884329271754,0.0745371194277,0.867822570205,0.0417216396332,0.0557624123571,0.158889813917,2.28684671938,0.17426543016,0.0237847466767,0.0146258585341,0.695329601839,0.066764089819,1.23121402052,0.037118402794,0.336698587304,0.00785030371742,1.17811545044,0.0584612544707,0.0356991028041,0.0266344837844,0.299563855957,0.199250365496,0.0399930822849,0.044726867862,0.0927623369545,0.0642590980977,0.692557339445,0.0547775318474,0.283705155849,0.0602636408061,0.422549414784,0.102627010345,0.0228906131536,0.666588480547,0.549497816116,0.494417821094,0.0,0.1844714991,0.498855628073,0.215007247254,0.219634914342,0.154913128857,0.203745581135,0.0846733595803,0.0570051909937,0.0155394346081,0.832417061664,0.0296481450647,0.1199997136,0.321485064104,0.0799112836248,0.226945228856,0.483256761674,0.637790690958,0.852792551517,0.0953782308102,0.28025029473,0.481775373481,0.387596713305,0.353315289021,0.350630869046,0.341276449189,0.00229193001986,0.037106339233,0.00382376223803,3.05193044931,0.90092610538,0.426352942097,0.0699240247905,1.6287018913,0.115424177051,4.45832975273,0.00490489929914,0.549103937596,0.468200942352,0.306548935035,0.561827491075,0.221668863082,0.515741765276,1.32471136658,0.636538621858,0.191514556035,0.0291027635522,0.419931575097,0.760681729615,1.19836632431,0.000467780940235,0.692359614447,1.14956297948,3.60072578013,3.70404060006,0.0339275302738,0.0,0.0029100689292,0.0556332291663,6.50464817047,0.117653939277,0.00222933515906,1.00942275729,0.182649663091,0.0,0.000448324233294,0.253182436153,0.0364122217894,1.8372810661,0.000985251069069,0.0,0.086518406393,0.735739102066,0.585820602775,9.96741466224e-05,1.22508494504,0.0,1.44376468599,0.492791896686,0.0805142185092,0.0159786313772,1.57149907877,0.00290257431567,0.845889617465,0.57395791173,0.489366714954,0.894526161775,0.110887800232,0.157644944936,0.387267054841,0.102018509479,0.00868042945862,0.00240482479334,0.00490464985371,0.00336323440075,2.07799325943,0.520395213543,1.15586482614,0.163897896463,0.000897018313408,5.67580345631,0.347211120129,0.987692726925,0.781348044574,0.124492397308,1.39236737803,0.267512853779,0.346779631134,0.226998503096,0.0319959843811,0.0303701001406,0.0,0.368294968754,0.90972403001,0.00537759482861,0.0019968501851,0.00405571252108,0.509962751158,0.0471983295679,0.137683132291,0.141619841903,0.144323386839,0.00153041377664,0.331864775829,0.0483176485635,0.500717304647,0.0151818518341,0.304895017892,0.218512270004,1.65516442411,0.0631220494024,1.70589234829,0.319167684019,0.0,0.276247444898,0.00931795507669,0.0564885339513,0.268715179916,0.0055573362112,0.0426628192514,0.074315886423,0.0777983476315,0.000701342374086,0.377960208058,0.0,0.296409946743,0.0348359952122,0.109288462102,0.04891911624,0.0,1.16072169185,0.0282751996815,0.736317738332,0.115554535687
44,1.75220736742,1.4064630419,2.42120351553,1.12351325298,2.62362773895,0.125699261725,0.0976483467221,1.70114901185,0.23351053765,0.464843726456,1.9865131557,0.0734240128845,0.0394911107421,2.60773570389,0.369144054949,0.214873258257,2.87607171893,0.270126638112,0.822707149014,0.328066295832,1.7165709734,1.29589616224,0.289645755291,0.166838828698,0.177296293043,0.17080124829,0.59396383673,0.57524472706,0.0830444337428,0.650059416927,1.7207489872,2.28820784569,2.32971460819,0.273796662723,0.623113013878,0.0690925297514,0.392582147643,0.556833401173,0.0368411867134,1.57039883021,4.71264437556,0.0276237574965,0.174309076052,0.373385402188,0.0174208493531,0.977824778408,1.68048591852,2.68459696412,0.0901888215914,0.650641029179,2.01014895931,3.32117691636,0.695929816067,0.661493861303,2.3137189471,0.447752266377,4.58859827995,3.0248632344,2.66694275856,4.5787442112,3.80003034547,0.020460894946,0.174603599552,1.03508677287,0.0407856479287,3.44471553326,1.72054607451,0.0786209177598,0.362145314459,2.04975420207,0.104358521625,3.72949872494,0.238058384806,1.40563136257,0.00286137994379,6.2313761878,0.385911854319,1.61878445864,0.126027019691,0.124659054372,2.6557299906,0.0412285246002,3.81560450792,0.281004581749,1.97857878923,1.47333585814,0.299372551952,0.377870647307,0.0180711558461,2.43330385864,0.16890832901,0.292254256299,0.637551713921,0.407981243432,2.58162959933,0.18309377268,1.38817067757,1.312638309,0.0,0.521865941584,0.0957171649486,0.0332147349976,0.100102367029,1.12430086017,1.0331443733,0.0185708832741,4.45996559158,3.35795404911,1.40580214232,0.262049163906,0.11116299184,1.88197813511,0.2623504262,0.124394846484,1.01910084298,3.63073816061,0.0208059090376,0.170142213851,1.65126870513,0.482850978132,0.135923067331,0.00362793676555,0.533219423806,0.88710167259,0.015456506256,2.33316018701,3.11823590517,0.511822046032,0.251751209991,0.0197952417471,0.0251762744784,4.03722845316,1.31186294436,0.117175064385,0.186216119155,1.10145439317,1.5131194225,1.06743695349,0.552513898611,2.03961121619,1.04253643811,1.25899907738,2.15086109042,0.0,0.451287726313,1.56908866018,0.133055069,0.0305374775827,1.10733313471,5.46317392349,1.05609635606,1.50000320613,0.0843482099473,2.12026320696,0.283738670349,2.39285920858,0.392193234861,0.0243862980604,0.0266520476621,0.0811472624168,3.57849257946,5.78546011925,0.138479270553,3.70354650557,0.113672591299,1.4451064891,0.318142459728,0.247818641067,0.420677812025,0.0180161529779,0.142842473807,0.382693657279,2.65345038533,0.0718799988925,5.09733407021,0.180277693458,0.675586149246,0.162527309731,0.195552106649,1.89738278225,2.87354010582,1.19010406047,2.9667221427,1.81005532563,1.4686854127,0.619664997086,0.261206695139,1.65797484338,0.0800061422959,1.27108529508,0.798873062283,3.94361084372,0.158757783714,1.02881245345,0.114630902708,0.134962018132,0.95797991395,2.97651307583,0.0454456399381,3.78424191713,0.00254544511437,3.4467005825,0.012709916383,1.64970904719,5.36941087842,0.106907844027,0.0325764891412,2.09509268999,0.422646894343,0.558274949789,0.828668493889,0.108057251871,6.92840067267,2.86134427667,2.33805184364,0.274505136758,0.130180139467,0.094078854993,0.00662591874599,1.08923856318,0.524596200436,7.98058752537,0.437963731997,0.450928745493,0.114636228755,0.235808870867,2.76435357437,0.0379285781458,0.732737834416,0.379741108604,0.12733517386,0.440582391843,4.46135526896,0.879323193654,0.0669127891958,0.0188194692135,0.452060566507,0.27272993193,2.90330323249,0.114115340859,0.00961269468069,0.2383979249,1.50645723343,0.0102099373937,0.26874563843,0.0758398758247,1.55129910517,1.36472959697,0.425096551776,6.11907224655,0.19133591041,0.91449575305,7.89248816013,0.752074768599,0.407253097929,0.70418044012,0.548817336559,3.24534806252,0.186975963712,0.792332666516,0.747942258716,4.04559500217,0.810032142997,2.18470891513,0.20476754427,0.432394206375,0.56030042652,0.151353572235,7.45838019013,0.213924881071,1.44609678626,5.63419426918,0.205046871565,0.0383859584481,0.129934447212,0.216450386941,5.12437674522,0.695554011762,0.172992487177,1.92798059642,3.53201825738,0.739982917309,2.12979620814,0.32677842794,6.08098432302,2.95885467291,0.396597665399,0.0,3.04978156273,3.24175039589,3.28989587083,0.523470271453,1.59681680799,1.08561279356,2.09963772684,0.0567151203752,1.24940860368,2.80873567149,1.39434870429,1.2330644846,1.69619391322,3.12569532275,0.371827444024,1.93399389327,0.0593044029176,0.790872534662,0.031188563481,1.71546233214,0.199063499793,0.165540080518,6.49965504646,0.305159740653,0.447814079672,0.707608864456,0.247625908256,0.192895819917,0.205175552368,0.196554535627,0.563834215999,0.086573645426,5.10017634869,2.86006469131,0.292709379494,1.11265419796,2.46046246767,2.54478183746,0.491999443043,0.317816388011,0.910560618117,0.0728955151513,0.184573242913,0.0687548394874,0.321278228359,0.148585654778,0.179848132501,0.103559101885,0.0257785452902,0.725704086423,1.70609826922,0.0635392905958,2.17954837203,2.40655921221,0.414219877422,0.882693692697,0.129880436528,1.34246078193,0.205135689825,0.126115678772,0.0195462930202,0.904407566264,0.104298699526,0.298619164675,0.458100051284,0.066636146009,0.709299293375,0.228067220747,0.0343158950435,0.435595338047,0.315381018072,1.07561959505,2.87485447973,0.244039733969,0.225003919825,0.525888345353,0.625717632174,1.04989292562,1.17748408139,1.51157846779,0.132169568092,2.44561908675,0.0109413187951,0.990041195378,1.03689973626,0.0613157287985,0.0598974331096,1.15416781858,0.247473489307,0.572571172304,0.554362995625,2.95893065453,0.917221755832,0.0524014170468,0.0410024010763,1.41352459177,1.0161872052,0.649443975613,0.280280909073,0.397798197344,0.136237663627,1.00290484484,0.446462502331,3.76930474762,0.725004312471,0.570567055857,0.521587552356,0.0121631552279,0.00671698972583,0.811080779452,1.77780620962,3.51175541878,0.00851259659976,0.00757473677397,0.434172871336,1.28166536242,0.840081044734,0.275766098555,0.410325192586,0.0361797356606,1.12086579591,0.904138882309,0.216273144656,0.320697492212,0.43617136091,1.08671965495,0.117311496586,0.0160407400876,0.126961245835,0.154189712522,2.82956498146,0.383650492029,2.31791698813,0.13467738756,3.68461155176,0.340900247693,0.362601650909,0.276678321958,0.00571554370224,0.339517174587,0.507008330133,0.0296260643005,0.405785199553,1.601821687,2.41893363103,2.08496194899,0.341370506883,1.35419826318,3.09515925121,0.274444196681,3.82089191556,0.703434002716,0.73399348326,0.279140738547,2.02434693158,0.0387864569668,0.448778977692,0.67369604947,0.320656014979,0.0812361836061,0.336648857817,0.640902877711,0.463227908835,0.110323846284,1.07721422528,2.365138942,1.58555918366,0.221450592168,0.0355726480181,1.06155097127,0.775103300214,0.288442626968,0.776237606406,0.105942750275,4.27474367999,0.0707271850109,0.189176189061,0.00970275655389,0.96568800807,0.308962975414,0.217406644057,0.100006754808,0.139317037091,0.150855963677,0.118136729822,0.432972059946,0.793725784114,0.282686648592,0.495295671336,0.0401900318265,0.00190591186285,0.0232514835894,0.414890550524,0.928653681753,3.70525888167,1.35763537735,1.54815435521,1.7277631554,1.17651402459,0.13506190151,0.259060646743,1.53843933332,0.166555104852,2.14474584229,0.0156510941498,0.607769000232,0.0386735249311,0.925837314501,0.667825866267,3.14698318083,0.303427019864,0.709236639515,0.0,0.424613611698,0.908097054064,5.36965927958,2.12325580746,0.590098664165,1.02263791159,0.154486385733,1.96214689851,0.114267128706,2.14208669618,0.724010620266,0.763979914784,0.331536725983,0.25290348148,0.109349487685,1.20055563167,0.59991945266,1.08594515204,0.472417472452,3.0853574121,0.338940502265,0.528423392549,0.590602875054,0.416653100364,0.593926286772,0.360012559071,0.35469136944,0.197962363586,0.150784064233,0.231755561717,0.944334145486,0.0688107938319,0.753181106001,0.381915062517,2.49898460522,0.423878840171,1.91480237555,0.0481013006717,0.217783975857,0.173596728891,0.192665511174,0.967566371411,2.49962817192,0.696937451772,0.949032649058,13.3657992029,0.244644349292,0.35179656839,0.835992124807,0.884010700104,0.340220284155,0.543113899203,0.163350190651,0.0719790868461,0.102608895358,1.45492192388,0.544216380417,0.099275957495,0.0290190656483,0.383165421002,0.000963231697679,0.910671159104,0.487662420534,0.846995200836,1.59802219836,0.0483971710131,0.0195285563171,0.0867007121444,0.680425888896,0.623946625441,1.41923904613,0.0274311411381,0.387075459789,1.94515318155,2.15943303347,0.0117573697865,0.494098170921,0.206889387034,0.179500966277,0.0543226570636,0.299968931563,0.00787616670132,0.451873979978,0.00189678296447,0.770614582186,2.50502836943,0.430648047257,0.863613449112,0.48149698949,2.24804132128,0.109079014859,1.87401405022,0.720262926295,1.01025222227,1.16977708468,0.279898948953,0.836579169482,0.373252396882,0.285627496168,1.04398868173,0.600412085541,0.724577049911,1.03226421796,0.534403925054,0.842597594708,0.861698249206,0.0796936023235,0.902013433054,0.284133560304,0.29779666137,0.0182790727168,0.010870206058,0.361165857166,0.188265989982,0.192525271513,0.224608799629,0.725237973034,0.214423746602,0.0426740027033,0.588164945543,0.490128317028,1.72201602152,0.0954990490526,0.348111928515,2.57835673863,1.26022871792,0.988611933962,0.894736659769,2.21455489188,0.0587354537845,1.81857720736,0.0209479937796,0.426899110842,1.10235681809,0.33380658919,0.0442445395514,0.419860481024,0.164320648313,0.181271756142,1.23698230624,0.379070837498,0.0433133009076,0.14006270349,1.01160638288,0.171135472823,2.10661812991,1.3305934,0.190179048479,1.22450598259,0.390795594752,0.138058942482,0.0732240980491,0.216535419957,0.130084672552,0.0691099956958,0.264974572659,0.769207532844,0.568908563682,0.001657846421,0.00196605013334,0.764925802052,0.0940074688196,0.191648497507,0.948163465559,0.61936951261,1.76961511195,0.0328489667177,0.803722920269,1.91112961963,2.49877915785,0.0912884135917,2.12782055438,0.0248046188895,0.639234496355,0.540246053557,0.884906088561,0.0751303879917,1.74599479072,0.807460341379,1.3242400308,0.187508608159,0.228516926635,0.16732245747,0.61655795509,0.269114738125,1.45604154781,1.33773999274,1.92783080503,1.87252640724,0.930868455693,0.0,2.18769781202,0.494724248499,2.36274651498,0.163623993248,0.362757053258,5.92070194513,0.327929837722,0.205097465031,0.340348900706,0.254508819086,0.078801266253,0.28997830783,3.91343788147,0.0467372310162,0.665478343405,0.0454287915677,1.13360117882,2.71527333379,0.0116885109991,2.59917537734,0.116352248681,1.66073427662,0.093504308369,1.6571963048,0.909209586233,0.370855255239,0.0644075226597,0.205583911398,3.28698500842,0.0254604547843,0.292736361623,6.13652754426,0.623672733679,0.167861720249,0.125357915615,0.357453413606,0.692881332943,0.270725930259,0.586432099342,0.907441774706,1.19157460513,0.577808521215,1.53737439677,0.00142049320042,0.13065359081,0.278042254178,0.356186671227,1.17693838716,0.295386287104,1.12722485587,0.430745982304,0.300658685341,0.589719809406,0.0962181312591,0.562081130445,0.121122353822,1.13432583701,0.236825599931,0.651279690247,1.37577049464,1.84185992047,1.93382709786,0.654584293813,0.0960075878142,0.550040267631,0.411690414888,6.52465853453,2.37375515118,0.949227812439,1.21647534557,0.487681636354,2.74503719509,2.72249510646,0.0835506726801,0.0434533512592,0.0496042530704,0.370121164955,0.774335850868,0.0850968802627,0.214227818483,0.894913341105,0.383386453129,0.180540154278,5.12049652517,0.552424108908,2.57133773893,4.58828415841,2.57621612648,0.459569451657,1.14062086701,3.32801098943,0.101504519228,0.502573210504,0.62397905428,0.589549674774,0.271076558307,0.238496196195,1.08399937069,1.44425777655,0.046143912077,0.0125081117637,0.343981277496,0.527730932692,0.995784983709,0.880298879892,0.359989569969,2.05061345132,0.427742250254,0.632193189673,0.0387348391861,0.206713745147,1.08184575271,1.35412518993,0.28467498187,1.43029194146,0.429882671675,2.65027281433,4.66276096702,0.361459175944,0.0431042191749,2.29010133594,0.0471968622599,0.0398026058171,0.0827950160392,0.0242536906153,1.5931380187,1.27933331087,0.275141852498,0.776263793106,0.308848228883,0.0163144846074,2.49130524356,0.0205407176167,0.0834960252605,0.266061654687,0.0618385883421,2.39242740748,0.692151907692,0.0972934794426,0.042211308945,2.29957152516,2.5887209201,2.92418375134,0.106591808461,0.702720191032,0.0595102257282,0.0481957371905,1.62785602048,2.44345512033,0.258803136786,0.0508919495996,0.0841319722682,2.74064168811,0.836912519522,3.69972042918,0.171571234614,2.61848816812,0.0616122354567,1.21119296908,0.0290770164132,0.349534014128,0.104836259484,0.246348355338,1.20946652407,0.292104206663,0.0231408393383,0.0700338041037,0.609143650755,1.48792122762,0.0048217472434,0.629518282786,0.0280607809126,0.134110200629,0.250422144234,0.0341609406471,0.776698584557,2.82313131437,1.57370296299,0.0147926405072,0.264114765767,0.633502414413,0.306977353245,1.12469431698,0.759495008253,0.0817563090002,0.335399120301,0.556531585399,0.153170569576,0.0827322167158,0.0272738440335,0.265938689597,0.232029855587,0.0720547943655,2.1800768603,2.9106332618,1.29915848352,0.522025837302,0.0521565350518,0.159301268272,0.969895825684,0.76991332626,1.73382213838,0.603056522496,0.352501957864,0.0970878242003,0.00851380765438,0.210559206307,0.266455088705,0.708875499144,0.661891123196,0.0686222708598,0.51989489831,0.283191898488,13.5611024106,0.190114279278,0.132075858396,0.253141575605,0.461442273147,1.78503017724,1.16794797421,0.434013696373,2.65492359295,0.707381633818,0.0,0.317378178239,1.82537681088,0.094934091717,0.757406857554,0.0139578819275,0.307124966886,4.79132441401,9.84576346397,1.70852211446,0.0737095641717,0.0,0.0539150558296,0.0,7.76682483196,0.0,0.530546271503,2.15810415059,2.54817329533,0.0564141702652,0.258129861318,0.181505199969,0.0430039130151,7.24141169548,0.0623031211086,0.0171293513477,0.0927616876364,0.311005566642,1.2216106211,0.000241114553064,6.80104576886,0.663819573224,0.29639133784,3.48625093937,0.191644516978,0.00503377318382,7.98219313145,0.00292633101344,3.93709166475,0.134789059982,2.68206235617,0.0325655628741,0.467123576617,0.244426325839,1.04129649892,1.17566439241,0.280468207449,0.0716195444763,0.273274759687,0.0661852176487,6.23135889303,1.18962698311,0.272200186253,0.0130442357063,0.026919324398,19.521286602,0.383914020807,5.48499317981,4.00507674634,0.572458079681,4.7236133194,0.118393042386,0.0900698709115,0.703710238503,0.582170068882,0.596591576785,0.0047808457166,0.854852044284,4.73448455134,0.0633258418739,0.880795325618,0.0489502280951,0.451452913359,1.31535639167,0.963531462699,0.0389701479673,0.607951228321,0.443699618578,3.04266020017,0.355944904294,0.889038026035,0.0631520518661,0.0137670600414,0.0764778485894,3.09561907053,0.234598467387,4.83942719042,1.66303459924,0.0137936642393,0.0131884810328,0.0108773513138,0.264552058801,1.40834801745,0.11414996624,0.378806903139,0.0911028200854,0.123113250732,0.0182374820206,0.771548357694,0.0376397452911,2.48082662627,0.00726205021143,0.522054613419,0.22858796645,0.0,1.0356458655,0.0258127333224,0.787645242736,0.174187455326
45,1.72374739647,1.88330107778,2.07224300027,0.843874451136,2.91679091454,0.111242451305,0.123912410736,1.56561740547,0.0629939893261,0.494610028565,1.83245366529,0.0180495513231,0.0830416421033,2.82783844352,0.809511115775,0.229132960923,2.74631253481,0.0985507639311,0.76807440877,0.217564408239,2.46473833799,1.29608043659,0.612403671518,0.238369946331,0.237315539867,0.130457950085,0.390225794185,0.39122680705,0.0310299147666,0.264024271816,1.46554130811,2.65896110862,1.88361468315,0.214070995077,0.723212315552,0.0631356105953,0.631461758167,0.618507721573,0.0581446056766,2.15301775694,5.39552069902,0.0705852053873,0.0192816395685,0.159462519558,0.0,0.371372436993,1.73453948498,3.08409865022,0.202946085408,0.548456475586,1.28373220108,4.09612736702,0.642073689625,0.740230698725,2.15282272041,0.00726003408432,5.21964078426,2.43113550726,1.87218874097,5.50709724903,4.35767170168,0.00917019302025,0.0350912170112,0.750773020685,0.0858278797939,3.47662550211,1.8915050441,0.0952837909944,0.191693398654,1.32292934836,0.0937408858165,4.00460672259,0.206963449279,1.24058114737,0.014644286707,6.78975105286,0.345699122101,1.62510722637,0.0755311372876,0.0772015945587,2.85045766234,0.0270977107994,3.86571759611,0.447019593716,1.48864437878,1.44899967641,0.315543803573,0.401072335336,0.009753091936,2.61914027691,0.250389486158,0.340663360953,0.51055042468,0.246194052845,4.0374901776,0.0814522559196,1.49416759282,0.696110055596,0.000971900798031,0.282551042438,0.104440973699,0.0820711668249,0.0555154428445,1.41856028795,1.09659345418,0.0129921711981,3.77162333488,2.90502259731,1.63541570067,0.161554547995,0.177155765621,2.2111613071,0.190540664867,0.034517033812,1.03298421107,2.88967121124,0.0124791384395,0.0270264432579,1.26961181998,0.496399187595,0.0929391225055,0.0170588716865,0.181612430662,0.943227053285,0.0162756002694,3.45522859693,4.23571864843,0.979535003155,0.414503054321,0.02634676449,0.0192225049436,4.84648195267,0.760759988129,0.175470040778,0.100250183139,2.15083525538,2.1799745062,1.12446279226,0.723980993927,2.81634394169,0.688254853487,1.32069634676,2.82649528384,0.00266406394541,0.147315631798,1.41215366066,0.0298962240666,0.0320656900853,0.715660822541,4.91486546993,0.711845426634,1.25805384412,0.0758705804683,2.28899035215,0.291389876902,2.94200926661,0.539808058143,0.0023799008131,0.0,0.072708953321,4.55615710944,4.79935028553,0.121770607606,3.38349099517,0.220749816149,0.746158891022,0.254317393862,0.279842130207,0.446360659301,0.021374130249,0.128459864743,0.359198056106,2.52877194166,0.0154723453522,3.72967255592,0.25290944024,1.42130881503,0.152574404739,0.247155796289,1.63489584312,2.54709506035,1.46704005696,2.31551358223,1.72445948482,1.08513716362,0.669596470091,0.691672042012,1.14988137424,0.119022815824,1.00163788676,0.541249066889,3.39710793972,0.136626815274,1.40640001923,0.0547989638522,0.121948295571,1.46037185848,2.96691729069,0.0583998468146,4.69073917985,0.0227361983061,3.72614267349,0.000330500304699,2.19825307131,6.82558236063,0.185485592275,0.0695579966716,2.37320960641,0.325753642023,0.390454739258,0.976611010302,0.114467327744,8.70746887684,2.81456677824,2.98862179279,0.489164673686,0.0689400063455,0.104799125213,0.0,1.30647913963,0.973008579016,8.3041064322,0.261377537921,0.444343186431,0.168480844125,0.171450414476,2.58215251729,0.0445192956924,1.030835751,0.747162918523,0.146875103563,0.645544948727,4.99655443668,0.876607085168,0.0886929431185,0.0224044504762,0.150734087303,0.450863339305,3.55126940489,0.0474879760295,0.0632075667381,0.0707906573638,1.36884987578,0.00823229666799,0.515105609749,0.053037039265,1.22159508288,1.09362907916,0.257400735095,6.64204382896,0.0880708141346,0.803642559648,8.1002538681,0.351313459277,0.266058106497,0.651751964986,0.709212110639,3.0835770607,0.164974009693,0.853945117593,0.881758180261,4.17350131989,0.532968386859,2.47938353688,0.21053588815,0.295127883106,0.815737353265,0.0890099979192,7.58088020325,0.247853310704,1.54429484785,7.88256609917,0.371155784,0.0543946945481,0.0884177483618,0.137412607744,4.54191696167,1.26036392383,0.233838549182,1.55334298134,2.77876328021,1.08651268899,1.48704520315,0.402885394394,7.9056747961,2.8345788151,0.434809807241,0.012176605016,2.9986645031,3.96698745802,4.38180895329,0.790425752997,0.91941970706,0.845249203891,2.3118121171,0.00584548555315,0.974295854792,2.57320829339,1.46109217793,1.27526242375,1.78110710144,3.69932333231,0.349116526823,1.26077152252,0.00361758708954,0.574292452186,0.0231640483439,1.98518356085,0.0733247146383,0.0887592183333,6.01545427322,0.466850789189,0.178326481227,0.834071344137,0.292187755283,0.0723278371245,0.100017491877,0.276935954317,0.533709840439,0.0474545237422,5.19857682705,2.54484093904,0.193700324902,1.57706800461,2.15865765095,3.77543984294,0.380795537829,0.320885366052,0.525031820536,0.0487733143568,0.125225358494,0.0685137507692,0.304779777378,0.0318653314002,0.245566329025,0.0254386860132,0.0157962874323,0.752572649419,1.82005320072,0.119740604386,1.75935917139,2.03753524184,0.929565680004,0.61369637996,0.103943658401,1.17180012345,0.308689010032,0.269367879331,0.000464138500392,1.1976667437,0.159174449202,0.144680620581,0.553865052923,0.00050470918417,0.548369259117,0.369148945231,0.0457460967789,0.250025328398,0.559216117486,1.18084627181,3.39950660706,0.0114560493873,0.307854689285,0.488786148969,0.587998530343,0.772504401957,1.02866140887,1.66621993154,0.0908565010875,3.80551935673,0.118565761447,0.70859940581,0.891335874461,0.0,0.0804422625527,0.898520713747,0.348694034666,0.619561059736,0.359422460422,3.17037732363,0.422522861511,0.0743172160722,0.0431206577457,1.7293847999,0.886718853861,0.811596427411,0.121045997338,0.445100191049,0.00743784476072,1.07364538345,0.160189803801,4.94397942632,1.17376156121,0.424077846073,0.37325457111,0.0259593099356,0.000258354266989,0.354632638954,2.31172820926,3.23763661146,0.0404718446551,0.000142012424767,0.598667757064,1.52715978384,0.975030293604,0.232876180634,0.368046355746,0.0277934164088,1.82990022317,0.682901782095,0.25247000698,0.556793836318,0.0605599572789,1.36204951711,0.00240262404084,0.152506789938,0.136968159154,0.0393431442976,2.35657886982,0.187056518756,2.80520429432,0.17249935016,3.71858492374,0.168911822438,0.197572052814,0.292202866822,0.0,0.403341283994,0.433972289348,0.0076523283124,0.582410949743,0.850961578309,2.55103508361,1.76229556963,0.160723740235,0.654096991271,2.8629707931,0.0631892117858,4.13658605814,0.635553063825,0.830124768093,0.499290036857,2.76442986138,0.0626100259926,0.51882840503,0.404574855939,0.210303247292,0.0182633700967,0.536094713099,0.625014805831,0.316149433181,0.16554248929,0.66670430012,3.07566388786,0.716618673652,0.482332184743,0.0835812764056,0.468845090866,0.723535122871,0.115881749066,0.262691746743,0.000774862542748,6.09897046238,0.155840387344,0.195868154466,0.00651096381247,1.21629611522,0.400918119811,0.170387726352,0.209013633728,0.119249890149,0.171209873408,0.13208889557,0.406436371813,0.40384952683,0.145840670727,0.240512195732,0.0922034234554,0.0,0.157762362156,0.351818338322,0.785820616484,4.89814885616,1.72403926536,0.759545396296,1.63092015993,1.54946893349,0.0863496976532,0.15311897424,1.39488300775,0.506188471084,2.79276899539,0.0142678354215,0.256111828387,0.0206503932178,0.900148265921,0.441303100064,3.97554252386,0.153262164241,0.306743365172,0.0242232555151,0.591267162748,0.821601691395,6.25055258751,1.83117719229,0.335771925775,0.852715052664,0.0524025675375,1.74414313616,0.196890432276,2.34433792435,0.532821537852,1.47842205916,0.161468715072,0.356571947709,0.0478256452084,1.16261468887,0.637860692162,1.07425244853,0.140954134117,3.14954243064,0.259490008652,0.263466874994,0.965198257854,0.129782080716,0.706343799457,0.5053146993,0.271404156499,0.47391251713,0.0939019090682,0.308809603304,1.41571118847,0.0753792226827,0.499750932157,0.414803544711,1.59740001189,0.187104393542,1.60286358893,0.052639439106,0.156953586079,0.0644521107525,0.192855091663,0.62535110794,2.04809531502,0.982752121778,0.524854224783,15.1099463344,0.12674999781,0.544655140191,1.07816827476,0.371694661379,0.19514753297,0.390117232427,0.165990612982,0.0143899106048,0.00988548610825,1.85175252564,0.389084618166,0.0415315821394,0.0161834920326,0.496920918366,0.0,1.78636486053,0.280663727075,0.76826683037,1.22996298187,0.166831261031,0.0,0.0682224645838,0.663397059143,0.462382558286,2.06963128805,0.0732032657042,0.65172135558,1.37745692104,3.62875094891,0.0212308573723,0.450950259641,0.0970006335666,0.140407828633,0.0225662123412,0.155584234744,0.00827044513077,0.393699025009,0.0282376003265,1.20079348825,2.65468579218,0.456082693115,0.451806183308,0.133819798827,2.27680921078,0.204626904353,1.00703806648,0.824850813765,1.01056180567,1.15475449406,0.242841157746,0.843446711246,0.32282490667,0.117428676821,0.843505686298,0.866709948182,1.06540998948,0.946420812905,0.0842286286503,0.974762087017,0.704140067697,0.0479500023928,0.358140478581,0.214547569565,0.495780712701,0.0,0.00939180873334,0.29441524744,0.189800334573,0.59076650843,0.558636443019,0.592027087659,0.250371886492,0.0286790523957,0.316813533101,0.762877493799,1.1481800954,0.0085176961869,0.413135231286,2.81355052374,0.790998651013,1.16436372422,0.701315126438,1.03854639364,0.126423226707,1.83348919557,0.10077655863,0.0818494338976,1.01452980198,0.0204422296584,0.08616777502,0.303747982886,0.0221484928951,0.181922947196,1.11511572659,0.207107456494,0.0549435807951,0.478235131651,0.690657411218,0.144853985936,1.99243662261,1.59842801809,0.105407303404,1.32632286549,0.236040247083,0.0387503836304,0.0809484338388,0.121887823939,0.228625636194,0.0304523785785,0.0271711790562,0.490866172314,0.935619302969,0.0,0.03588286791,0.361811921075,0.143819279414,0.0999898860627,1.02098636705,0.450837628394,3.7885352277,0.0110373161733,0.813537430083,1.39819170065,2.95295270637,0.163143030256,1.87936760262,0.00246540740132,0.422807264607,0.350273764431,1.10384017736,0.0175722458586,1.7597237736,0.780948089883,1.15514674067,0.112776367068,0.156806524806,0.269208858944,0.769082235098,0.118208336979,1.97541462094,1.76189183443,2.75323937967,1.49390809923,0.726808083653,0.00553322851658,2.4067809236,1.01057176262,2.4510436067,0.107707845084,0.23468302764,4.90822522733,0.351553545203,0.317542988677,0.459875687743,0.17996975407,0.0733988130093,0.408551104516,3.81984223217,0.0579015837517,1.136530497,0.185391990896,0.768835753612,2.2183415328,0.0003559836559,1.98142322339,0.0932507401868,1.78417632349,0.004706619028,1.65351011015,1.47180650319,0.565007735938,0.0281368276104,0.163597249314,3.81449050829,0.0090719450172,0.245236670824,4.53483784676,0.469024769785,0.0288518718816,0.205378473364,0.23306076318,0.933335850947,0.16656979423,0.967901276648,0.91854768917,2.15178875491,0.578820822164,1.62933956981,0.0322176715732,0.248545967191,0.178681269167,0.179197318591,1.47293597788,0.204021267028,1.1638887158,0.734105152264,0.191457668636,0.496074680127,0.0819273993652,0.338460260704,0.244754606877,0.834956772868,0.185642766505,0.853014504164,1.45393948562,2.44809696537,1.60181852594,0.98577205725,0.0686785374582,0.866799341724,0.44859977839,6.77988021225,2.19070507303,1.54344798133,0.851822610395,0.495200151075,2.82202837348,2.59610117598,0.00562646776438,0.0107313271984,0.0214584918227,0.358697863929,0.608632597625,0.0420623319736,0.161178288125,1.0096019583,0.299651126056,0.210923217665,4.3181752634,0.97126166787,2.22598402857,4.30973438263,1.7113336879,0.359457966592,0.788049876988,2.41731596529,0.072389924,0.268370128428,0.992561314721,0.240033275411,0.461351593807,0.167584717814,1.33663792729,0.897445716858,0.00590885996819,0.023853381034,0.415618913174,0.640549709126,1.1677960154,1.142036932,0.454596763952,2.21205528732,0.213574465737,0.602253215909,0.0097196546942,0.144339932869,1.17232046276,1.0714443963,0.310486914441,0.907549150186,0.46000867134,3.26433497418,4.53410771865,0.308918896094,0.0854793108255,1.85260958493,0.256927094748,0.012315106038,0.0833303720783,0.0165593593381,1.76635481067,1.00409925878,0.140827034414,0.681328680515,0.239592774175,0.00829690109938,2.24294892527,0.000806913585402,0.188635559878,0.293862121906,0.0253028335981,2.11516689971,0.591897449531,0.319886972103,0.0264827809483,1.80251234971,1.95581177494,3.17037560014,0.0276773461164,0.756814287528,0.219487103969,0.0676669356413,1.21917356849,3.20375089638,0.375496767275,0.00942989051342,0.0010474197194,3.41978451263,0.445337595926,4.0849420948,0.0444921323098,1.96603356719,0.0730508275237,0.862876553759,0.020480427891,0.286202255338,0.0077142824512,0.389800568298,1.46546388507,0.320823427383,0.00513623766601,0.0576178571582,0.277115137689,1.66801076382,0.00724753152579,0.520821860582,0.0,0.145990531892,0.452100824872,0.00459856474772,0.948667031378,3.51865279555,1.14109898865,0.00159644499421,0.336015796922,0.652878349135,0.207360783424,1.1681189835,0.696950285286,0.117222012989,0.207186749578,0.230772420885,0.254603541754,0.168055924997,0.0469263348728,0.0586911711842,0.154656354967,0.0393291582959,1.7159579201,2.52447144091,1.55895089692,0.610960091837,0.0502806908265,0.162712358385,0.99662843883,1.22527759634,1.30657942072,0.851219230369,0.252363659628,0.0554735872149,0.0556372655928,0.148759486377,0.526136116236,0.723878725618,0.892031620741,0.148925889134,0.501372078359,0.452640497983,13.9121777821,0.137276622858,0.764136269242,0.744795933189,0.749067948684,2.68090040922,1.0610473609,1.700746205,1.47735188454,0.781082262769,0.0,0.0976291816682,1.22781346329,0.101119498014,0.583046387285,0.00690005555749,0.322491725869,5.27742823184,10.0830091381,1.53176330447,0.0625857241452,0.0,0.030605612658,0.00699464917183,8.34122121811,0.000997365042567,0.122194794714,3.44493306041,1.31523052812,0.0,0.111325084791,0.0949738467485,0.00209337890148,8.12683700562,0.0273654276133,0.00128530189395,0.515005807877,0.173444895968,1.43642310437,0.000863776281476,7.25324288432,1.18013008751,0.53766395539,3.50847157478,0.400814560279,0.041149879694,10.4116701794,0.0208904419467,5.24831115723,1.50781166002,2.67145619035,0.0765681225806,0.390181049407,0.0718775552511,0.847881756201,0.684589203894,0.171013675705,0.0342461186647,0.513389564343,0.226675832868,9.01621053696,1.38207055569,0.023486046046,0.0,0.0066049939394,23.5953496933,0.225296475692,3.79472984836,4.58377515558,0.764277018216,5.31318701148,0.0442005892843,0.228752513668,0.52227776885,0.200665996112,1.50296052769,0.0,0.523484589458,4.91924348384,0.0577929185703,0.518322117403,0.00174938157201,0.706576899588,1.05047661398,1.08470382884,0.102661756575,0.440169987563,0.175279580019,2.26473694971,0.126483280063,0.832005625963,0.0180259272829,0.0,0.0028479205817,4.57123721905,0.226075257487,6.94587266922,2.39080200009,0.108651819229,0.0839151291549,0.0122572491318,0.186298248461,1.7553606873,0.0450878384709,0.246852601431,0.0761642054841,0.246091108285,0.000856815874577,0.914175551981,0.0759962081909,1.22371113598,0.0900032383204,0.53692842856,0.422382233143,0.0,1.31158746585,0.0,0.687620296106,0.4020658499
46,0.46124247022,1.63774497628,1.71984246016,0.497172033033,1.0847580725,0.135063702613,0.839462684914,1.06221353531,0.208952521384,0.425170918815,1.57664748907,0.128702694327,0.224105543196,2.46377154589,0.329386748224,0.271940767395,3.97769445896,0.0567282120883,0.407024071105,1.34364084601,0.790654611439,0.961177052893,0.745394122396,0.352174620032,0.0813007242978,0.0930666388571,0.288929713378,0.558709707558,0.111209397344,0.459812615458,1.03124812081,2.54262137115,2.07523759484,0.250226437747,0.525787276924,0.0179521719366,0.876032116413,1.14510898769,0.00654434289783,0.945856799781,3.0624214828,0.107352119461,0.31245577991,0.77662702214,0.0284277541935,2.45842218772,0.55031525895,3.14793526411,0.0785024678707,0.742940891385,0.750584901869,3.50977189146,1.70367735997,0.567514466085,1.82582388222,0.0715849908255,3.96925361633,2.42675979435,1.87898542233,4.11110319138,3.1402636981,0.12017306909,0.148374391649,0.611171174645,0.021745869359,4.34314464182,1.85294510007,2.39272929668,0.467861789018,0.627113703191,0.171791089922,2.89767381907,0.177957117725,0.667314521372,0.108512149751,4.56129622579,0.528245394826,0.590753240958,0.46578402862,0.1511394592,2.75280730844,0.169389907867,4.26658076763,0.861405016482,2.86801350832,1.13796270583,0.277317828704,0.682637259951,0.0695560486615,1.89740837693,0.207290627565,0.615774240792,0.51980962012,0.375571169704,2.71887975693,0.25516792044,1.55302019536,1.26913903698,0.153596027493,0.297962390836,0.361641428582,0.085098245116,0.457078704685,1.8545884946,0.877826352715,0.0137104173005,3.51063344717,1.96991056263,2.67013566732,0.231998065561,0.286962730363,1.83644127365,0.496783278175,0.029097401388,1.17788032621,1.98658125758,0.0352162192948,0.666166195022,2.53143893093,0.889802099466,0.379919155799,0.0698333826661,0.181350681124,1.40256530285,0.00240444734693,3.00551162004,3.58635667324,0.391404001378,0.205586943175,0.0394582174346,0.0415879076719,4.19795859694,0.903759368658,0.184883922422,0.578105216026,1.38487667233,1.18172920855,1.51178838342,0.136077475995,0.86284927845,1.4341498287,0.657517938346,2.09767900944,0.0116069016606,0.62011478357,2.52355144024,0.465838093683,0.0768812169693,1.59182872623,3.51046649337,0.899296074361,1.90568897188,0.411693297029,1.75176579311,0.266849286556,2.14558253765,1.0412556611,0.154495161138,0.0406639535725,0.0788790977001,3.57943792462,4.04211520553,0.167599853128,2.89952663362,0.201447075307,1.58970171452,1.11072528475,0.155346299075,0.549180475064,0.0685516791791,0.308506870121,1.91714463919,2.34158918142,0.155864591599,3.60633518934,0.149722033665,0.54542803416,0.107931899726,0.541432486773,2.20201859891,1.87539052218,0.947362111658,1.04529734895,2.09362293407,1.74036473542,0.763439277411,0.647419011742,2.31612395525,0.337177103609,1.54641227335,0.242324558822,2.95295708895,0.427863464947,1.86930565078,0.551039717793,0.18022950042,1.17631375335,1.55093417287,0.429789283946,4.40454657078,0.0666353130341,1.39489675656,0.00395539410412,2.48796424031,5.9189071703,0.265443270206,0.0978889448941,1.55434075177,1.24924321279,1.1538119781,0.403685777634,0.154739798456,6.80882279515,2.95585259676,2.00196936861,1.45100391128,0.256546820402,0.0373169784248,0.0178925475525,0.575833574682,0.528650271446,8.88233101368,0.136948935576,0.722740929946,0.124932300728,0.0678213195875,1.96899945676,0.0184915944934,1.61560805112,0.485929475427,0.0940792579949,2.2882359612,4.22942272663,1.391879915,1.15753647402,0.12449540616,0.246417016555,0.312514510229,2.05780164748,0.223823715076,0.0115175390244,0.373668276658,1.26979987048,0.0285442188382,0.401793774851,0.221908073835,2.29167919636,1.55167851508,0.504828678295,4.0887066111,0.131827692622,1.11341685623,6.47491915703,0.463478367254,0.197826220766,0.784014672823,0.412531986311,4.86550041676,0.865826543551,0.527648834735,0.827666111588,2.90566850215,0.909007106237,1.73792744324,0.503096437305,0.308703435096,0.628912317837,1.59734647665,5.4318706286,0.272149183815,3.46870879173,4.78709124565,0.539898932874,0.0918835188728,0.409153606119,0.100561587363,3.22854908228,1.55996190611,0.608549583256,1.73193350911,2.79136493921,0.810906856433,1.33179803818,0.770941828936,5.25597786546,3.49639418125,0.406508502513,0.0467874660343,3.92821192265,2.40508487463,3.25583490342,0.536302825212,1.12089361608,2.09346879557,1.21628192156,0.161063628644,1.83224588335,1.92285226166,0.752150799632,1.18918384222,1.61098083258,4.90060769558,0.290491834562,1.02699858427,0.0691012084484,1.3282702513,0.0733848290145,2.33825948238,0.150422525369,0.14906411279,3.6922986871,0.475227635503,1.53746505264,0.478930784464,0.668706185557,0.107261217609,0.0722371322848,0.663830694184,1.22067276718,0.0441724037379,3.733727386,3.00290430307,0.173635897767,2.66492429495,2.06280452162,4.31006079139,1.96073382087,1.70196220756,1.27702528,0.0325880554318,0.823084177207,0.187615396976,0.35312909063,0.114563804641,0.423204579744,0.0361407192983,0.0550237874687,0.999729425162,1.42949068904,0.129593635052,0.977496891469,5.27425492525,0.345502501167,0.828511251807,0.132097974196,2.15417099655,0.317334235566,0.167787039615,1.35636961281,1.40632395089,0.904774066526,1.0592987479,0.957740669996,0.405742931366,1.22448993951,0.151120572472,0.118218626436,0.322737964764,0.194070606604,1.72922951786,2.5260387361,0.218183885589,0.110855164379,0.167997359596,1.42187841895,0.258064947333,0.928668691842,0.778422733843,1.18282227159,1.59130708396,0.0134951823205,0.599262360856,0.592298397087,0.103064004853,0.0183120871405,1.59645220868,0.21361774791,0.767840944896,0.649484176636,2.48517689548,0.857355091614,0.0945100996864,0.255891343299,1.19458019912,1.00108595817,0.582601201162,0.300616668435,1.59978663921,0.439702259712,0.618762861127,0.995457295552,4.79212451525,1.50612734199,0.573998663798,0.276646832973,0.082178033113,0.023792001158,0.726842244342,1.30719969615,2.06116054741,0.0852123010531,0.0405524754524,0.294996545427,0.368055095919,0.528590179384,0.34797147952,0.213823269978,0.702149548307,0.902618924342,1.10081940978,0.440958810565,0.320795071889,0.444421326891,1.17593564041,0.113081488963,0.191156898104,0.147662020735,0.322468619533,1.30180228353,0.317509305179,0.955144928284,0.111047494924,1.52961632436,0.390466666324,0.278283831477,0.221446324885,4.10800054669e-05,0.427515191184,0.127686804715,0.0598678172007,0.697674582303,0.704283902347,1.95378985196,1.42890648395,0.140044957343,0.808971660137,1.85560254991,0.90681164816,3.05788773954,0.721527725458,0.638929924965,0.305470871255,1.2567277719,0.241371539533,0.867482919097,0.874553960748,0.16624183394,0.0210482627153,0.373826304004,0.350834226734,0.202910836376,0.0828246757388,0.649451056123,1.38783754468,1.17273991846,0.430295340668,0.247519626319,0.842111329157,0.634548650682,0.643132551424,0.879672204107,0.534930334873,1.72931255862,0.0724730418995,0.165542493509,0.0066243496025,0.580307895839,0.56865633186,0.229601066362,0.0968235887587,0.167984975986,0.252670415305,0.0395665514469,0.433217280246,1.8131793681,0.163516962044,0.362186675472,0.348667270206,0.0,0.0719598609954,0.47471852161,0.813673776388,1.91024186373,0.482522080094,2.35816977952,1.85492149518,0.926244489476,0.114430749714,0.135711936336,1.02011139467,0.139298128784,1.56240817234,0.0219117451832,0.356066486726,0.311504519265,0.639916575998,0.42432614617,3.04794774801,0.330264139115,0.736151725501,0.0295123589039,0.388755280133,0.696002556905,2.93508254528,1.54146217316,0.635044335127,0.611202082746,0.082894593121,1.59589357473,0.301360357329,0.899491416961,1.38149531476,0.504566547126,0.549773061648,0.143118376862,0.360758020133,1.54073515177,0.595038235113,1.44634868828,0.142947527785,1.67504773736,0.118797387425,0.398580749203,0.410633385405,0.443700691983,0.330078191087,0.244932209179,0.40563560456,0.219942550287,0.305845914632,0.14762825802,0.703125033677,0.44918676842,0.930572746247,0.148376100995,2.48384093761,0.353403782453,1.45411687911,0.093488452062,0.235241752379,0.214888050724,0.168327669352,0.653801257685,1.46166896015,0.752213281095,0.89730516687,6.63460651718,0.383234682409,1.01012514532,0.695212257858,0.917801718414,0.265975955008,0.397504298082,0.0358586052991,0.118401340805,0.0775871923566,1.19596776366,0.531047859751,0.112982096039,0.0195350452699,0.559699898213,0.0110625010356,1.15188623279,0.641385419089,1.42158525713,0.915444782898,0.394515811922,0.0658118877187,0.252486112565,0.47890723601,0.430434812196,1.03775810704,0.10488280721,0.312040863298,0.92282528427,1.64610732198,0.012271602985,0.373258157745,0.260449575338,0.375674684085,0.13069493074,0.180646728571,0.0941946966946,0.349409371095,0.0123716789484,0.482206733916,1.63989011645,0.288792226464,0.420447982587,0.0801688796096,1.73280385479,0.390583475977,0.532358451486,0.355748596247,0.474024882764,1.36994668167,0.0524042360857,0.372510413677,0.0519162416831,0.0554952443019,0.949486271776,0.576550954133,0.767393931448,0.769728938341,0.899279329237,1.55042752117,0.505571127832,0.301309928056,0.258500891104,0.233239796078,0.410446621627,0.0911090148985,0.00994827579707,0.117737793177,0.22451302724,0.243504669182,0.102402411345,0.827657244988,0.162440068808,0.027409504056,0.283214057721,0.25780284822,0.312627104223,0.382772180513,0.333023437858,1.48936683655,0.659204096831,0.861397153586,0.642062551603,1.20309846642,0.438968307455,1.09091636471,0.0938937101141,1.00023782636,0.625038451664,0.0253659138083,0.0337449455261,0.300567795055,0.0336928963149,0.254231256694,0.628726551766,0.454576983824,0.022047828231,0.243593282625,0.90291368857,0.13669974572,1.49285602614,1.05148405228,1.04084228113,0.311815690771,0.473530941661,0.0362611924112,0.00846147850156,0.245699257981,0.419487395957,0.197015120384,0.369605142148,0.194853972569,0.795241576042,0.00156960543245,0.0551040448248,0.407282185555,0.1620639899,0.175603893045,0.264570401907,1.39852657497,4.51932421319,0.535813820213,0.44606962584,1.25631079935,2.62078791231,0.37240837574,1.8263384819,0.662112102211,0.226551645463,0.844681091881,0.794290653691,0.0118861563271,1.49572276846,0.593150099665,0.624535347521,0.933382209092,0.0321637115628,0.346111875717,0.502803750262,0.775537902396,3.00869688272,1.34938020498,2.11543066058,2.52343868375,0.675889245477,0.0,1.07759666115,0.838501661681,1.79987925893,0.0393402768299,0.516426120056,3.70616118982,0.0766573411785,0.0247492321572,0.602627345473,0.227600208358,0.0612244137377,0.519944566712,2.82008000478,0.25539435196,1.81449741691,0.269972570986,0.789355787616,2.38785109043,0.328010954913,0.796938104602,0.0837089193519,2.55716884434,0.124368182719,1.80198090196,1.62340632647,0.503739866163,0.260927522462,0.896989257671,3.2074366972,0.448901037574,0.200434231173,2.34369039387,0.406653021052,0.491887712404,0.0686379864067,0.255466022044,1.85409735415,0.513856390368,0.844709857106,1.78435149595,2.60395667914,0.335963548589,1.16819829956,0.321478396058,0.638576464541,0.2536917993,1.04109840931,0.820677818954,0.832400721014,1.59096154511,0.798524565659,1.15838416463,0.0644963992387,0.148164158612,0.148112955987,0.382494411543,0.537924028188,0.93569609344,1.47440052386,1.34951097047,2.1744652389,1.57042351622,0.972851590514,0.349276833087,1.06227219701,0.285396989053,5.69828713953,1.68826986223,0.993521213941,0.673338297904,0.286663029367,2.63363771409,2.79643490434,0.0186417496204,0.0357348927855,0.190749351047,1.25098143578,0.223893976063,0.290486522429,0.129861763667,0.639402990746,0.192629654091,0.280555443466,2.62142606325,0.755200548619,2.50361360887,3.07094096847,1.23009263716,0.584164367262,0.68508447811,1.32833532672,0.961494069132,0.250684787519,1.62487695383,0.781475423304,0.667485697549,0.150830404572,1.30180888039,0.884279835969,0.0550646792352,0.281398693845,1.02629636005,0.910485119829,2.45550314486,0.645944331223,1.0917054069,1.54947043505,0.126066884324,0.671926782136,0.113766163141,0.0970470992662,1.09017882824,1.15149665024,0.535060458705,0.412776192017,0.447554592844,2.20348298676,4.0048875007,0.889120256826,0.28123330012,1.35536658252,0.529972231984,0.000923730693758,0.384759396641,0.697309226394,1.54256003916,1.18502946664,0.0687480562925,0.930235533416,0.132395742144,0.192398437709,2.27995587066,0.101118308883,0.133754269974,0.126434137113,0.622068519779,1.19113168508,0.214789608396,0.261117009427,0.0735541174561,0.972508046515,1.73338529545,1.69411455471,0.114176645968,0.929768901169,0.0299547568709,0.0483546167612,1.80886687681,2.85004039586,1.01274298009,0.045923710838,0.165883713849,3.0061892575,0.583462859616,3.65674842954,0.171470316425,1.82702180274,0.0654316668957,0.907297678292,0.267640432175,0.132980676261,0.0648952308297,0.560833304301,1.90153443187,0.442794616222,0.0065452016145,0.00804122060537,0.26387957572,1.65797916651,0.0216661835369,0.484593950319,0.0508093577623,0.436997004598,1.02900762778,0.344170621708,0.375170182139,4.0342515716,1.05519210547,0.0480511935055,1.48283981286,0.934856419824,0.30650513256,2.5795942232,0.372918536477,0.624351466466,0.699410784859,0.34201926209,0.627667356431,0.152403570262,0.215342654863,0.437974520922,0.498713104054,0.222351998417,1.14735970154,3.11661332829,1.25063735604,0.501595871565,0.0838639554754,0.746102890745,1.21781668791,0.676236621682,1.95601744145,1.31856438438,0.670545887053,0.954792537391,0.264768243395,0.0555599676073,0.476427282551,0.525908534918,0.112522171512,0.105372039601,0.196168643758,0.481946945973,12.603098321,0.0798851097375,0.679128566757,0.127748773657,0.591209437549,1.93912995737,0.748244145215,0.284850201309,1.72006964266,0.640145828798,0.14803562507,0.0146915017068,1.0656996645,0.265120686432,1.07130791977,0.191039751433,0.448091137707,4.68866475314,6.83807497323,1.02265123629,0.00270589947701,0.1077822401,0.14173299551,0.0175116026402,5.59563028552,0.0,0.817017841935,4.0430668807,1.51805178404,0.0130665063858,0.0164387542382,0.0501326592267,0.0382197362185,7.07023103774,0.0281328934804,0.208079134226,0.117465286404,0.353123118766,2.40449106038,0.0027980029583,6.04179911971,0.450594804138,0.23009098731,4.18118367046,0.497152586281,0.00785246312618,11.5717611313,0.505219978839,6.90764359236,0.305677149892,1.82697912395,0.102306180559,0.0913394145947,0.0205794616789,2.50507101968,0.899081136165,0.216598189324,0.0794602106139,0.51202064734,0.094838912189,9.68339878827,1.08381704049,0.200374086397,0.211851299703,0.0361184510589,21.7122885323,0.145416324586,3.99201829493,3.46679757327,0.0800207722187,1.75595529594,0.309515872598,0.194901075996,0.566999812052,0.778604286313,2.61621097766,0.0012157779187,0.341102492847,3.48853403628,0.120126097705,1.81152245502,0.106065168045,0.174193245396,2.8018142387,1.75343404446,0.251414100304,0.350369441593,0.341331597567,1.66074474931,0.911856164336,0.697583152428,0.00234014466405,0.0,0.0251340003312,1.80196275353,0.0196703178436,4.90197557896,3.69806883082,0.00507040202618,0.0828940487653,0.470916985571,0.141881617457,0.673482459299,0.0333041020855,0.163780720755,0.226197752617,0.236396836787,0.0214138960838,0.556676127315,0.424833056629,1.55928056235,0.075970607996,0.492229503915,0.35704842668,0.0,0.531732772663,0.00185441344976,0.397564494405,0.35230299063
47,0.215149426311,1.31258035429,1.72524887979,2.76193449974,0.0730494637694,0.0721509309951,2.54596375745,0.195566466879,0.154360560477,0.326331335604,0.274442200288,0.30119079262,1.16616470242,2.57133915901,0.329844622929,1.24046694189,3.39617026925,0.251715282798,1.00770429552,6.89366381645,0.0314652261883,1.79774978876,0.767654392868,0.56549775511,0.00451663166285,0.12920859389,0.0979586802423,1.01709929228,0.691258308329,1.38579843044,2.30949408174,2.12865600824,1.73511863828,0.408393535018,0.606570144594,0.0836069449037,0.966388794035,0.965282243788,0.0777983139212,0.125326405317,0.2842107163,0.973318364024,0.758772579767,2.21544747233,0.783814426661,4.02400034189,0.225091926511,1.85712548971,0.117486273404,0.302943492234,0.404764570519,0.309619115964,1.7470143497,0.927638145797,1.05133086212,0.613957556598,2.14367479861,1.59076090336,0.424067952856,1.23881169289,0.494631409943,0.0400504063535,0.307317724973,0.584052011296,1.0880551073,2.29114793003,0.18246042937,3.906786201,0.999487341046,0.0708519798517,1.2636767865,2.56746864945,0.0999884520564,0.787881652415,0.453600438418,0.324115009811,0.893304470107,0.239549395144,0.566609188914,0.875932903662,0.308758645058,0.276029538512,3.30080694675,1.42980949458,4.3466793251,0.640778235793,2.0700597769,0.711755269617,0.122556526363,0.122962098978,0.432867826708,0.132267384272,1.29015170455,0.736924832761,0.51677161932,0.312242549509,1.0256494458,1.34849949529,0.710188750327,0.0226008042693,1.78204839215,0.165171916485,1.11093078077,3.44296193361,1.78260156333,0.0224851768464,2.07452267855,0.529325290024,6.51894700289,0.498999732211,0.431314695403,2.5394226142,0.761086174846,0.053129273532,1.58081247866,0.473797724247,0.179860310331,1.36473102331,3.82980279922,0.268691963069,2.72861311406,0.143514178046,0.144244107902,1.785693959,0.521649877653,1.32226488277,0.76375995338,0.425312504359,0.1499721957,0.677766328156,0.00467290410772,1.39965408307,0.10986193873,0.910750806332,1.70474854946,0.813899694122,0.28316975031,1.17186398566,0.104012888167,0.581960855313,2.18374058962,0.673529195189,0.215182006955,0.05065189749,2.15227283001,1.26040435508,0.631028700173,0.650550398827,6.0995584178,1.74094134212,2.20405552685,1.21897693872,0.42283685863,0.750419875532,0.213387575485,0.0594886519015,1.08188922107,0.558190842569,0.04278632164,0.0208597555757,0.493936663559,2.36039373845,0.188357876819,1.73520235062,0.00907096375711,4.30482102871,4.8879661417,0.145796783529,2.1146691294,0.674942933992,0.536874368638,4.48839057207,2.29492254138,2.11248291254,1.61545597956,0.523489840962,0.118044874184,0.0483246096782,0.991754876748,4.14877506971,0.418630889654,0.177775204666,0.352351825796,1.5382127586,2.51888429284,0.589192522317,0.174230799107,0.846632094998,0.47337897636,2.61362379074,0.0100631591119,1.4699008888,1.28867438614,3.81268490791,0.727086414695,0.425494877622,1.54380050898,0.604434373975,2.3896868825,7.50235902786,0.0473988127708,0.0360941542313,0.0196000686288,1.42546765268,2.91276146092,2.08630348608,0.182437192798,0.770224966258,3.29292023629,0.903071539104,0.224626326188,0.366711008996,0.942281267345,1.94367807508,1.17581826329,2.96309013128,0.713679052144,0.19524988696,0.178931391463,0.287645242512,0.155145263299,1.16662219152,0.109702960867,0.512876204692,0.171335659511,0.0487560415064,1.54638422549,0.0,0.733557190984,0.0256106551737,0.0263344353437,3.95698272467,0.929924174696,2.01885383368,3.36084557533,0.938607848827,1.15147865891,1.07896746814,1.04637222573,2.10707170367,0.0286176901311,0.278783441409,0.711414737254,0.331537367404,0.106495319239,0.374453691337,4.01400942802,2.16473024562,0.558535829931,0.752523745243,0.0377881097794,0.235297413431,1.46060198277,2.74303786516,0.0554234059528,0.68589940995,0.373065877855,4.48748515368,1.22385657191,0.0196748132072,0.198677718248,2.63922526836,0.168575355485,0.437589599304,2.95989249468,1.71558303177,0.157972770929,1.15471811205,0.352476987541,0.689732491572,3.57603295803,3.01971202731,2.8678901875,0.169377609119,0.899552635252,0.415522209406,2.88519156098,0.400926014185,0.28866653575,2.26104868993,0.587738423944,0.306875774786,2.1852812618,1.06260141581,1.54083160639,2.97675950527,0.41198332835,0.240023616105,5.64094467163,0.0429647304118,0.132120034918,0.0584213995858,1.53017255276,1.66519550502,0.445426379927,1.02103035286,2.01692241699,1.60074970335,0.232309930027,2.77468562126,0.560747989602,2.17751548201,0.195627240073,0.265162398368,0.0503960878123,5.13237077236,0.225648468761,6.34249157906,0.411331040207,0.516119173579,1.67905357361,0.753096932694,7.18415034294,0.526090022922,0.08546502674,0.0152796752751,0.21794667922,0.293799970276,1.02482454389,0.0273870497942,2.92301000953,1.2600825575,0.333027837276,2.48852272272,0.909898550212,0.900267695263,2.02596709777,4.31082186654,4.23087501884,0.0111791502871,1.37949749097,0.918354511037,0.439510102235,0.17095764135,0.267548140264,0.420192449018,0.0195334740728,0.560893084705,0.675959115317,0.635082166232,0.81546399653,5.09696254492,0.0634584976733,0.72443801444,0.00980784803629,2.5262143892,0.492270008102,0.35393703185,2.70444581211,2.76066556454,3.72243204832,1.38632865749,0.371150068566,0.262976761954,0.379123580446,0.0194680199027,0.401877475586,0.300680497214,0.0639216404781,0.459803005457,0.316634960845,0.268403627295,0.198068762198,0.503178893542,0.820782549049,0.0562436679378,0.150113966446,0.19557237478,1.04433926083,0.587823820636,0.556807115972,2.01680304423,0.13445281215,0.103424297571,0.172442902997,0.37891368492,0.138787170686,0.470848881304,0.286490342495,0.574888833407,0.192416239381,0.245017495379,2.25079620361,1.67789228931,0.533590915939,0.32769778586,0.287456353568,2.34469986558,0.321661945749,0.436970182043,2.15144988954,0.539268065095,1.57584842473,0.516357691316,0.0641962632909,1.09632234052,0.447276001014,2.40880934268,0.175016470551,1.61633029103,0.148042327277,0.246190216374,1.16292399455,0.395177024566,0.0355069223046,0.596515925303,0.208652454382,0.467966215089,0.112930391412,0.840705243945,0.856090309918,0.166958881398,0.447828076482,1.92330361236,0.111233694479,0.168709289953,0.141092603989,0.321982968301,1.52623942122,1.42402024746,0.131792898923,0.346452915948,0.762869302765,0.23304692423,0.219338686913,2.33166229678,0.0,1.92264148057,1.7715990591,0.328849163894,0.622419521064,0.187716481835,0.971410356313,1.37479285359,0.0179188371077,0.460421541333,1.28048552603,0.22747242826,0.741561664548,1.83315173984,0.249355146438,0.129652883923,0.0216783822328,0.406949964762,0.30253775008,0.408726674765,0.911557792202,0.0155497168936,0.0526928633824,1.04184395168,0.0724270802364,0.18653725531,0.31388132751,0.0449136445113,0.813498189598,0.983996000066,0.503868708829,0.930411484689,1.26638422596,0.611025024951,0.365888351239,0.600203325748,0.277848208994,0.566172846481,0.535970714837,0.305913852528,0.337100647436,1.82084455907,1.21864363514,0.0337262835819,0.198440030646,0.344402959235,0.0695572214946,0.76876300022,3.47091692686,0.0835844272934,0.165250286385,3.13585517196,0.0673673871532,0.0603000819345,0.527503949851,0.708651032634,0.282194028681,0.128234888092,0.202047711462,0.140008693784,0.538819071054,0.0713139103726,0.0945547022671,0.057364349626,0.185440914906,2.042222884,0.0350768006593,0.822453262024,0.133625047021,0.414436286353,2.29940908253,0.431780989282,0.284481904097,0.562650482282,0.228169537038,0.243862909265,0.26296720732,0.945356711671,0.649374909401,1.06082748815,0.19794990126,0.953572353274,0.179909346327,0.256331591234,0.227289090827,1.5937503922,0.0897717742994,1.57904873691,0.0409655900626,0.157242181897,0.460457498655,0.76314404875,0.14653872624,0.318758677912,0.349878781363,0.275162341408,0.363792408425,0.725825903863,0.602035664916,0.417124875933,1.39772176296,0.685136725195,0.795328338295,1.69655160189,0.348144832104,0.293622536138,0.0381045437604,0.433590902053,0.271267222464,0.563802484125,0.460620895624,0.606609290261,0.212768573239,0.0576337462605,0.191978266928,1.11259447116,2.07626649886,1.02928050002,0.581421662746,0.980521059688,0.703911360949,0.625050607156,0.335552110672,0.0115480493195,0.336411786228,0.311665805168,0.568873646231,0.572594470428,0.535149872629,0.233317935839,1.37493389666,0.183705501035,0.098853135705,0.286964215506,0.276120467782,0.0131006866321,0.622259421311,0.314894563034,0.352223237483,0.782421280146,0.156556707285,0.98345559746,0.0425585211813,0.439930481054,0.0502145436406,0.0259707663488,0.109562009997,0.101979680825,0.333241852522,0.417897487804,0.263348245528,0.559131932706,1.29865131676,0.524729323685,0.68567455329,0.236479043793,0.20137271449,0.538195131421,0.0968594775349,0.572920135371,1.7754378406,0.053189248601,0.12867237879,0.283405684493,0.59082829088,0.286131554246,1.63336720653,0.234036022089,1.08548515067,0.683961012647,0.0437531425059,0.178753768317,0.00573469549417,0.796826721281,0.686857961998,0.165575688407,0.313463879656,0.26476560127,1.60351738513,3.32977705121,0.410283632688,2.41525596801,0.200386824347,0.182865416538,1.20027779674,0.486266651489,0.548349931054,0.357382995095,0.46110385377,0.159257805813,0.169456391111,0.0074792316556,0.0555341259111,0.37936310187,0.179870025311,0.215894742571,1.03088457391,0.860740105803,1.6261395067,0.039196638763,0.278907012567,0.411006021663,0.20960815683,0.632006078027,0.0714605676662,0.238088489566,0.493130716011,1.26920711994,0.212177719511,0.210915710814,0.0377570027113,0.128380130148,0.493044859134,0.966954939812,0.199342303723,0.10210974535,0.0703392051533,0.615511056148,0.649596174853,0.0754101890232,1.77467826128,0.299686874151,0.378544205688,0.595638454109,0.562252883026,0.0759993674606,0.0529282086249,0.0187031957507,0.207304680943,0.289731657449,1.30966718137,0.573395371447,0.389764415324,0.18969194375,0.109348686445,0.157322757114,2.00798838332,0.154485770166,0.557842595726,1.48527166765,0.79456307143,0.192203940982,0.600194468088,3.26917098165,0.859310854003,0.561784470379,1.10580613568,0.223558407612,0.375159690138,0.34424937211,0.0488300669193,0.334054000229,0.119183577038,1.16382592071,0.190545043945,0.59523214546,0.11140214419,1.29455921203,1.34351663049,0.747708796621,0.763193607088,0.0611561060976,0.0455766837677,0.296007075324,0.677512363559,0.0,0.47219279075,0.215840278147,0.55067170918,0.0161916565336,0.126578246113,0.936364288926,0.0970399257541,0.0428411351144,0.139704971866,0.162182935141,0.364920206387,0.235982366731,1.37085119247,0.0307681750506,0.108127068821,0.636394212507,0.785998228341,0.604417563844,1.06473471314,0.432788207494,0.346585631203,0.699800360743,0.574412243813,0.829609059859,0.464901034068,0.312469545789,0.276117047267,2.32216877818,0.171337386761,0.270290007079,0.280677426942,0.996126377322,0.115749514401,1.88326726191,0.652736257911,0.120473397337,1.03092571739,0.897472103164,0.880126802735,0.791283204928,0.0698041393654,0.661987552606,0.631337276911,0.853611119404,0.031836328283,0.973876330629,0.905265326351,0.118237259686,0.156871806458,1.43248007357,0.453224831577,0.339270621873,0.257836831105,0.6532328251,0.616729089748,0.0935988714546,0.0963818265498,0.470639239568,0.134586043721,1.68226761431,0.748538542502,1.13733341098,0.00147091120481,0.155351239443,0.0284194654971,0.188378115669,0.693208976835,0.139906096458,0.00818572998047,0.709830810372,0.00633615385741,0.649983966574,0.432509051114,0.0248993399367,0.131333271307,0.108059585849,0.0931738596968,0.285904043093,0.823162895069,0.293479630323,0.262570019942,0.0379933097214,0.149850404914,1.49125986487,0.912792271376,0.609825821554,0.125498105101,0.737144433795,1.53405199885,0.688871056773,0.225366310291,0.48413589336,1.03171446174,0.363781536873,0.267108784951,0.34680652502,0.0365880310722,0.202193170562,1.18913369417,0.420519897938,0.0410553579777,0.421154709645,0.07405504575,0.244344825819,0.0753649670747,0.217184476703,0.142247724384,0.0542374113947,0.19491769243,0.728763854802,0.38360031466,0.103119628928,0.977716086507,0.0433676615357,0.538492324763,1.15681344958,0.166048608692,0.648015906401,0.33985339009,1.12955796883,0.0521036732011,0.0101308517531,0.0853397215158,0.393483277783,2.0289484553,0.2419701953,0.231394949853,0.156483606994,0.551684149615,0.240533567248,0.0971633138694,2.70523840487,0.0104009910859,0.0445496347733,0.380830243938,0.653780029491,3.31046623826,0.0969847019762,0.0884522813,0.130078843236,0.971180496886,0.0753661884181,0.295299949371,0.0657809460664,0.179140187707,0.169602436796,0.00454984780401,0.353727362119,0.543513572291,1.31335776538,0.0595797330886,0.433873730749,0.142621556278,1.35203315705,0.459308086559,0.289561042488,0.0541947242245,0.577790983915,3.14163449645,0.12773132734,0.120019637849,0.84329057938,0.181779613011,0.910086474903,0.669856787026,0.0419137571054,0.00355974486098,0.184198366787,0.0122155741928,0.0134516763315,0.651625486389,0.0347555289525,0.414070562925,1.34658087105,0.485133359432,0.0649488299526,0.0880688944459,0.667007005215,0.00355434326455,0.64056873966,1.36242673397,0.0875502762757,0.379890322154,0.403731580116,1.19768587485,0.810814036103,0.709509360418,0.689853215925,0.0897220022231,0.330354812182,0.0473526646197,0.223914522701,0.737449157052,0.274828404868,0.0354521599412,0.0864064022154,1.12949813738,0.0615359929577,5.15241787404,1.05356613398,0.388377674446,0.0423795378953,0.343270504816,1.30911487073,0.439191400707,0.195282628369,0.364345849752,0.250419333167,0.14729880929,0.412413202301,0.235031566918,0.0284113268554,0.000675634266809,0.458901197314,1.03770667497,0.366627254784,0.056740322113,0.196208015904,0.431124406829,0.444345306004,0.500396097726,0.344144365042,0.832011532336,0.0973280275101,0.400544232056,1.83555953264,1.00399918884,0.000442063063383,0.00662394098938,3.6217326498,0.669438276291,0.536668148935,0.0950429356471,0.000468076020479,0.06674338229,0.0558301472664,0.00875674188137,1.56972163357,0.0917878548056,4.05688731983,7.72404582083,0.173811897617,0.204382046238,0.642585563026,0.0213467124104,0.791707211249,2.76900966763,0.327411037087,0.583980171084,0.89544652909,1.36679899243,4.49518916368,0.161478686631,0.558183047697,0.0520288987458,0.351717181089,0.491779358089,1.19998062462,0.0075588208437,1.32826856293,0.0829239545017,2.04621659398,0.371359779239,0.049562555775,0.302763928324,0.0199932443351,0.439759735242,1.29988165259,0.198934055269,1.16795062847,0.161054257215,0.850588047355,0.289465562403,0.268659045994,0.624527786039,2.35019077227,0.240937278881,0.609364838302,4.27779158115,0.464991132598,1.87768258508,0.0307356001064,0.0263754194975,1.94838866174,0.593098247647,0.00842283785343,1.24947712839,0.626343717724,2.59891446829,0.300699909329,0.354290074408,0.760667155772,0.0480078699018,2.27856654961,0.810148664415,0.145489069596,1.92415085256,0.12487125434,0.958088710159,1.04937814683,0.495670612603,0.836854776293,0.302027130527,0.578505630344,1.46426686287,0.116628288329,0.050609203577,0.507384388037,0.0242653657496,0.000250274892896,0.910395011976,0.0332862947322,0.141335796267,2.59650903255,0.109764014333,0.0355280800909,0.114086446129,0.793609788269,1.23574837101,0.0215289855003,0.0,0.343420068203,2.22554595426,0.218444559872,0.536248854473,1.51940852806,0.196965920031,0.0351006579399,0.064367025122,0.483940193057,0.00889763653278,0.391277023219
48,0.0661329882592,1.25324123718,1.03767426506,2.03555089176,0.229163166955,0.383501829952,2.06534288161,0.21466906473,0.13359235046,0.508074329644,0.558944463655,0.183194092624,0.565395759493,2.84344715595,0.0639001099952,1.33050000218,2.99753406405,0.0352136696875,2.63473590642,4.81739738464,0.413222429901,1.81434250548,0.759260254502,1.2583110033,0.0479256296158,0.188789539933,0.187610881822,0.598635552824,0.292730050385,0.447152521536,1.35282903835,3.47191467941,4.9380657804,0.371239807904,0.40270372346,0.121435648575,1.66893989265,1.00224011317,0.0100389099214,0.24596921457,1.38795280829,1.42041005194,0.664513269886,1.17718083039,0.082527464591,3.55607213721,0.136318590499,1.4989271313,1.77071418058,0.35376010526,0.187379580513,0.625629536081,1.28385153182,2.88881090507,2.07334347844,0.204711426124,2.72191052616,4.1192664814,0.462376347631,0.916123483405,0.557985976753,0.0256430704892,0.319959329214,0.598933171984,0.617552001476,1.79599040797,0.40576522015,4.70176692486,1.43674899936,0.0206901257485,0.172643598854,7.32480409831,0.0858349104412,1.15770464018,0.0502571442723,0.791181572601,0.611145701557,0.187220347673,0.331965657622,2.29845386907,0.279155769274,0.294354492798,4.49632979155,1.04029872179,4.7416908145,1.05143192723,0.860113417134,0.656697078943,0.122939171009,0.506433753669,0.251669248939,0.253597233593,1.00475335121,0.35424524324,1.79346216023,0.310173774958,0.953783817291,1.08071694434,0.568914564848,0.0502289205231,0.628992357273,0.173972438015,1.24634173401,3.93873260021,0.882374632135,0.0253841298819,3.08190755606,0.970320908967,7.02269435406,0.710504160672,0.675673362017,4.63879048586,0.323947007954,0.00627708211541,2.14457902431,0.623806159645,0.0709210890532,0.682703220844,4.67527316451,0.434079403169,0.994658898786,0.108690066785,0.456571209552,0.96308467418,0.27226005882,1.19685457051,2.60308308039,0.356448690221,0.0870698156767,0.254218437411,0.0140142433345,3.72058123112,0.500879151952,0.407034940794,1.30287741393,1.63931494586,1.21472959899,1.17240930036,0.078987370301,0.707683161795,3.35096636772,0.563364895061,0.146628953367,1.26398006439,0.493696828038,1.979696314,1.293793028,0.423160632094,5.12969489574,1.64926084131,2.09877092481,0.312804184556,0.661468139328,2.05514470018,0.458204221837,1.33087556116,1.52792756349,0.242107029967,0.00852474372834,0.0311791914701,0.839820313156,2.92611089587,0.151796851456,1.7253045395,0.0767822112888,3.71218977451,7.41221437454,0.226899618506,0.555365947261,0.121501943171,0.3519418782,3.73063239813,2.6178563714,0.352066463381,1.15102579132,0.516864599586,0.0546138426848,0.472579161618,0.672201680914,4.43271388531,0.675141141005,0.446942979693,0.17691073738,2.19559376098,3.08727820754,0.298979770876,0.494345449582,1.7286263153,1.91014865823,2.46612133741,0.0387079662085,2.78125272274,2.22355085626,3.56768511295,0.125034337007,0.610563923307,1.70328279912,1.51315340459,0.852400987744,11.2709534836,0.081233632192,0.0337001428753,0.00958047761349,2.64474752426,4.91537950516,0.314584364854,0.0853388357069,0.617191981673,4.23786398411,2.34897933364,0.317090476379,0.264230643362,2.18320956718,4.62562357426,1.64668823004,4.22767643452,0.161454314962,0.188033499196,0.174192887992,0.57820062194,0.449988441579,2.53386004031,0.0408955922723,0.546931064539,0.364330366217,0.0485209129006,2.69872955203,0.134057956338,2.4801622501,0.115940821767,0.058671452906,2.02001419425,1.26587035879,2.48528121471,3.17236586433,0.496819977462,0.796868743068,0.714029351287,2.45251356445,0.687543090209,0.135384760723,0.337616188228,1.02771011889,0.24953359209,0.227168166488,0.244371459335,3.50812163353,1.22197292984,0.552583301365,2.61200210458,0.0177250102162,0.28394998882,2.29359275684,3.8683298254,0.0371789988267,0.178686532229,0.288860362321,4.35313168526,0.897275437713,0.0896972036082,0.201494958065,2.36178282142,0.11655006893,0.917882924527,3.43759027958,0.926219276786,0.315272100866,0.477604152858,0.758673006706,1.81068847768,4.86476567745,2.80410440445,6.14626187205,0.390719508827,0.440401659012,0.281145006707,2.36651637435,1.09870668445,0.11743978411,1.34334701732,1.59067231454,0.409073415473,0.538485212363,0.904364914298,2.75240761995,5.14482628584,0.420855671912,0.311293169111,9.12624205589,0.389157481864,0.528085999209,0.457155256569,0.438033484071,0.785167423114,0.822972727716,0.377868234999,0.836689115465,1.73804091513,0.42278640151,3.53447098523,0.980532098562,0.715764837265,0.199580098987,0.245588485282,0.0506976720691,5.18803277969,0.0251970495284,6.34184617996,0.081437035203,0.333581649102,2.6490860188,0.434435211755,6.72102012157,0.543855420053,0.11059951514,0.0412853589654,0.10489061065,0.41557768099,0.40912376985,0.0409737412632,4.5963029623,1.67877092808,0.152656138986,3.13420605183,1.21461145602,0.465192991402,1.62320519447,2.09050030977,5.7795795083,0.0937093623728,2.33795257747,1.06976061746,0.356570140198,0.12985910356,0.20683429867,0.333691444099,0.166950100809,0.992517928928,1.97568588849,0.314113767892,0.345619505234,4.72708631039,0.255112344883,0.38257346347,0.0219977448462,4.46710401058,0.305764206648,0.16432235077,2.84058943242,3.88408112049,2.29302843988,1.32243321419,0.349151983582,0.699146388099,1.41795036271,0.0773963621631,0.408396137841,0.268576195687,0.24793486122,1.03511388009,0.907728110701,0.236974303219,0.192555983961,0.376659442782,0.87317695424,0.233494317532,0.245063184723,0.871014621481,0.588784159319,0.822412625875,0.0104602503031,0.522019911222,0.250050474443,0.02430909127,0.0853195653856,0.256633518003,0.258375042989,0.926379970235,0.321436386732,1.00715055201,1.14567483347,0.00206852273084,0.999515471943,0.620361768864,0.473568363544,0.195843412005,0.144877912104,2.15349954605,0.19340002358,0.0560875678807,1.40298779922,1.18819411069,0.234038219065,0.937409714833,0.0576477436163,0.859195223749,0.204426079988,1.98024141073,0.225062160632,3.37343618035,0.201022344604,0.0449238257855,0.61508320339,0.481513195448,0.129876495721,0.609734189697,0.22129489664,0.391719994545,0.192274367884,0.98448875457,0.408985434771,0.429841791838,0.209148777537,1.89206706434,0.379003708139,0.1043247547,0.207878332138,0.192533869036,1.38278919086,1.32296424649,0.297331184447,0.245163644105,0.431084182784,0.0694363201223,0.194667607583,0.99746992372,0.0,0.814788855705,0.544163501374,0.0727136675548,0.851310267746,0.480513421744,1.14278837353,1.3575107491,0.11428111732,0.735981578813,0.588719649166,0.123793797195,1.77556051251,1.63068206869,0.241504325022,0.0134619306959,0.570371172428,0.402339553153,0.243131763749,0.441521619633,0.710654326025,0.00828816384077,0.196382131251,0.369406072274,0.0673417214304,0.0216603933834,0.536720415447,0.319141188376,0.343226383403,0.475181484073,0.504238338899,0.770226981677,0.586778302342,0.656950179152,0.345619069338,0.122469983809,0.577816592604,0.0387019690871,0.32019495599,0.146946456023,0.136686341385,1.23728368834,0.953820775747,0.217821451928,0.180813732757,0.531319404989,0.206131684706,1.04740174502,2.87888209254,0.125079836547,0.172909927815,1.34964671358,0.0,0.032998549575,0.315345363319,0.557773580588,0.581813434232,0.28438300557,1.39566849574,0.168975397497,0.80221576646,0.0275873937458,0.0456805638131,0.265895621777,0.0640691404231,0.880649594814,0.00623423422687,0.545865847357,0.0410215887707,0.428425832838,1.00302407071,0.42461470956,0.236519840136,0.265360640902,0.0966997721791,0.385296785729,0.781908746213,1.55097746144,1.19536372937,1.11087409228,0.437771527804,0.247381336335,0.159985700734,0.224285362065,0.159843303226,1.05211194217,0.181728113405,1.22472514816,0.214760626704,0.534826019593,0.554430155903,0.549817152005,0.65202003967,0.439865402132,0.419983627833,0.200810888316,0.158124946281,0.289865905046,0.248299952338,0.177360616038,0.875152823981,1.66789645091,0.205985850589,0.826115938276,0.083199961856,0.325247245599,0.114013175964,0.154647905958,0.408035597475,0.993875060566,0.658666443969,0.697927881181,0.0544190151803,0.0632705602003,0.304200659376,0.306711136922,1.00279309854,1.04041208625,0.536947166026,0.707802378982,1.73024585803,0.520774090569,0.84105852969,0.0788632247597,0.325842354661,0.346519636959,0.303707906678,0.215423082449,0.173940013004,0.184080091091,1.39695846766,0.282160714203,0.0126098213717,0.537569322772,0.134684455693,0.0164653894305,0.222034821808,0.383635660862,0.645998785049,0.858368738741,0.15222330749,0.142393270731,0.102668444961,0.522406159639,0.174327263981,0.313986542523,0.183144958559,0.0537406333722,0.551620290093,1.08119412214,0.0321749727428,0.306741540134,0.429589882102,0.385837851465,0.176041598022,0.559759798944,0.11477800183,0.802879301608,0.0275717814267,0.139266607128,2.34602639735,0.0690257445723,0.324977711029,0.616809169389,0.653274368793,0.509145308882,1.30795024768,0.114156138711,1.53019860238,1.21605049253,0.0873663651943,0.37307125628,0.0257062605023,0.0980399004743,1.08006711768,0.107452738881,1.0119970496,0.222569867335,0.747272471925,2.65587608427,0.272952173222,1.21924464963,0.455817012461,0.122523259651,0.321881382181,0.21751707685,0.0694494515285,0.261922942288,0.108978281729,0.434729625937,0.108102925383,0.157746548653,0.108223389164,0.266971360068,0.0283056949242,0.176773634683,0.317624319419,0.830212234743,0.771465976685,0.564087658301,0.756181606799,0.576575928815,0.318595358133,0.898448926657,0.542899564849,0.345479834527,0.0831995683,0.580266922787,0.495165888481,0.161055407971,0.00591563977301,0.271169374948,0.26217093572,0.419282490611,0.605313176811,0.492710593119,0.025658878386,0.125339352428,0.444814044498,0.122561508899,1.59537450772,0.707777319103,0.244278346151,0.255002083103,1.32766608842,0.0106883479655,0.0194934466481,0.137254164107,0.179866562225,0.125182316639,0.90485789625,0.080504931137,0.518272660282,0.0394984912872,0.201984334197,0.434424223714,0.740901640002,0.079919783026,0.103183792014,0.863126454614,1.63905817796,0.0451066820137,0.424252943918,2.89743953571,1.41376201805,0.471091876999,2.72748249441,0.454582277946,0.0846222108323,0.0624697684497,0.0457899487205,0.131260439288,0.356470101438,1.09962695214,0.462952298168,0.281134660821,0.201778398938,0.794501447752,0.353783385307,0.741389456624,0.750923072752,0.0352976416168,0.0206873607635,0.427777174897,0.411715923771,0.0,0.133365108483,0.12307825923,0.320756540671,0.000131996897981,0.16290116895,0.329229811095,0.178342541968,0.0179840409569,0.0897339866008,0.104436297417,0.0555309544504,0.012257140521,0.558875023527,0.0674333369359,0.0804167751162,0.269279834125,1.54097686771,0.907238832917,0.521986486167,0.632093671318,0.0962189763039,0.848430691659,0.03684004087,1.4584253554,0.6212373293,0.91732854303,0.255523323044,0.746898973696,0.108458038243,0.540246774331,0.300311682224,0.388927928563,0.323747480586,1.06848572925,0.402608098404,0.717387448661,2.06737995267,0.321368975639,0.722881056424,0.610703627989,0.00499359503388,0.299116175678,0.572723537739,0.222307659071,0.0123400294036,1.21951602097,0.997125511765,0.97005590409,0.182242681682,1.21490280122,1.43695413634,0.450115412772,0.128751706686,0.457189377546,0.373189356094,0.30870822411,0.184134676941,0.635297983545,0.434766679704,3.04473954558,1.96895328939,2.02842947364,0.000625358298421,0.0350611137692,0.0876839052141,0.00752248704433,1.06461130872,0.327873469219,0.0749737539887,0.339287152165,0.00635334294289,0.516774623229,0.583917785706,0.0418257005513,0.272598478831,0.161745118946,0.243906413745,0.175072014555,0.345051459521,0.407930932883,0.631116482327,0.0888644992933,0.0373495717719,0.593778729141,1.0165087758,0.951108395159,0.127087817146,1.14365064673,0.868464788198,1.05087019883,0.33702398954,0.197065112758,0.332063578237,0.423017126527,0.100905398838,0.198717950549,0.353583485931,0.0969566082116,0.707014874518,0.0,0.154362001903,0.3755095727,0.0773921855958,0.499353696406,1.24295102036,0.388707675487,0.156091436762,0.0748085387563,0.397574250698,0.0499053143593,0.0628952600248,0.120508508086,1.12008570842,0.411839804053,0.764632296087,1.50651448861,0.268227611631,0.266716101989,0.507956463024,0.835391002493,0.160285737142,0.0581633481383,0.0200745412929,0.213563445145,0.672920815484,0.29099145975,0.594524754137,0.273468907997,0.239799872339,0.195138226496,0.131005800273,1.88031966925,0.10114563901,0.107032923996,0.31253850475,0.252278412282,3.28036456347,0.204861613805,0.104490231806,0.0991522927955,0.745762940086,0.0963515363168,0.393008309994,0.0239049378596,0.14178253267,0.115994065721,0.00564167745411,0.478450137321,1.77972754017,1.25393891111,0.0135141564906,0.310033774482,0.0210472542234,0.210628701844,1.52707203446,0.162091875449,0.152774474716,0.199181003124,0.648923529573,0.175084073544,0.0026860140264,0.0721089218184,0.596691172078,1.25762946486,0.519663198218,0.0444231375027,0.005035187006,0.162528837174,0.0248201265186,0.120186049193,0.177361424845,0.0490855115466,0.107709351238,0.781742158532,0.116569645032,0.130861028805,0.0543451228738,0.13252767453,0.00195543214679,1.32565092519,0.186992340926,0.907695819139,0.821409587935,0.479230431616,0.468957793377,0.530999581888,0.209117692146,0.269015669992,0.414930654466,0.172613173178,0.109653241634,0.133930040335,0.633190839849,0.308701177351,0.0330010702414,0.0160932292789,0.495260949209,0.00322864492424,5.36928316474,0.904954144754,0.680466390401,0.0812240414694,0.962725401223,0.580210004114,0.389383752905,0.381655463502,0.310590853766,0.889027963914,0.299538256526,0.0324922299385,0.457136196196,0.0075003612414,0.499947075546,1.71051371515,0.0623677198589,1.66730943725,0.049614405334,0.202490122933,0.0534901598096,0.0496162175387,0.204538271427,0.318441157937,0.860237969533,0.243570637554,0.26968556175,2.37784204489,1.05318630487,0.0,0.0240851356834,2.74150331497,0.88603165972,1.62033418886,0.154545498639,0.0084750373289,0.295612265058,0.00574401676655,0.00519214736298,4.41371511988,1.45211303324,0.149434558898,1.98871550083,0.188805819452,0.128396969438,0.168479784876,0.0164597374201,0.0280203471333,3.26341220668,0.00225664526224,2.43927211955,0.934994272925,0.638623243794,2.09508135588,0.0716324070096,1.63082561791,0.00772392749786,0.487914268263,0.284223606288,1.43410450637,0.00832194954157,4.98913000077,0.0866099727154,6.34090674877,0.0811901119351,0.426151141506,0.329151973482,0.28671963634,0.0688197073201,0.209081029296,0.0836924793012,0.303377328506,0.0543649226427,0.198593361229,0.459578189179,0.953619887158,0.728747438053,2.25987540499,0.159349692464,0.299482368473,10.8772039288,0.338748571286,2.25408313628,0.375460047424,0.782383952439,1.76520133607,0.121101205647,0.0404080985847,0.495645989701,0.207723750849,0.669186899066,0.000184318572283,0.814993308485,2.26265330881,0.0357100000978,0.670183837339,0.0596401147381,0.120890091509,0.516010462269,1.27265086479,0.263092313446,0.514060079455,0.603686682284,0.26643101953,0.576802948713,0.135001193937,0.131811647415,0.0,0.0816691333055,1.77922907665,0.0,1.12624814674,0.489800712168,0.0127945303917,0.214206668679,0.353020384908,0.086937440969,0.0484008710738,0.0309227955341,0.071535250321,0.0514802269638,0.00624506890774,0.0968008499406,2.254917887,0.704551187381,0.109647158831,0.0197149044275,0.358021402359,1.52035736671,0.0135532438755,1.32888062418,0.0256807479262,0.0534521232173,0.333722039573
49,0.0368491119146,1.98140449107,1.73148776591,4.44808701336,0.180449826811,0.277751728594,4.60457370937,0.108530767504,0.0553233040869,0.174012231044,0.114661670215,0.74764955461,0.70500018537,5.89676674366,0.460528570861,2.38633521855,2.54051200934,0.0924671445787,4.32220466018,3.88977469385,0.170288217305,1.75983494833,0.369169926047,1.21633114696,0.0,0.0448785174824,0.025675601773,0.370380159244,0.582268932946,0.35898376029,1.51079438269,6.01350575924,5.83060001135,0.0724394793808,0.271986532435,0.153260982521,1.24884780139,1.72153276742,0.27315337345,0.057003158778,0.10392021196,3.2866238451,0.739718750715,1.70109634787,0.0341067830846,2.67484784223,0.0630110174417,0.78003401719,2.18646660805,0.192332531661,0.155747527629,0.762159095556,2.07645038605,1.56257428527,0.680195716843,0.237727206498,2.70938427046,3.47327060223,0.686124025881,0.199152996242,0.803423691913,0.112210302837,0.20133958986,0.649285070598,1.33869047217,1.87570384085,0.134817304313,8.19652698994,2.82539947033,0.0,1.03602724142,9.09946011066,0.0403168904781,1.31963929892,0.18334264487,0.269147491045,1.86575478067,0.0704222559929,0.277140836902,0.967877047211,0.148392442167,1.08889945775,4.04326346874,3.09916091919,5.19390954018,0.0973823734373,2.24397016168,1.32335095227,0.239748819172,0.230176305627,0.52830495581,0.0257381774485,0.775841617435,1.04966427565,0.52157145258,0.129657492191,1.03877116069,0.436850732528,0.319115515432,0.0648072528839,0.947576001585,0.350010627024,1.58472003326,7.40050139427,2.76750591516,0.0917015576363,0.585342198759,0.189490139149,11.8736684227,0.453647172861,0.558277786374,6.51002272606,0.613836005498,0.0295745749399,1.70671795599,0.0410088524222,0.107588408217,0.654165954888,8.74302969933,0.193309660517,2.2775721628,0.482502137572,0.080739989318,0.937917810827,0.474836301915,0.276772471014,0.359332669526,0.54258249376,0.0876913603395,0.492031708248,0.0297986400127,2.41894530475,0.338045544401,0.616355717182,1.74320526123,1.50733469456,1.54166216813,0.659760961384,0.0876854877919,0.671676838342,1.60865886271,1.5577971673,0.080809982717,2.00187940925,1.32884257376,1.29232973546,0.398276575506,0.553741145786,6.41473706663,1.13792775374,2.20258838914,0.73658937186,0.066221243972,1.57751177756,0.0683749992773,1.13803774885,1.30059738755,0.328815733558,0.0141774511337,0.00324593484402,0.753177571798,2.18583063602,0.279101538581,1.02377195477,0.100766297579,3.32786470532,8.22408116341,0.253823093383,1.78779432513,0.31651375182,0.6616075591,4.99350092411,2.39670704484,0.867861554623,0.742792814448,1.74631963566,0.0700111440732,0.0950962730544,1.12162543908,1.87169909358,0.768504589498,0.351900338319,0.0575843402743,2.88284279525,4.07678157568,0.528627409041,0.122782984674,0.786495649964,4.29825870633,4.04078905463,0.0160859781504,1.38522157418,1.71882049665,2.05450264305,0.690522237048,0.901745157838,4.38463745356,1.09772396684,2.69763240874,11.0378347397,0.117619825676,0.00139851391315,0.0328903212911,1.25325840682,5.09111068249,1.07781344429,0.0472829372343,1.32745441392,5.80237805367,4.34140792727,0.0982767856866,1.2242356924,0.109772242904,4.18602525234,0.412707211003,5.17415402412,0.790110808015,0.708409816027,0.316359039992,0.461679717302,0.408176797032,2.65529247761,0.00638431310654,0.45810640879,0.217911280245,0.027076975666,2.04557666123,0.0,2.95317533612,0.154853644222,0.0951074298285,3.18475649406,1.35621958256,3.22703241535,3.62424777031,0.504768831488,0.645421258286,0.812001687121,1.64170489351,1.33937131204,0.04062550053,0.0984312584251,0.448746259622,1.22059846401,0.0204400642216,0.266474742536,4.52719167233,3.04135663688,0.694491112893,0.577916760445,0.0,0.144626915581,3.34356552362,0.83386370495,0.048964771796,0.618061015457,0.264809678234,7.03229550362,1.63507428646,0.057121616751,0.344935621172,1.92879976496,0.151437141523,1.15413906202,5.3257356739,1.41306603104,0.212812308371,1.37569647372,0.131404265147,2.4576150696,3.57577299118,2.08529489972,11.6606505775,0.521470856592,0.417899243236,0.141588772833,1.13679650947,0.810713982433,0.75186676085,0.33359809969,0.141857234426,0.832557195947,0.785471522212,1.00855334401,2.25833858728,5.16684917927,0.115888083577,0.812618713975,10.2821629143,0.205910202116,0.116121408492,0.996754949931,0.491873147003,0.460929095596,0.129508609772,1.16276152194,1.78299951288,1.33679868344,0.0831354477257,3.44842043057,0.273562258873,0.884244677313,0.0261114232242,0.0909589841962,0.0556212829798,5.75813199043,0.0264805792831,4.82055180073,0.0416273231804,0.0309664031211,0.605530343801,0.502648947649,9.17497520447,0.807246718705,0.301552093718,0.0217185857147,0.0462473285943,0.148487938456,0.622598215342,0.0302395546436,5.14556283951,0.858975985274,0.469149868637,4.15014950275,0.61007392481,1.88625163674,3.70960013807,6.90960121632,2.70691366911,0.0626410278678,5.09014771938,0.589535916299,1.03037564352,0.0323911739886,0.505834126063,0.307130518071,0.172988261692,0.232146537595,0.274403663874,0.475063674748,0.151371485884,3.68154697895,0.33037283957,0.314800057821,0.00464574217796,5.66289871216,0.565203983188,0.0276559057832,4.20372115493,5.23468379498,5.8672548151,1.15198881283,0.354330313355,0.207228430575,0.236878136955,0.0759754338861,0.612733545601,0.192221511304,0.178545627296,0.765762409177,0.672716991901,0.190318761487,0.262298054025,0.313183299899,1.41090231672,0.193635379954,0.0261972048506,0.459525869608,2.04153622121,0.39898492977,0.00531819120049,0.342620920539,0.210123032425,0.304416730087,0.0203209114075,0.145311259832,0.0565803425759,0.863234345317,0.334352741949,0.358191034868,0.195362238288,0.0770144668967,0.592723278962,0.654770905375,0.133679561075,0.112810457945,0.155530514801,0.959111578465,0.660063415766,0.0,0.771659404933,0.383667635638,0.704609950483,0.284835678004,0.0124457865953,1.0186435172,1.06691142555,1.56414234407,0.0974238083512,2.44097353697,0.420456001461,0.0892212443054,0.370416911282,0.188811957575,0.0440685760975,0.200137183145,0.120542463278,0.494995470028,0.162122578789,0.630308957789,0.224479319667,0.343601879561,1.27169960633,0.764775178134,0.0864271390438,0.0249936235696,0.435527676493,0.100932163121,1.83055171907,3.43434514329,0.00153300520033,0.118022761866,0.305966098979,0.254492057711,0.0538843612373,1.68417753577,0.0,0.502167412341,0.19942714605,0.247620991298,1.8988230304,0.129961695317,0.802340900786,0.887447546087,0.0547461910546,1.27127584279,1.57676572517,0.0845232072473,0.27109995693,2.08716822505,0.0416024147347,0.0711268517375,0.0196428829432,0.474407602847,0.0316649245657,0.273399278675,0.147602876015,0.100432396531,0.0659974455275,0.240948930401,0.240766497292,0.00422895461321,0.397039203513,0.104252622111,0.421438027075,0.327193015236,0.204687618874,2.09954362333,0.445592855439,0.938054538295,0.18414956104,0.385370615795,0.0972474529408,0.0287240930833,0.107224731538,0.102678028643,0.0824298325181,2.39429396689,0.325080352351,0.0568356522918,0.107952171764,0.358013908416,0.390431520939,0.423209319599,3.4697890646,0.186793128671,0.0262842633575,0.874741461277,0.0284310808033,0.171250386462,0.0665020728298,0.314944864064,0.0202277102508,0.284672076181,0.0802376413252,0.185216812503,0.0524825034291,0.0291443549097,0.131416876516,0.0847508764267,0.0660466496879,0.335209367126,0.0333910129964,1.50271562696,0.0854454365,0.0999676723406,0.136546963453,0.588696342707,0.184926189221,0.427108550668,0.0791382055916,0.114839946628,0.203889814517,0.392421857282,0.411896655113,0.187648578063,0.246542293001,0.304770082682,0.397201539669,0.0971748584136,0.0804625600576,0.240218804665,0.0969261059165,0.905420818953,0.0494087386876,0.0670054064505,0.296934254989,0.553139199652,0.38161750773,0.101934545934,0.038043359369,0.250452134572,0.0822446963936,0.395222320333,0.135862857166,0.0871035592398,0.212048694529,1.17279846445,0.479731880054,1.54040226579,0.154455181509,0.103578580767,0.0726523023471,0.379740541345,0.0401071290672,0.129440361131,0.252696733039,0.19749686189,0.049707552786,0.12006029252,0.0856699874718,1.28621812144,0.483402957916,0.88194844991,0.0284579433501,0.184301785566,0.0218768521305,0.264155223668,0.276150328405,0.053788308315,0.190265546385,0.0815531240217,0.714996618745,0.285752014369,0.651079917252,0.596097168848,1.04955240561,0.167835535398,0.0107381939888,1.318465565,0.139847547933,0.0286913530622,0.115895573758,0.248539164178,0.174822496918,0.366043806672,0.098684019316,0.595934546422,0.0312955413386,0.841006133305,0.0174393552484,0.02149665609,0.106636144277,0.0425718538463,0.151561123729,0.153970000278,0.0382174608856,0.237884193007,1.06050273389,0.570862095989,0.306434791535,0.338723348454,0.307059886977,0.222769997679,0.051214299798,0.118655799665,1.28891639918,0.0204443120863,0.0331302011013,0.397360312641,0.24113658594,0.370396928042,0.106533868387,0.0513531775773,1.66333958179,0.0922286636196,0.0129828333855,0.141487070769,0.00663713574409,0.187869741619,1.24358535439,0.0449172532558,0.150361951804,0.0422612383217,0.97406213318,0.974283097088,0.202885178998,4.18808129728,0.318713225415,0.0531170502305,0.111741621662,0.426799262762,0.0455678398907,0.198589648306,0.278941907771,0.143271628532,0.245381951928,0.00475513696671,0.0417744908854,1.07946163543,0.12294124648,0.135917510167,0.80706160605,0.363761777245,1.22758825794,0.0033263265714,0.387017367845,0.270686391899,0.0771979364567,0.281760839084,0.259341505338,0.0203982773423,0.123507598136,0.397317412887,0.316397437006,0.0352827354521,0.00827637642622,0.181351153478,0.177756510163,0.527138719186,0.169111005878,0.498123121262,0.0145495073125,0.0298597490788,0.980013141036,0.38907298252,0.798027231395,0.360713276193,0.505023403978,0.446250247285,0.366960178055,0.0723654443026,0.038154945228,0.0136691188393,0.0077819365263,0.385021351576,2.40207832485,0.593218453037,0.206595318569,0.0780026527215,0.0427171809226,0.243227633048,0.956822396219,0.0726221966743,0.00729635350406,0.506793243438,1.37106597714,0.335195367709,0.829352631643,2.27095429182,0.736991260983,0.092847067751,1.46774742544,0.373753570579,0.243262252994,0.182396507505,0.00872451275587,0.278370706569,0.0244787223451,1.00778621122,0.760076871719,0.215995249096,0.0921844071615,1.92869810715,0.304903986827,0.188659566878,0.741500468031,0.0404542613775,0.0,0.104719497385,0.155253202934,0.00024549562484,0.13649410136,0.521561568081,0.65912182495,0.0,0.240468748547,0.367728784531,0.0752878239006,0.0371500016004,0.129072957318,0.0189007377625,0.0680781697668,0.0106530529913,0.441040326692,0.0685657053068,0.00492214860395,0.365994741651,0.677078216551,0.125496483576,1.78674594285,0.329316452753,0.0748317947425,0.595778436512,0.259310213625,0.64904400778,0.653044785559,0.608633295372,0.0449231400341,2.42892602056,0.0270406656805,0.00871956713498,0.478706789464,0.162360981628,0.113210039567,2.77814982761,1.25719498135,0.277219968885,2.35860866278,0.843659519181,1.87788616657,0.253610338559,0.000531890653074,0.0721460174094,0.182262922749,0.500516308397,0.00355934299529,1.69174287826,1.87023924142,0.169523627688,0.0,1.53600435168,0.393142953818,0.132904314278,0.0937283963896,0.389202715233,1.036123982,0.234371656664,0.0123177099228,0.493074900839,0.234924695008,2.09892430961,2.51977668207,0.796414891146,0.001390427351,0.00532971957931,0.0,0.0337664594501,0.118347625788,0.127541137617,0.0113342072815,0.229193990231,0.00127142757177,0.14893428199,0.196572794095,0.00648481417447,0.433353836462,0.0203062617523,0.00685256907716,0.0220083361887,0.974164111502,0.377217890788,0.312057918683,0.00836468638852,0.247768628709,0.288898531944,1.68601482213,0.62557767598,0.0010062418133,0.47040323671,2.62955770798,0.903679873161,0.00895940854214,0.588107925616,0.681394789815,0.0604929988086,0.0401268714387,0.0340381829441,0.125319185331,0.236278011613,0.644955613401,0.0336057007313,0.0461679869657,0.37943206507,0.0931586979702,0.430962951332,0.0225402097777,0.0565588927828,0.0255456291512,0.00188619151711,0.134637813,0.113959835507,0.0344580255914,0.43721324217,0.372286846722,0.191476385173,0.131853636131,2.05226756543,0.102195906992,0.254309303463,0.115898411996,0.295193914091,0.0311002443731,0.00150674298406,0.18530759274,0.536527899904,0.760576826669,0.109522287701,0.22572729032,0.307775680572,0.25254867103,0.506147850994,0.0805251021078,1.35795045093,0.0180964683596,0.00923380285501,0.491957938075,0.458244508952,4.32655494213,0.182398654949,0.185919936374,0.502297912128,0.089432862848,0.0100963205099,0.0284577163658,0.00950007172301,0.164886280391,0.0664227316156,0.020478720665,0.00285265047103,0.632071241215,0.310189361591,0.00153113007545,0.531913008578,0.1322071697,0.188563272655,0.625100895753,0.000427715741098,0.0691946960241,0.496567330117,2.72606161509,0.199324604439,0.0393016798049,0.148588160574,0.0923347580992,1.35462890163,0.526593681946,0.0958975838125,0.0,0.0722346168291,0.00191339597106,0.0120102517307,0.154710833356,0.00335172563791,0.421359906839,1.88921450324,0.119796394724,0.0770958670974,0.0150671838596,0.0886689026468,0.0297339843959,1.59354188234,0.826859639436,0.466735334396,0.13075878039,0.766160327792,0.799187061377,0.120207566162,0.386099804044,0.0969979043677,0.157783228667,0.0395850345492,0.182243642462,0.0785940511245,1.35559996242,0.0398713968694,0.00872429726645,0.0121984568238,1.35509715135,0.00695663630962,9.86290428638,0.433170198165,0.615907522012,0.0360609066486,0.263590209261,0.700701074451,0.545162702799,0.75496786736,0.0675537144765,1.89788778096,0.70822038427,0.0732103273273,0.0798909193277,0.0424923333153,0.193607330434,0.00733533740044,0.0184057867341,0.895717841387,0.0,0.109019016623,0.0026053532958,0.243036276605,0.0435581731796,0.0129167628288,0.153735234551,0.876114706155,0.064892454762,0.595586475432,1.0909112452,0.0,0.00867957174778,2.75079122543,1.16231671542,0.131996599548,0.0176236750837,0.0,0.935446531326,0.0245077091455,0.000426276475191,0.180700163804,2.48023949325,0.995209329873,2.93602898868,0.014084507525,0.116453088224,0.137968376316,7.7670738101e-05,0.211248865798,1.44392480981,0.0188803997636,0.971711038649,1.09504296795,0.067788300477,1.05307973905,0.00255194336176,0.203010445833,0.0177191177756,0.290057453215,0.0250958734564,1.64087180614,0.0,1.14207412928,0.0491237919778,5.79512601852,0.0290011668205,0.0204029944539,1.2319258073,0.000482960529625,0.133428539112,0.688922578841,0.150109107494,0.773267845176,0.00831408292055,0.192727353945,0.318215566408,0.570121584833,0.120750888288,3.00862886533,0.12478935793,0.351436716672,2.50154485017,0.336155213937,0.333071950153,0.375069212727,0.00240554854274,1.62411154769,0.15628593713,0.0982337398082,0.124000684991,0.143670100961,1.62852006923,0.0245130228996,0.404303771257,0.0888656641543,0.040353320241,1.36445081949,0.0220678812265,0.0255184366181,1.34142560281,0.0246733042598,0.41018917501,0.409721950591,0.0686021018028,0.30646222163,0.464773356616,0.13715047434,0.0520842839777,0.0054241695255,0.0,1.12763091207,0.0,0.0663668131828,1.90520440891,0.0,0.166228098497,1.38750875778,0.0430342120305,0.0470527628064,0.198014780283,0.164595344141,0.66865657303,0.0184847399592,0.0,2.15648943608,0.533309980631,0.17041285675,0.0361396557093,0.692065855786,3.24604497254,0.000497270300984,0.219455915093,0.19253889963,0.00728257887065,0.0510938154161
50,0.0145486910641,2.31384754296,1.14913793113,4.82363445133,0.280520465327,0.163599979915,3.3852451396,0.130807654485,0.188503004089,0.782954519764,0.35276246503,0.23177672918,0.29645339638,3.5304180479,0.236067292094,1.41173597619,4.49379715204,0.138140366543,2.11181282818,5.28468764424,0.17003180787,0.955532681048,0.584327080846,0.0343167470396,0.0,0.109353317916,0.0192993392609,1.10604290086,0.366537515521,0.842161572576,1.96611198187,4.53280032158,6.0027512598,0.125804199316,0.777274163365,0.080922268033,1.63869794667,2.71529896736,0.0597151103523,0.088311483711,0.628371674493,0.943182756007,0.667716767117,3.35678670809,0.0813415896893,3.56448251009,0.0157035303116,1.18634804636,0.280598436296,0.185614466369,0.744751540124,1.00631620524,3.2529616642,1.45159834146,1.10441656306,0.121100708842,1.3807346198,3.012057693,0.299394427538,0.3882348831,0.807788552307,0.338017447703,0.0602307830378,0.962093577981,1.04507224843,3.40162982404,0.0691929046437,5.46929351807,2.79741686463,0.00984911564738,0.493362748772,5.93005376816,0.0324461822212,0.845422696136,0.329701351537,1.24742353484,1.07142133308,0.0282661040965,0.241112833396,0.834448533356,0.391290523103,0.153904496385,4.31950653076,3.47174054623,7.99454659462,0.179008357897,2.41328939721,0.388572352789,0.11925154835,0.304554616697,0.41304482362,0.0454096807726,1.05582952678,0.449681777954,0.159118153751,0.219533302691,1.76148560762,1.09064001534,0.656016841531,0.0516804266907,1.4713607353,0.226615855051,0.658066606969,6.81149350166,1.86721830301,0.00832220137119,1.33513426408,0.733311285488,7.76018079758,1.15256575763,0.100367467701,3.34496205688,0.683843725324,0.016256261766,1.57654495001,0.415194810373,0.0653581545874,0.331278549135,8.72591277122,0.254704790488,4.30476286992,0.349340918362,0.0624571025372,0.543656132594,0.0756939828396,0.600426368266,1.21269078791,0.0368181015179,0.0801107850671,0.390244939625,0.000860907882452,2.5602130425,1.15697123751,0.336210684516,0.649886671165,0.45718898939,0.530520400405,1.07956599597,0.0330219284631,0.434539684989,3.67795455575,0.885232418627,0.157249766858,0.523410817087,0.955450181961,3.06938686848,0.870007454902,0.253211438432,6.45223393917,3.40415137827,3.59427563429,1.07938907899,0.449599014297,0.718119071722,0.0577365508536,0.480760071576,1.52059663974,0.577883785889,0.00327981411479,0.0376294485852,0.660320925415,3.42504781824,0.00970983415842,2.37031345308,0.0545765116811,2.91201862872,5.34458901882,0.0722789105773,2.62121953726,0.378565294743,0.955043813586,4.34165438652,2.62969007671,0.530995883569,2.25102104276,0.798263606727,0.179703947604,0.442663118094,1.44943193793,4.85590430737,0.869540132396,0.348925307393,0.0462055521458,4.84586836338,3.8579006052,0.57597613737,0.426127819046,1.70995670497,1.94594158769,3.69590374351,0.0206229806691,1.14406780511,1.16963761583,4.34391595945,0.926780380607,1.02594202921,0.90221426785,1.76857156247,2.71672074601,8.64215662003,0.229177469276,0.0669961952418,0.00151353791356,2.73195500374,4.99317343712,0.366367129087,0.0876891046739,1.09282328688,4.95967939377,3.64393386483,0.109546454549,0.125177098736,0.892493762374,3.91313997786,1.29090867192,7.34643063545,0.315386793837,0.410636867881,0.161260752082,0.122285600007,0.241897707582,3.00497671604,0.00965161725879,0.26119309932,0.0160088221729,0.0240955400467,1.83288355112,0.0100624041632,2.94940182567,0.404277528487,0.00528028570116,3.7253689599,0.542025552858,1.43024794012,1.44352472596,0.352177662998,0.463307069391,0.714436552823,1.20902138993,1.556833774,0.0497486240789,0.152797297947,1.10175036356,0.260816444829,0.160078343116,0.323459898452,3.78258609295,3.00319053262,0.467584628595,2.07408560455,0.0145768804848,0.117251193002,2.51886319518,2.51802463055,0.0114604742825,0.453253462077,0.163797555566,6.64566613197,1.41275499962,0.0902054355014,0.35826518676,1.36457683623,0.213883752748,0.562356277835,4.4087790966,1.51546674095,0.0665636008978,2.3030754596,0.724884814657,0.717382667795,3.46891701221,1.42176983267,7.09893406868,0.0631656257808,0.235841051638,0.118940815479,1.34470351219,0.376071152538,0.539987335429,0.63249080047,1.88024078324,0.59150094673,1.3113369526,1.13395165958,1.65923469953,7.29117996693,0.113004156686,0.411446116567,7.51620685577,0.628028501235,0.353515407741,0.291862477213,0.624931050241,0.887320936471,0.159929600358,0.874216810018,1.86484845251,2.94707459375,0.152025446445,1.96057602765,0.465169546483,1.41109304488,0.0108872768842,0.13387057215,0.0315914878249,4.83962760448,0.11589318756,4.4732243681,0.229258939996,0.176649990543,0.51777360905,0.499738329947,9.17407096863,0.537551959455,0.401300245523,0.0873138542473,0.00944302335382,0.244976389632,1.83049268067,0.0123051738739,5.00305562973,1.58916233122,0.564637227505,2.81070622548,0.412662309669,2.24620266438,4.35429803371,6.72792679429,3.58132213831,0.0,3.87929980516,0.46784181267,0.764771842752,0.0282183565944,0.218909633942,0.227904905789,0.048984391205,0.293708835989,1.4628488636,0.278102575615,0.145774798887,5.83756958485,0.0271653444134,0.885983958207,0.0301363331359,5.66552721024,0.561667839922,0.228389364667,4.49547389507,4.09984760284,5.97658468246,1.04108334541,0.186811533868,0.471842076853,0.673074635155,0.00344940178096,0.358725786358,0.0616870763153,0.0465808589011,0.878550575227,1.12241129421,0.0597370118601,0.416328277215,0.113001021184,0.310560978688,0.0679143044725,0.0108064611629,1.28591115281,1.37284888446,0.733640645444,0.266692859204,1.5466051434,0.108365873024,0.250096885562,0.0129083270393,0.123651547637,0.153051921371,1.33616552623,0.196926970854,0.248137934167,0.392910558917,0.0217606368975,1.11161476081,1.02601974882,0.336123101227,0.026590748094,0.307675049324,2.16448801111,0.347621450052,0.155387741551,1.05177415982,0.614134065127,1.45958788425,0.424466869682,0.0150882358104,0.821351976842,0.654511451498,0.756372440308,0.0879731495678,3.01154090375,0.246445424259,0.182494212463,0.312005887534,0.331840060977,0.0,0.54591646974,0.0667464546114,0.241344076544,0.0608082732186,1.17586946964,0.111999147534,0.119987562913,0.889792696051,2.00564092875,0.0681104284525,0.041426024111,0.0705158288032,0.410117408447,2.85643932134,1.97752689376,0.01033607563,0.0717215343006,1.13289845519,0.421778680971,0.0181409772392,2.39386581555,0.0,1.94582094293,0.524301729277,0.0878775309678,1.27365403578,0.213414085135,0.90953550674,1.57621340454,0.0291556794569,0.938468237519,1.58053018056,0.0857500681933,0.198803680167,2.37928499516,0.203282213584,0.133407807201,0.317349624448,0.102675480694,0.115902651399,0.259635307519,0.73032336168,0.00790869504213,0.148517048229,0.544556630254,0.544083578475,0.0288474772871,0.234083775952,0.0638108091429,0.452995143719,0.256916777939,0.137845652705,2.1042096518,0.526079702452,0.673723589629,0.153991108909,0.155350857815,0.450367771504,0.173833739571,0.0455186436325,0.143971299827,0.237959257476,2.55609117843,0.409767679814,0.206346384883,0.022438907139,0.385017883703,0.134022225104,1.49234919548,5.43082188606,0.0401264831424,0.213579057455,2.11710469663,0.00456400722265,0.182405022886,0.34781415917,0.339651867449,0.198615523722,0.162354602493,0.323670213036,0.234704685658,0.130805656798,0.0561373610795,0.051147062052,0.100236595497,0.126599646928,1.45607965633,0.010427723676,1.79655970085,0.00659899151826,0.0669208655972,0.521014117524,1.25723265842,0.0872798755299,0.4383109836,0.0145780423284,0.00154420973733,0.593143579811,0.663659895062,0.917342139874,0.370030503944,0.315286752284,0.281620324552,0.40690517135,0.0301327173784,0.0833375066146,0.574008248188,0.0560234340047,1.9278858977,0.040458291322,0.0504495735839,0.378790220392,0.248564832546,0.692845053687,0.28078735739,0.158913694397,0.313606415689,0.019347408507,0.364603592157,0.519762114554,0.062460914012,0.895456385761,2.82421125561,0.604600994512,1.42671534151,0.389445892572,0.265929959342,0.0251350463275,0.0910736014135,0.0298843277805,0.321759633571,0.239506044602,1.16565005761,0.0450528682396,0.0734171102196,0.0622307188623,0.909051325941,1.41998254299,0.686784283519,0.291054550037,0.621436974267,0.404009171277,0.258247991651,0.507890823931,0.332558849845,0.477303400338,0.146378288427,0.125930760652,0.183158208022,0.267928490974,0.416918805307,1.78174948353,0.0597935447097,0.0136162605882,0.769597238712,0.701493870486,0.0272429937869,0.560069901124,0.334902868792,0.212255298644,1.46353476729,0.0371749637467,0.112513612839,0.00556735701859,0.860252168477,0.0485241187364,0.0451033097506,0.0766936778277,0.0552317479998,0.176679627076,0.85824712798,0.402684650868,0.6241811423,1.21309389591,0.255656591803,1.07062495515,0.522104429603,0.379537866823,0.319612929672,0.0484640885144,0.134519788248,3.14196475983,0.0666688722372,0.0571053857356,0.340871325061,0.538125660717,0.380337360487,0.440237121284,0.179018469453,2.28808038055,0.899346225216,0.039535754472,0.179833892733,0.00230387829244,0.218632747233,0.838416505978,0.00312616318464,0.0565770894289,0.233030859493,1.68110341173,2.02205713019,0.0563790703891,3.51963573515,0.345267380551,0.0653680168092,0.463552779779,0.388066963255,0.0425757116079,0.257049090602,0.272748090588,0.297003638484,0.0379210198694,0.0146104340255,0.0399435715505,0.110348175913,0.146285059452,0.23545094654,0.746821683231,0.948605856076,1.65180784047,0.143140462786,0.833105776645,0.159821558949,0.00102032758296,0.196394688021,0.466468171328,0.0664281742275,0.0492190394551,0.55766308561,0.294455310609,0.0919126137346,0.0,0.0900662198849,0.262548394352,0.655511128902,0.276947746724,0.414993184805,0.0785837647319,0.159391778596,0.375510269664,0.157354837731,2.01521310911,1.21497148704,0.102689074278,0.258338680267,0.274486042503,0.0466884101927,7.82591011375e-05,0.162233868688,0.0016254927218,0.399885190995,1.95498205423,0.201009087488,0.259495138079,0.106237909347,0.0572198941186,0.376529680351,0.819589516819,0.297194328569,0.331790869832,0.552487403136,1.60303177223,0.0433770150691,0.328330954369,2.77488125265,0.321114231814,0.0914377019554,0.822326049209,0.643736241311,0.717294809781,0.984520673603,0.0193137935549,0.229803219037,0.0544260166585,1.49978841752,0.0881230248325,0.439331000932,0.0613966961391,2.56536194339,1.39311689094,0.374549859632,0.830673395544,0.098833243046,0.0250334376097,0.340352802998,0.635716386475,0.0,0.198289625794,0.283008106649,0.221421200726,0.01985864833,0.518841571249,1.38896283418,0.0598755817022,0.17427730978,0.292476749346,0.0254588156939,0.0124367320258,0.124717112556,0.628763839975,0.0323959553242,0.451560090017,0.17352136191,0.283043869436,0.420739095216,1.2641947794,0.384907579869,0.104485764642,0.93308572704,0.43641434161,0.885681370199,0.912626422322,0.237839047993,0.219297042089,1.84895816576,0.437278714683,0.0421296067719,0.0877463846654,0.423774873018,0.0479661188088,2.33423922824,0.953639347348,0.144270390244,3.16793950677,1.37535415478,1.45385336015,0.276061233357,0.350694839247,0.325082222782,0.435957308421,0.647533669099,0.00268165507587,0.797829298567,2.647291978,0.0728699053079,0.0482894365862,2.30571140587,0.180472511032,0.464167618528,0.107814758215,0.482265949994,1.93467685238,0.85604010494,0.00901142146438,0.185010880567,0.317982899155,1.72078351319,0.916230127439,0.59683251556,0.0353084772825,0.046559149595,0.0827845917828,0.022159146443,0.390361666158,0.171015272411,0.00768308602273,0.684121677922,0.00207517065108,0.503509760872,0.191446802512,0.00146336600184,0.3454271163,0.0424201470986,0.170201048218,0.0933336689044,0.492516268222,0.24342625713,0.410052791983,0.0148102876544,0.154839804957,0.666717051864,1.40840946317,0.956494038105,0.174705431871,0.486338237263,3.05002487808,0.305954293367,0.138491252412,0.248923372086,0.574121553828,0.218006881438,0.0328702531662,0.190805879538,0.206483332305,0.217503395267,0.317831824081,0.000254039373249,0.114522853829,0.428536564521,0.460564403236,0.537670561373,0.0378742621653,0.286217974219,0.0517282673344,0.0320750647038,0.0689337846637,0.350539775756,0.19446763745,0.160340327285,0.441978851138,0.0317363220453,0.30742209217,0.901597202122,0.157234241702,0.714364718646,0.135905640107,0.164857413135,0.186556596439,0.0115053057671,0.0614045749605,0.287565655429,0.820693351775,0.271747691436,0.185535534341,0.0443354408443,0.617005121671,0.402554625859,0.0915114666935,1.94258800298,0.0597427886911,0.0252714537829,0.90869383812,0.449778570309,3.75373352647,0.21820759261,0.266065447412,0.076314804256,0.293384574289,0.492122274786,0.312129164562,0.0188531902269,0.104613606706,0.0110094004869,0.0655886976793,0.373582149148,0.670466540754,0.607634273386,0.00160767674446,1.04741759279,0.159524496123,1.54437989861,0.406704091989,0.036437663883,0.141527882535,0.498811346591,2.08965328604,0.245309315287,0.0493652532157,1.01854863502,0.214338607453,1.38063783865,0.672400670252,0.032001748383,0.015759293735,0.0260193027556,0.0994034983963,0.00649735826999,0.307588040531,0.00171956717968,1.43600889653,1.0941074867,0.0807828307431,0.00978123050183,0.411973441322,0.202045292221,0.00108451142907,1.43254527956,0.780769047439,0.134294938445,0.241771824248,0.58559450537,0.957202473786,0.253221960962,0.24380822422,0.310947832838,0.00326388258487,0.155204865783,0.22970378302,0.107421538755,0.665657751109,0.055597490631,0.1751330458,0.245046282336,1.81220429383,0.00012723649852,6.15571800694,0.596874254825,0.432533963658,0.00881219148636,0.299828341883,1.13935769727,1.73400964037,0.00348139006644,0.0119334144518,0.607768969163,0.565531323329,0.0303554722667,0.122632773861,0.00750222029164,0.0162041673623,1.24175743848,0.0144369985163,1.10906796306,0.0664275611937,0.107230227701,0.0169456179347,0.284156350642,0.0204674363136,0.259016584381,0.711390224844,0.534673456177,0.396877375245,1.0260364894,1.41425164647,0.0,0.0,1.73809190989,1.62019976795,0.984423477501,0.0502593736723,0.0,0.929157490134,0.0544027959555,0.0247174996138,1.96181476623,0.602924820483,0.890330198705,4.34142869353,0.0177240355313,0.0534721244499,0.0929177249409,0.000666508600116,0.0521894515306,3.11247306824,0.00091487377882,2.32948417611,1.20652693678,0.247279127464,3.40753997028,0.0,1.63660704933,0.00457730054855,0.0890237153508,0.0565110599995,0.68057078518,0.0,2.98562752396,0.0844257079274,6.55161800981,0.0,0.123630588336,0.766585804224,0.523694541657,0.108034044057,1.23501928166,0.141384340972,0.572858552933,0.015620393008,0.200734706111,0.776408902667,0.803521118313,0.658876900971,2.14118992642,0.0743303320557,0.71918865893,9.38044579625,0.0708346784115,1.78490534328,0.627158877999,0.140516660884,1.03301498959,2.60675150275,0.00899657830596,0.0866341677308,0.215768689439,0.69485192135,0.0,0.0601245802024,1.8388508983,0.0,2.10219366148,0.193128373167,0.0,0.96826385051,0.033240673542,0.82878491953,0.299529948086,0.208229248524,0.696217035186,0.437848337404,0.860386710167,0.492701482847,0.0,0.00313870340586,1.18313849732,0.00917974203825,0.00492521703243,1.46725841845,0.00343576550484,0.17244452253,3.3505016619,0.207146216556,0.0479055009782,0.00479229062796,0.0540242488682,0.243056265563,0.165566609502,0.0,0.254001876563,0.997897093296,0.995898010498,0.00418408460915,1.21519314595,1.11065851212,0.00729116499424,0.457438005134,0.205189660192,0.00271303474903,0.083277643919
51,0.0951223289967,1.23616050676,1.14452179775,4.81925835609,0.273898999412,0.464780436829,5.08698657036,0.145665191747,0.0190391659737,0.48666529499,0.413938411623,0.160299902353,0.413904245123,5.64710494995,0.0211867246404,1.96772488594,4.49638530731,0.269628637042,0.732813498378,5.86429067612,0.706540102959,0.83144806236,0.658029385731,0.0186133512855,0.0,0.170500811394,0.0150033720583,1.0999986919,1.16675879613,1.48935110241,1.51526652932,2.52916815519,5.64532042503,0.0565033259825,0.155691026971,0.012475540638,1.92330142736,0.679603641927,0.0445335412025,0.439801951596,0.64334163873,0.508683028407,0.39055193156,0.658850234784,0.0107793939114,5.15300864697,0.0237336903811,0.579281418324,0.940339772552,0.205212635994,0.56631441921,2.7809185195,0.723330605626,0.82259663403,0.753440972894,0.0500567665137,0.65310479925,2.41051875353,0.0771138241887,0.377956979796,0.433872235119,0.0590474206209,0.171239553988,0.27509220615,1.41458864659,2.62867319584,0.197258838788,7.70041110992,3.79414096236,0.0044231114164,0.621600813307,4.70633264542,0.075249890089,0.642257477771,0.0861238999525,1.59586144149,3.66511541367,0.0722474212945,0.0515912068635,0.838866604343,0.429422069639,0.191338587394,3.09412901759,2.48788683891,6.88780186653,0.0616090271622,1.54555001318,1.03445007116,0.0162641713023,0.596545958519,0.273545346335,0.0662175737321,0.932160388827,0.284013185203,0.39784751758,0.0952576749399,2.87261340857,0.854508419223,0.506705378965,0.294960541874,1.04607345477,0.299778765738,0.726220663786,5.54257041454,2.41152870655,0.0119802701473,0.842545056343,0.17371445328,6.10353756905,0.625177948028,0.169722045325,6.27092173576,0.984502854943,0.00298853022978,3.91759459019,0.316064340696,0.0876932840189,0.693101556599,6.88757474899,0.157994825728,1.49103098936,0.0226452469826,0.116790463887,0.823122700453,0.543614581434,0.433768777847,1.9549521412,0.150935991108,0.0416416652873,0.0880020883679,0.0,2.59681058407,1.56165897638,0.629786102176,0.418627776802,0.758286691904,1.4153734283,0.853324323967,0.0673343111947,0.48599381417,3.98741929889,0.605784384811,0.139101667553,0.335168594122,0.648923409116,6.27223120689,0.602770406902,0.183634881862,8.96769135475,3.27591607571,3.86969738007,1.18075002342,0.129255366288,0.766751450896,0.0879377064109,0.671322508417,1.34087303758,0.81739353478,0.00648772582412,0.0,1.04548104048,4.2873185277,0.403367434442,1.9321534276,0.0662649684399,2.00223711729,7.1680110693,0.088491030708,2.26641756296,0.164130827747,0.352456011921,4.50291567802,2.52979448557,0.126729698023,2.2918217063,0.817421206161,0.0213358553499,0.633477427065,1.26330063105,5.59647785187,0.362351596183,1.26621601313,0.0,6.34233086586,2.98021628022,0.466647536308,0.50897842437,1.72648976862,0.349288985357,3.37561210155,0.0,0.551218874753,1.48377879672,4.45179080963,0.553171284497,0.0903844911768,2.56387436092,3.22176624537,0.481289259195,9.52102201462,0.0315234515071,0.0,0.00439443364739,2.42383551121,6.28663666725,0.459934356287,0.118701266944,0.85637742843,4.31898534775,2.03970998108,0.106340265982,0.28703736499,1.04830977567,1.9586636579,1.3411112754,5.78892095089,0.187978422642,0.000802982468158,0.108862499408,0.142364739273,0.0626927044243,5.41676898003,0.0331073448621,0.370634187162,0.00485805381089,0.0327869581059,3.83427632809,0.0581734064128,0.983333216757,0.0831421302259,0.0190247926116,4.65345222473,1.43026047111,2.90772049546,0.46432908453,0.156953095142,0.142329323888,0.471876397133,0.795003437698,0.440693226047,0.0145967067778,0.156197536606,0.192708951496,0.781868427992,0.0818820040673,0.046984692663,7.932859869,1.43788229227,0.428115111217,2.25516682729,0.0172506070137,0.0895878627896,2.85344361901,4.53234611169,0.0820014899224,0.158650029972,0.9540121128,3.88470339775,0.508910964187,0.0787345337123,0.108466560151,0.71178762041,0.268485711338,0.697812887775,5.78816463113,0.93842893824,0.0748396020383,1.19768130612,0.915448087901,1.03321400315,3.50091142297,1.66956988156,5.15364518642,0.0996741094673,0.20615489753,0.0289161731303,0.519781033397,0.309963294361,0.172390300632,0.503210707195,2.48088613749,1.25143295079,0.709314297885,1.01347716883,1.83895645425,11.7791966248,0.357432876676,0.237544180416,5.63963654518,0.767110295836,0.714322719872,0.640147290379,0.625358494483,0.658847251609,0.322097063847,0.41083026614,2.95229033709,2.69205202818,0.193932958394,1.41911960721,0.683879744709,1.37309430078,0.0142661392689,0.245484874398,0.0214652752876,8.22210163116,0.141035008468,2.42470719576,0.0268266151845,0.104798281863,0.73715030659,0.53338809602,10.0691140747,0.118225178421,0.0204667795822,0.000388764739037,0.00148048862815,0.0040959431231,0.809792382717,0.000283611845225,7.15132187843,2.84945936859,0.347957676209,3.40453150749,0.680745219178,3.00392178059,2.98488684893,5.58864629269,4.87023281813,0.0188247837871,1.40361072414,1.11245184012,0.141262688022,0.0210269713029,0.0403304875363,0.0300141438842,0.00361391872168,0.471541884467,1.76704324275,0.223300765604,0.0446593731642,4.42183325291,0.0956226937845,0.452098983652,0.0217368445732,5.09331767797,0.914777476937,0.0549447339773,2.97171057135,5.76619533539,5.93063547134,0.527434337884,0.157654983103,1.13284045249,1.57816500869,0.0409841282852,1.5597755076,0.287895191051,0.465500565642,1.57313313231,1.1942295794,0.188569084406,0.562581802905,0.540599840134,0.316300556064,0.225226159729,0.197076183408,2.39256327152,3.75778541565,1.03211511858,0.101966471747,1.31355181463,0.357118992358,0.482097620517,0.00198386833072,0.166791313048,0.334373831749,2.46303560495,0.279826605208,0.525229919851,0.545459765606,0.0120120954514,3.62272805691,0.883011046052,1.132475859,0.517370950617,0.198367628194,2.01980563864,1.76202392474,0.176545324773,1.10123007923,0.482279442623,2.74481597304,0.0846207036823,0.00973119243979,0.980695502013,2.478597157,1.79437591895,0.623710082509,2.18283074737,0.416278990302,0.310528000072,0.276541498564,0.0903565356787,0.00395904630423,0.412351042237,0.0,1.13585086197,0.172822049998,1.84937853575,0.400824772343,0.900516542569,1.70226955277,2.3757321471,0.109505553953,0.0102415580279,0.190882454338,0.297242440302,2.07537876785,7.31257132292,0.0109573532641,0.199885254698,0.898387528658,0.918924912065,0.0419023779035,2.42220153034,0.000589519813657,2.11523529977,0.131532966495,0.0171110737324,2.2537361601,0.319068633877,1.29490223765,2.25372411564,0.280874056853,3.08966914095,3.1644049859,0.0835004794784,0.712614649683,2.03074899733,0.507147532105,0.230469837785,0.68338977322,0.313469452169,0.074697847981,0.844954374637,0.485522601232,0.311138528269,0.635641311035,0.61050158143,0.947334372038,0.00784166887403,0.526388808414,0.263103746399,0.65325002417,0.958469218314,1.01857255504,5.35958609104,0.98897765832,1.27650625385,0.0746051092073,0.334334953204,0.617856398523,0.126279317699,0.0769312590361,0.0505065027624,0.356359757185,2.75771425962,0.679220450651,0.342992320508,0.0378587791137,1.03752023607,0.0470522329211,1.40231484633,6.48030739784,0.180357888192,0.900136134811,2.82920054793,0.0106907492317,0.23195304364,0.667252333574,1.32687900729,0.298956864104,0.430324716885,0.588035418913,0.671540392693,0.13206556201,0.312231351752,0.534419910442,0.214699440105,0.0285500446171,1.35491954789,0.0318630112708,3.00388715267,0.130040864721,0.287161466498,0.5123409977,0.81120171994,0.0552483627759,0.301494351178,0.0902000207454,0.218169066701,1.60255586546,0.754208169281,1.7547033298,0.278781790733,0.957296257913,0.240039404556,0.852044392824,0.057446651971,0.318522416651,0.479764664415,0.291704773046,3.61546232536,0.00959453068674,0.152941862345,0.441727271676,0.443756991773,1.31515341237,0.561684293374,0.333585570641,0.181496047518,0.175164658204,0.501322590932,0.405593881905,0.155275644197,0.876451919228,1.56709574327,1.00990688632,1.34224413086,0.127402352095,0.180188474078,0.0291635912657,1.18681479901,0.367910201401,0.236183069944,0.809821006972,0.483177122846,0.0408854994643,0.180276091606,0.195009998083,1.15193835497,1.17309425976,0.481383981556,0.258388845846,0.861297280397,0.763333984986,0.660363181288,1.21876754552,0.937888211757,0.428582773809,0.572158175483,1.1957079868,0.312823728397,0.492269676849,0.480276251361,3.41984397918,0.0340324549377,0.104481121302,1.26919758379,1.09759189341,0.00270096488297,0.00909029806964,0.909402196705,0.201932546458,0.352083591297,0.210755908201,0.149638915733,0.0334078031778,2.29890362307,0.0620131165534,0.0132899562642,0.108863159418,0.0354283250403,0.196365866736,1.00686018392,0.233762275577,1.12170999967,1.04486489639,0.932157691419,1.05681708336,0.921771422923,0.18008200286,0.571007973757,0.0168391811848,0.512084567044,3.41096402764,0.317189999223,0.359072586345,2.24846814603,0.714571192153,2.04931282341,0.282683620416,0.299775431566,2.87606941462,1.94658657908,0.0066811693646,0.30252715854,0.00850533783436,0.735649677366,1.65881662443,0.0459129121155,0.0146098093595,0.184436329529,1.90746100277,1.64618224725,0.582395337,6.15935537711,0.461656766385,0.0441901671141,0.526033019572,0.362021488622,0.128001048267,0.572852691207,0.359290347509,0.540158314332,0.957681354452,0.0240458980203,0.145702154832,0.0,0.201335855536,0.212286244258,0.479536060467,1.45043005854,2.09581289917,0.360271823406,0.808435088843,0.484717700253,0.389082217538,1.11419454515,0.325857328996,0.0577326666936,0.11687397819,1.05392448179,0.15288499889,0.200745694675,0.028490274772,0.0274937074073,0.646067978442,0.644181113467,0.71970274277,0.248428567871,0.010792820584,0.312257200666,0.284594931286,0.29851041168,2.10285520762,0.825278301761,0.0878629785776,0.159052282721,1.00776377259,0.104625620842,0.0395713577047,0.0795975736692,0.243767272756,0.985077009946,3.9221633482,0.638166493895,0.575849324912,0.245591590703,0.0442695729434,0.885065504434,3.50076151848,0.561560070049,0.308525560386,0.289201658764,1.60814410388,0.60645053044,0.587030781657,5.9851740694,0.259691420791,0.321159139257,1.07249460978,0.463737511337,0.154019578525,0.0701948482357,0.0195491275564,0.326932944357,0.171845693681,2.62350804806,0.00355131708086,0.532011826038,0.145037676996,2.42845755965,0.425433139056,0.324388517225,0.163481658511,0.0341996291722,0.0452941086888,0.145008986646,0.0833097379189,0.0,0.0906868868321,0.015023483783,0.0347074345127,0.142490887493,0.0473611300811,0.310085919034,0.226840122156,0.101078616828,0.383010762739,0.111355874985,0.0223781998246,0.120705037788,0.872181199174,0.00165038332343,0.0117664679512,0.944140199646,0.37464696005,0.151707676165,1.16459862204,0.64533437494,0.269235594068,0.556906424852,0.285036612973,1.47229332,0.90175546458,0.435734801386,0.0999645763263,1.88633656342,0.112882539488,0.0639899091423,0.0920213995129,0.37710536249,0.144721058756,2.37771268755,0.319250554591,0.176841497459,0.511723846272,1.08269125394,0.442614641413,0.727151358463,0.0109399545193,0.450670126304,0.623928353866,1.17215351701,0.0255830088258,0.374263278525,1.00676490352,0.804240755588,0.0109011520445,1.94953179836,0.797484373953,0.282613559999,0.31464741623,1.09634142656,0.974416185904,0.248493730202,0.262761388565,0.117986379899,0.0648693444021,3.18755941868,0.256432786696,0.335964228814,0.00502956561744,0.0112366173044,0.0150176285207,0.0350651327707,0.38759455624,0.366081258915,0.141220637783,1.04465721533,0.0343358815275,0.0757277951017,0.286604525745,0.0,0.108735276862,0.0210530688986,0.323157989606,0.0619624895789,0.0172497550724,1.16599749533,0.740541010126,0.0470279048337,0.0834485560423,0.682000008859,1.0998829335,1.61522418305,0.0541961534414,0.562833096124,0.750146026351,0.461500654668,0.027687559789,0.204938766714,0.783238243759,0.115088933147,0.0486404276639,0.598612034023,0.164940299951,0.197311775014,0.137680863835,0.0237762826681,0.138226716034,0.0884085422126,0.223258152623,0.0982238420658,0.802441184574,0.0865905879484,0.0701254367828,0.0238835531473,0.0330721690855,0.275604549982,0.131850662166,0.00081490419805,0.752065480798,0.0237628144026,0.834204382785,0.691673541963,0.118143622903,0.714589110091,0.295480933059,0.233208236648,0.221076721168,0.00992019172758,0.00150973729789,0.451339498758,1.35141899741,0.289878374697,0.132363849105,0.0153631657362,0.247748250081,1.11711975771,0.00190147167072,1.33293335889,0.00828782916069,0.0542814792111,0.287243856937,0.329006653912,4.43226968288,0.412820742428,0.082441899126,0.0179929174855,0.452646254301,0.176968221242,0.38139758056,0.147297107801,0.0324748248607,0.0575279026665,0.00343506780453,0.193751187846,0.630174765885,1.23373011664,0.0101001831889,0.448808337115,0.0121337243915,0.336682057478,0.603508123579,0.0,0.205910540102,0.730391163304,2.74606090784,0.0832278407784,0.0260674599838,0.170061347452,0.221654309854,1.30803814322,0.131687750689,0.0175237756222,0.029989066422,0.0998503137752,0.16492420895,0.0147862423211,0.211815210022,0.00437429785728,0.241025111703,0.156251921877,0.405732365586,0.0476044696569,0.0306417941581,0.194648747109,0.112921898738,0.783474162668,0.659598383456,0.0807211130857,0.16137014295,0.922724439427,1.94678009904,0.0996006058343,0.0751170320436,0.148706834884,0.142441527676,0.039895192422,0.282491391413,0.60744835183,0.370336127914,0.00894306309521,0.225546406277,0.023494130224,0.824802881982,0.00111379545182,1.64695790321,1.53712152153,0.843566058483,0.137878912771,0.375347212628,1.28783393189,2.07805061635,0.335446762145,0.0202536896244,3.11534619592,1.29212250888,0.0771259713173,0.237081335275,0.0019058419764,0.511390368715,1.09182694688,0.00654445484281,1.53374972839,0.0,0.310540722478,0.0,0.130084018586,0.0624537092447,0.322551853353,1.32317449879,0.0270585298538,0.0949809184857,0.551600100379,0.610070547312,0.0,0.00977744877338,2.56716992959,5.56724514961,1.13535867423,0.0472125796229,0.0,1.89276210189,0.0200603882223,0.171388533711,1.00053966612,0.523043127591,0.644701665789,1.58224957081,0.365463355184,0.0962136507034,0.181569032028,0.0304345536232,0.0569367566332,2.97908946753,0.132731744659,3.17052606434,1.50666118875,0.0662305219471,3.2313869071,0.00306428253651,1.27716872506,0.0,0.0346788795851,0.389348374605,1.89095652815,0.00471750468016,4.21086700499,0.0748758336157,7.8132199192,0.0,0.0857399621606,1.01230374411,0.765980139971,0.137136186808,1.71080411196,0.0529999321699,0.590921296999,0.0,0.000567131415009,0.683606839906,1.90572588777,1.45418715753,6.41314169884,0.0718000802398,0.313833757043,11.1224081326,0.244818666168,3.11267353825,1.36801892057,0.416148057729,0.47825348258,0.140051158071,0.048249604404,0.0624187710881,0.201569486856,0.939385247082,0.0,0.283054692447,1.55475506872,0.0,2.24059509233,0.0,0.0599293464422,0.868389257044,0.124299713671,0.268371467367,0.258327081278,1.02727430999,0.388402977344,1.41302976698,0.10998782631,0.410358176827,0.0569544173544,0.0,0.807204989344,0.00287604192679,0.00971008501947,3.49402477443,0.000144714238122,0.693566402644,0.590201463476,0.0360554219037,0.0169354837388,0.13745845437,0.399036723524,0.274696516693,0.117170174494,0.0,0.139579582289,0.0606187026203,0.463860347755,0.0129525072873,0.948931651115,2.04341548264,0.0,0.488468524218,0.178812092543,0.00391087315977,0.148167106509
52,0.0106607973576,0.70607058391,1.33646370798,4.91076076031,0.0501977212727,0.15406331189,5.33377554417,0.0761635878682,0.0726595955342,1.29951340429,0.152797912061,0.525720797479,0.183842411935,3.5590927887,0.0908324833214,1.69242561519,3.30927023172,0.234254710823,4.06878816605,6.46148748159,0.0780128311366,0.764029974504,0.285684859604,0.172135679014,0.000917097628117,0.0449847146001,0.009487089701,0.699338630401,0.520200915459,0.487856633663,2.11570655167,5.12519086361,4.47961433411,0.0819933342841,0.6038094192,0.0445754489303,1.17581320792,1.13012182295,0.0829119174927,0.0770356651628,0.4375097882,1.41829857498,0.717425865531,0.896368208043,0.0172997908853,4.8564470005,0.105484901071,0.437466446753,1.61076088443,0.249756437857,0.0544104684889,0.604946939945,1.55437982142,1.9050953114,0.841024859548,0.278145847768,1.04312124208,2.90262803569,0.100383596718,0.324165848494,0.191986987349,0.0484382683225,0.060666270256,0.344381952733,1.0269352939,1.40185400844,0.112917944342,6.46622026443,1.82392155051,0.0196867716312,0.578901209831,6.09524164736,0.044924255535,0.550056406111,0.204879784137,0.556685509384,0.796821377352,0.197961426862,0.347948682308,0.808584178835,0.214227226428,0.308148487061,4.75375207901,3.75629575074,8.68324721813,0.135621388331,2.5931941843,0.768871301301,0.270816591717,0.355908786952,0.256758869579,0.104369197115,2.43731604815,0.1779529953,0.0666073703393,0.109298798591,1.68075393528,2.156965129,0.279844044158,0.0865542939305,1.23937514842,0.369960621931,0.660625539385,9.25658531189,1.75999267578,0.100435486734,1.41947220743,0.0842697579414,7.82113100052,0.57343677178,0.268930152513,3.32750580817,0.860134081403,0.15794169669,1.73711006641,0.209549757205,0.240130581241,1.14333825797,8.70062806129,0.223427413031,1.93869284153,0.258672099188,0.02054292202,1.67290903807,0.691197432876,0.200360363424,0.806172488481,0.105753124915,0.0447928976268,0.632833269238,0.0,2.02700560868,0.711925124219,1.26741741616,1.1866135478,0.838152123913,0.685353331249,0.954379019067,0.0479566812888,0.450076322556,3.87523043692,0.593832171485,0.107848874852,1.4941676674,0.755873049647,2.55198424578,1.2280927515,0.270247697383,5.20662266254,1.90682738587,2.05920873642,0.440963184536,0.567927847207,1.11459549904,0.190522061437,0.6009202604,1.85392325997,1.02093921859,0.00233987413347,0.0,0.57627984345,2.01059530735,0.0710155412555,1.211274544,0.0247483755089,3.99454878569,5.1762756443,0.154050575197,1.52205708936,0.269742037654,0.406986795813,4.93435445786,2.94581245333,0.234622962475,1.8739840579,0.354480889738,0.0493916682899,0.44519248195,1.52155834734,6.47660116196,0.308820324317,0.339789756646,0.00112455949187,5.45497102737,3.3637165451,0.187251068354,0.141929267244,1.30151008651,2.09245219857,3.30554174781,0.0,0.717695159465,0.772805833071,3.49263676643,1.24509726662,0.428421636466,1.4843214041,1.79938911736,1.02945254862,7.70779730797,0.0722702396661,0.0,0.060806786716,2.43238396645,3.84596888363,0.791708831191,0.123849028349,1.18630653862,3.32714483261,3.66875472546,0.169507996105,0.1122630319,0.773759662807,2.91313977122,0.724428680763,7.44602757931,0.75288961038,0.049227004014,0.732679801052,0.0511405995488,0.135584460832,4.32512491703,0.0154500831664,0.272210403495,0.183041588739,0.0634592865407,2.68877049716,0.0900184735656,1.53314533312,0.0942060903087,0.0193491271138,3.42694921955,0.192602910474,2.63076394796,1.71049798012,0.323399089873,0.203580747321,0.555609942675,1.73896661103,0.646340310723,0.037774825627,0.191853330396,0.413555384111,0.704876771122,0.0714057032764,0.189308515266,6.16294278145,1.05412381709,0.460710470229,2.82219847873,0.000292175840586,0.148198599666,2.69614931524,1.8224499011,0.00345240354538,0.346077387333,0.364776004925,3.90644607782,1.22314076498,0.0197720983624,0.0705808163434,0.878639009241,0.345087441504,0.600433114618,3.89663158327,0.821514956355,0.289790768474,2.22073950291,0.0726795962453,2.92540986359,4.27265008152,1.69855312467,8.02298955441,0.162427272201,0.205280828103,0.114379990492,0.445495155379,0.500966576189,0.423418994099,0.94903431505,1.00579238981,0.501279361248,0.611398378238,0.937685396969,1.46173197418,6.12176279068,0.220377641041,0.932695229352,7.46320479393,0.425398629606,0.192425479721,0.531398696303,0.696145783439,0.607149039395,0.0513770475239,0.868065641522,1.2409701556,2.90316789508,0.0197090017796,3.33151009321,0.862912707627,1.2179201521,0.0114643849432,0.189656868055,0.0,6.18551020622,0.0775300133973,3.91490501165,0.485523299426,0.279086813293,1.0592677246,0.561926321238,9.74630981445,0.106574189235,0.0588968913537,0.0272543265671,0.0290609079576,0.0129692808539,0.834879184067,0.00788308978081,5.5843875885,3.03784985781,0.278874083366,2.89929573715,0.520139912851,1.6293991524,5.34445538282,7.21290061951,1.97279609442,0.0187555876374,3.54759341039,0.632531832289,0.361509177047,0.0236234559119,0.551605196968,1.04047326624,0.0276559638418,0.276916756146,1.38047141706,0.545420401692,0.0979790010769,4.66015600681,0.0683758586645,0.398587493822,0.00833719730377,3.35180073678,0.694608646724,0.0220853224397,5.9543581152,7.04126075745,8.95291247368,1.3838195312,0.220849562827,0.283340534717,0.815961525925,0.0313578823511,1.04142516876,0.255716153281,0.125066433772,0.746757005053,0.869506303072,0.0210155991465,0.106314544082,0.0251948709344,0.299560872503,0.0836142375506,0.0171049878001,0.829521434344,1.40573786646,0.833993870579,0.0940633029118,1.10787128955,0.0662368139252,0.147442718893,0.00469740271568,0.314018258508,0.25639266827,1.81289446443,0.143014787026,1.07011460219,0.658566008918,0.0358096565306,0.573080391437,0.580447020447,0.98765026398,0.693719825745,0.47566274846,2.72734246135,0.204353535511,0.471556396931,0.583038782366,0.588713442236,0.994817535616,0.100853820816,0.252245169878,0.592591522038,0.906863279007,1.55759661349,0.222295048214,3.28859671593,0.374312376678,0.122894456685,0.223707132787,0.223843672434,0.0383486629301,0.339114790857,0.0253296431899,0.453150236756,0.126659122596,0.9196897953,0.36364660427,0.321623694748,0.889624356255,2.14318144247,0.0815068393946,0.198915188909,0.19502843425,0.372898721215,2.26445929423,2.58091267347,0.0205004179385,0.123363921791,0.622343648188,0.131466838941,0.0320544479787,1.16588925481,0.0,0.881270079948,0.453968383968,0.0346746591944,1.78792260469,0.11884840182,0.704292536601,0.763940945566,0.0530203728285,0.631488453895,0.717479304373,0.298870830461,0.708609639257,2.31165365323,0.220355171785,0.0205289360881,0.824460555017,0.721700234385,0.384820873141,0.146135887727,0.329351971783,0.0342089682817,0.248419235204,0.311642536465,0.181644109776,0.0529633453535,0.241315486692,0.297702948451,0.273414870054,0.573024214038,0.504710703194,2.16327257872,0.455512383468,0.364533033296,0.367577279806,0.289179191142,0.165865807422,0.0627829498146,0.0988708960265,0.0634926071437,0.150481278524,2.60888838053,0.191045712531,0.0904085567221,0.0691706601903,0.439636955038,0.0820215731859,1.47734835088,3.8009125042,0.444231067896,0.242468902767,0.532951452038,0.00551317930222,0.126059161015,1.43151775762,0.677978684828,0.22290519312,0.376846543103,0.902367083952,0.357479001472,0.233343285061,0.149830902815,0.107009531781,0.0418199579045,0.0544396716403,1.01139126673,0.101559184026,0.968295299858,0.0789797835704,0.147964424696,0.0788599651959,1.11445760269,0.112963151336,0.457810854837,0.125965104923,0.328187237657,0.519478184027,0.352483501984,0.69870689854,0.401289345324,0.379971390855,0.093331983611,0.319679216403,0.0751277611405,0.0745914503932,0.465454319678,0.231400853656,1.47686946424,0.0594050183147,0.0363832444698,0.575689381361,0.928102927282,0.595760360807,0.0995822079759,0.199798799381,0.341705570202,0.143412230983,0.830175562054,0.333957532491,0.071606330052,0.383204628155,2.15750690967,0.638313379008,0.920972428843,0.0686804200709,0.221384309232,0.0851352450997,0.192388378792,0.00223987619858,0.269066111147,0.275572363734,0.46689491231,0.0726968862116,0.388812206639,0.0532829960412,0.841669314727,0.75245645605,0.247129215989,0.678434140682,0.335492666587,0.541788285524,0.580858201608,0.768879623115,0.166976711825,0.24275468871,0.126168474331,0.436699414998,0.106507203542,0.444707832709,0.455448921621,1.75215224437,0.113404032327,0.0202066099644,1.27129551947,0.682220006343,0.0742340286449,0.0628462052275,0.535679098158,0.363929249421,0.299967730138,0.127435886636,0.0429189800844,0.16861058414,1.00834869802,0.132378021851,0.0585172203183,0.0501664856821,0.167027124465,0.484431559443,1.73783145517,0.0850573825836,0.558941767588,0.82209305624,0.745315026417,0.205896599311,0.690256979419,0.196241920888,0.605481169857,0.0364578306675,0.31343714647,2.92931320652,0.138277863413,0.0786510947347,1.63858216881,0.299059010372,0.308229334429,0.0714436363429,0.0402790872753,1.92102163076,0.706127112135,0.000475734584033,0.362958426028,0.0571579328179,0.140835784841,0.805918011963,0.0191358703375,0.0829521810077,0.32876325164,1.58868776739,1.15921959281,0.150333379954,3.42132158905,0.299637051225,0.0853434693813,0.259020518214,0.175563070998,0.128448053747,0.410744342729,0.0946980968118,0.167415852575,0.0915178233571,0.0290857665241,0.0205781170726,0.0013647338748,0.211887872815,0.795087126177,0.842554857917,0.136014257111,2.21269326217,0.468887246102,0.437443501353,0.583082969636,0.267320465147,1.05907092065,0.313546806495,0.148569236398,0.0649095315486,0.794258354604,0.569907865524,0.0403613112867,0.0080888584815,0.127124935277,0.192962629166,0.135586687559,0.297256192788,0.236149204569,0.0193970266124,0.249167848229,0.492737387645,0.19246311808,1.15642386749,0.888430462461,0.159874808877,0.245986694405,0.543407511115,0.221120373383,0.00141621008515,0.0380323956162,1.0318923758,0.183948756494,1.7615804863,0.28570826143,0.503127888739,0.0652169346809,0.13402506372,0.309063257724,0.397399312183,0.217211084664,0.31803348986,0.441526875794,1.41010971844,0.426482001841,0.0791043105721,2.73469553769,0.668534892425,0.864887455329,0.849014325216,0.221577381343,0.121917746887,0.206630426832,0.0071714669466,0.732672478855,0.0491535547352,1.62900354028,0.0270937811583,0.733412761092,0.524899558667,2.94174401999,0.403246515249,0.224696207717,0.503699885514,0.0540709415078,0.0186131239496,0.23125024721,0.477991746129,0.0,0.404286589324,0.12852038078,0.0823956712335,0.0636836894089,0.041091577746,0.825855724351,0.0021184501797,0.190427610725,0.113823281806,0.0301371402293,0.0208988969587,0.0412362048775,0.65612628758,0.00839892582757,0.0200529102422,0.733142848201,0.0739763416909,0.137532140212,1.93366729572,0.311438115807,0.055351011008,0.393878015801,0.143004198223,1.37690339044,0.885997944213,0.266009729181,0.145946940053,1.52060192432,0.127777697537,0.0124834962795,0.0640983725572,0.248152084239,0.217914015353,2.14696983494,0.789937509904,0.174133791011,0.703953565189,1.06778174341,0.65758892186,0.476741156131,0.00633951872587,0.261790758893,0.289749726339,1.02849725559,0.000733551084995,0.240282935258,1.7088470153,0.304150123745,0.0051564604789,0.998193950765,0.314353168681,0.253573014401,0.283646354899,1.12331526486,0.61703579139,0.341569152037,0.0339408009499,0.0788064584183,0.0026817613648,2.39372929335,0.43805580819,0.169117360711,0.0127832353115,0.0181069156341,0.000496587660164,0.0,0.18898357939,0.276531352736,0.0610167136043,0.27669561062,0.00292751789093,0.23791803671,0.200460760668,0.00102955173701,0.64590623714,0.0154199969373,0.14128732061,0.0281622885074,0.0972285320843,1.61271448623,1.3818282707,0.0799457996618,0.168046206795,0.525103454888,3.00294971943,0.733681075424,0.107333379686,0.635219516773,0.941062197089,0.155078403763,0.0159577735513,0.430779821537,1.15345437407,0.22610676602,0.0174329683185,0.354696972426,0.261423670747,0.363118220866,0.256234857813,0.0218006467819,0.265356398965,0.256213709898,0.289170408566,0.0465859883279,0.164531873241,0.152739360295,0.0253009231947,0.0459965875745,0.0420513174683,0.207126701009,0.246448269075,0.0207411687449,1.6047627455,0.0,0.302277280614,0.587661051545,0.0811343742535,0.424286137773,0.394171207845,0.303332692049,0.0687254183786,0.00799584684311,0.0928043656424,0.218524424788,1.03779019968,0.128026507348,0.0427558899255,0.0933032366633,0.0456145618111,2.50966053329,0.043994542174,1.16915696874,0.0288840889931,0.000342944769654,0.312657339945,0.455086245267,3.93657107353,0.240999971814,0.427936445177,0.118638459244,0.189926208705,0.221502735894,0.210850122981,0.0695395556837,0.116564542558,0.0204265671782,0.0095378983859,0.110845718794,0.970290088654,0.703333736211,0.00228012964129,0.948393645212,0.0228800871316,0.472343293764,1.27942388594,0.0,0.0466745322943,0.705282620518,1.79083813041,0.0644350857264,0.0619111775793,0.286540985331,0.267956332415,0.928152970932,0.577315237224,0.302614733949,0.0839247536659,0.0116297234409,0.0410427760333,0.095729427021,0.0890101811662,0.00211314042564,0.190659667179,0.38668708696,0.128250066824,0.013353430368,0.00632790694013,0.263845640644,0.0354877974652,0.690273581389,0.882907651961,0.155573615879,0.0704506354779,1.78799590841,1.23358725294,0.148914450901,0.168360476615,0.14244039556,0.141643011793,0.140201517809,0.0662239066465,0.165513210141,0.643806786239,0.0209432904603,0.142351467311,0.0497868751548,0.885741859674,0.0154251217842,3.83554475427,0.52854193382,0.774904580414,0.00365951254964,0.156271945704,0.73447856009,3.13099056084,0.189901321791,0.0548979783058,0.616180673465,0.334327700138,0.0130658584833,0.104114928702,0.165839331448,0.0998672689497,0.281396335401,0.0469358149916,0.807964772806,0.0,0.0631489402801,0.00280107274652,0.0506346648932,0.0159445714951,0.0512006443739,0.413158600144,0.202062821388,0.0204872905463,2.23135418534,1.5156181116,0.0,0.113696302474,1.43520567819,2.81056543231,0.433793271594,0.0449264313281,0.0,1.54707067549,0.00907086253166,0.0,0.270818756074,1.14491691619,0.725201606527,1.28656313904,0.071812805878,0.0102447393537,0.00364131085575,0.0,0.138749632686,0.955469737016,0.0118363234401,1.26729306459,1.07757204622,0.124851277657,2.8206091775,0.00665866434574,0.514055400476,0.00188766747713,0.0462593008205,0.034714758601,0.147553533688,0.0,5.43133370876,0.0612589269876,2.2709423995,0.0,0.457348058894,0.295376589708,0.575749183297,0.0188956582919,0.900681676585,0.0136598324776,0.179140806356,0.01823538661,0.0289732763031,0.325219511725,1.3311214143,1.73649822056,3.12366720617,0.112387746871,0.246166816503,9.32532418251,0.817726914063,1.51532618582,0.308670432195,0.352538417578,0.988456357121,0.0577341422439,0.00317296512192,0.113121145666,0.142662382834,0.952414582931,0.0,0.399318338633,0.868101003468,0.231650764495,0.691574553847,0.193995330296,0.0112037857994,0.866998413503,0.00646500825882,0.597070746571,0.000799954086542,0.334443148375,0.036386371702,2.36768036313,0.129846078064,0.0449102828465,0.0,0.00917813450098,0.922869434953,0.0,0.0329943054914,2.01381264687,0.0,0.364253063649,0.782619593889,0.0267363357544,0.0,0.0281619858742,0.0772161126137,0.228073933641,0.0464097452164,0.249977342454,0.150099671893,0.03055348102,0.212511923611,0.00297754403204,1.64391843787,2.89513814449,0.0343421840668,0.601289874949,0.0729749977589,0.00878416404128,0.121517106555
53,0.0354746842384,1.12764921141,0.694615449756,5.29624622345,0.075929172188,0.0707198863104,6.28236498356,0.0323349954188,0.126585144848,0.64498333022,0.244067533053,0.554781727679,0.167250185981,3.04408984661,0.23652965948,2.12488747478,3.55743118711,0.164222886115,2.45770637393,8.29746014595,0.249982109889,0.819966509044,0.404673686028,0.108429070078,0.0,0.0475508531928,0.0117473092675,0.461468525641,0.644935419559,0.599272004068,2.00577392321,4.12237445593,3.33929127455,0.031092200242,0.518646775633,0.0334846445918,2.01159335196,0.989205037951,0.137702556029,0.127102156691,0.211770270988,1.43735072643,0.845853222236,1.17702618778,0.0623375413567,4.06570752144,0.108954095244,0.63868081443,0.4887511006,0.134695283417,0.130454727579,0.616554942653,1.75895964682,0.715832695216,0.546722377092,0.354954387918,0.540094055533,2.71660308778,0.080059569329,0.106262886263,0.356876921356,0.0278286889568,0.0934246782213,0.316886404008,1.26873594403,1.2768356663,0.0222833788395,5.21366801262,3.08193747282,0.00371611177921,0.903295230269,4.35812691212,0.0307131928205,0.313046420664,0.393136278279,0.975785836577,0.709455875084,0.0575523617491,0.221005526334,1.01903827846,0.345514115989,0.437629605792,4.6149993515,3.78416784763,8.64318746567,0.112476055473,2.1367860201,0.693169917278,0.143900326971,0.607409238145,0.187086497918,0.0107762464881,1.92259497523,0.515743543208,0.0578493425436,0.186166048944,2.01481003642,1.82021374553,0.48357222002,0.00677586138248,1.69996849298,0.346598758548,0.5767288661,7.44369399071,1.95955721855,0.133668237887,0.760253754184,0.173482078575,7.41112030029,0.678443865161,0.177187555553,3.67048748016,0.834200205109,0.0295338332653,1.89414985895,0.419128261209,0.0625585982203,0.717240547836,9.45272967339,0.660248981351,2.53635071278,0.205807260051,0.355438091569,1.2446893847,0.550762026608,0.482267859429,0.438887575418,0.0321375118196,0.0578734803852,0.951707122754,0.0,1.41044220448,0.878272460997,0.482269883156,0.994479785562,1.01301665343,0.49419084534,1.12314776942,0.0739619211107,0.492046542615,3.74590026855,0.772090185583,0.123070744686,0.531881966367,0.395752570741,3.1132788974,2.11106796667,0.151787566617,6.00172230721,2.44670608476,2.09385365844,0.807186419871,0.833476340519,1.20158736765,0.100651942939,0.150063904468,1.68813028663,1.00184664547,0.0722644323111,0.0,0.603163984669,0.817602991164,0.0741081958264,1.03651182175,0.0274649366736,3.99581386149,4.82674567699,0.243301872081,2.47383542418,0.13599928081,0.505643991604,5.33834404945,2.56417149007,0.493874989003,1.21254214004,0.945202684663,0.080866969903,0.311130983308,2.55435725212,5.38740315914,0.26891980499,0.353599920655,0.0,5.56041379929,4.05196877956,0.281117434278,0.163225055682,1.28271662444,1.49261984074,3.57560096741,0.0,0.625975340903,0.847440800965,4.25031116724,1.97594120599,0.370222373882,0.79456504941,2.17543614656,1.04123753607,8.29877952576,0.101072033867,0.0,0.0123428363726,2.56425840974,3.68114659786,0.894154045861,0.18091462113,1.75314090967,3.89697676897,3.84096701145,0.0654445126653,0.248165013818,0.249557022903,2.40887801647,0.952692548484,8.35505746841,0.782539380044,0.103769686222,0.503794951141,0.0892466234043,0.107134105809,2.09877565563,0.0223003318254,0.463556742202,0.0834307194687,0.0212429055851,2.2150709635,0.237315392792,1.77444642812,0.130629266007,0.0603456160985,3.29545700781,0.29498155416,1.83906982899,1.69651381522,0.819595561586,0.333037149832,0.595630285814,1.55325068176,1.06337167715,0.0296840976179,0.0743874958903,0.896747267395,0.710905076265,0.148557085395,0.137807698194,5.64554932117,1.38812583417,0.651390342489,1.92875365198,0.0197737164795,0.122920710295,2.30794299006,2.3658911025,0.0332186608016,0.332933276296,0.258572428823,4.3405773735,1.37609106183,0.0307428154163,0.159874504209,0.935264722165,0.236123371981,0.583248607367,5.11695869446,1.09740112662,0.197182893902,2.19456329644,0.136519580185,1.8210862273,2.80951756477,1.58065714136,7.98744327545,0.100458507724,0.222116428104,0.288595371041,0.454013287127,0.480107089281,0.665444588661,0.449937626272,1.46522717796,0.758744144142,0.841891666725,0.846606206149,1.01440513838,7.20102734566,0.162860206077,0.888383961939,6.88223929405,0.727924650535,0.0924251645058,0.494403622821,0.707492318032,0.777166731656,0.0758320811391,1.07269737184,2.36174869731,2.1666855821,0.0535109617561,3.01404955983,0.937005352974,1.10328771651,0.0149387537083,0.109482727051,0.00915798828006,6.19069425583,0.0204960397631,4.86184602737,0.348789560273,0.505934380293,0.544451754689,0.316900989087,10.9222358894,0.220346287936,0.145087476745,0.0872373820096,0.046837689057,0.0220195874572,0.730603860877,0.000696317106485,3.701011675,1.94635215998,0.42938220121,3.19434251785,0.536491592303,2.29806779265,5.72663537025,8.51869867325,2.34796143949,0.0126904004812,3.20778192043,0.341673647109,0.324047639277,0.0406852921098,0.575766507015,0.839856262356,0.0657834977657,0.320873633996,1.06229126923,0.377154222727,0.0976143938303,4.79294464111,0.141340260878,0.657521378398,0.0266536910832,4.97612201214,1.0537715584,0.0221027153358,6.34101270676,6.50320791245,9.2670553875,1.44034055948,0.476249743402,0.438434799016,1.05375465427,0.0585069199372,1.05714558721,0.168434200808,0.336429484189,1.7965572457,0.857044529319,0.425111013539,0.303711370854,0.0366115842352,0.5118041992,0.345694796555,0.171522524953,2.02112803213,2.31970223308,0.810427796373,0.210313068591,1.73845265114,0.231765930466,0.631757850796,0.0650260444731,0.177971964823,0.221882637367,1.69861208856,0.0987094403664,1.19285244426,0.168927576616,0.275387347117,1.96084528983,1.5761668998,0.251479497887,0.0933247664571,0.162279649228,2.79578826398,0.418426227048,0.343727127039,1.09513524611,0.45265843261,1.61325964689,0.247980573187,0.0466148564126,0.682250062078,1.43328048825,0.635338042825,0.293320603333,2.96418289483,0.550274722576,0.291840251386,0.314903602283,0.167131877923,0.0181881968677,0.231905367523,0.0740042671561,0.376319374293,0.378287744336,1.34557077944,0.12792667903,0.162209842401,1.89394430041,1.71749827571,0.187135626599,0.111179524288,0.0424926780537,0.402259801449,2.18605258733,2.8725675565,0.00192500010133,0.0505390538275,2.13465477206,0.444398557171,0.0630502903508,2.27307703853,0.00137447955552,1.62371048391,0.335208287388,0.135673159361,1.41472647846,0.354604767226,0.970719408058,1.26178505495,0.206307272911,1.30508343786,1.70982224047,0.221995198727,0.373558778614,2.34459415019,0.900564829558,0.106688587023,0.329981963784,0.0984442998469,0.187422024012,0.523815976083,0.370714732502,0.124988430664,0.518830738766,0.711420886386,0.845872002058,0.0311591657996,0.230413089432,0.403441274464,0.724013670869,0.473318692148,0.0399992957525,2.70449058473,0.246485432088,0.758853757903,1.11216392253,0.153141771965,0.33924710203,0.251452045068,0.0521363510936,0.382772733569,0.674320455343,4.80416154146,0.347896162532,0.41712773066,0.0472155757248,0.53927458588,0.118844468677,1.36279569171,4.80196107388,0.0454568018019,0.895383163542,1.23709077835,0.0195445689559,0.0806926044892,0.180552398155,0.889831154197,0.0964288365282,0.41041512724,0.849661932215,0.31455577217,0.108504587859,0.468235078454,0.34071467191,0.344481837302,0.0937401171727,1.51698244639,0.251751929969,1.10402489662,0.240643382221,0.117121349201,0.412811240293,1.81327516247,0.0749984374922,0.285437236447,0.0135906407237,0.0375137381256,0.661960834563,0.272639459204,0.941195117161,0.231177862342,0.491987593025,0.371796555221,0.542449379694,0.000568168405443,0.514550301228,0.499248022661,0.96158639811,2.30775196932,0.0146159436554,0.0329475200176,0.360944416597,0.32672743164,1.13825369403,0.23962268386,0.494511115402,0.227781903483,0.275699806213,1.85821959563,2.16582723424,0.0913439315557,0.356769835055,2.35687240779,0.881373264194,1.10272628165,0.0509678551555,0.226075901613,0.0150931723416,0.654025226086,0.319383512717,0.304745577425,0.849890703261,0.374829497579,0.288208100647,0.0350670698285,0.194141174052,1.7914780122,1.41788040884,0.274135737102,0.176970784962,0.520474284738,0.447774021253,0.658648799658,1.32792446898,0.734972217903,0.417071950585,0.659541184306,0.393413037583,0.64109052591,0.870160255246,0.958047221899,2.36138513807,0.102437275534,0.0810457937419,1.12907223865,1.49410304546,0.100171632878,0.0605874745548,0.523802812248,0.58985427754,0.293941843957,0.0734320637956,0.473109103441,0.0779831930622,0.945427006669,0.100296504535,0.0835712713748,0.0764633971453,0.0973293349333,0.0206073763967,1.12007267252,0.19616119951,1.082839211,1.67570970863,0.142374285255,0.649259848986,0.512888799235,0.203255018285,0.159491931051,0.131379690096,0.64392494522,2.87496761441,0.595781511068,0.796065693796,0.504855233878,0.669712209404,1.54489307374,0.172813519835,0.274793485887,2.96352182388,1.40348799746,0.00846924349666,1.06236617677,0.0105033862591,0.717375757247,0.858155512027,0.0160973761231,0.124046026794,0.572433348633,2.77779597521,1.13143745333,0.179065862522,5.77748455048,0.991729794741,0.643441296816,0.260447095558,0.721772348434,0.058957522721,0.64986887414,0.352612537221,0.714121511057,0.0539111220837,0.0350849636644,0.0889235725999,0.0189078891277,0.171657730341,0.739581993222,1.12154139414,0.381040773133,2.02732377335,0.607981544137,0.515940724015,0.792687712833,0.0636632036311,0.44277956415,0.687129799593,0.0689390847832,0.609184273873,0.838167964369,0.175567678213,0.408054276258,0.00748923689127,0.154768681377,0.530144975547,0.754016226805,1.36725498408,1.09162677944,0.140770449266,0.694878289718,0.373216105886,0.187073148396,1.28229675567,0.988204129897,0.132463718355,0.314659453109,0.567079104185,0.462061665729,0.0316192692518,0.0326067850739,0.00533976316452,0.659718363881,3.71231330633,0.506991660893,0.397918229848,0.167763130721,0.111797327586,0.47558122322,1.60789860696,0.810476296246,0.308605654091,0.290837501944,1.35501549125,0.413190197069,0.29401228087,4.19119166374,0.561959970519,0.025241182819,1.48652654209,1.49236412451,0.200798603604,0.481989542283,0.00351536661386,0.508723024679,0.138837198615,3.55633834839,0.0365782773495,0.80455859378,0.229070676453,5.52747714996,1.78101533636,0.484837936137,0.666743682841,0.081117422916,0.0415103437938,0.357856734707,0.508786253943,0.00385872684419,0.471493252814,0.118929100484,0.16737754886,0.13651408717,0.273346764818,0.795447510369,0.00499830052257,0.320052499045,0.766775176185,0.101593330689,0.00577903727069,0.0382962483796,0.865723693818,0.0435440646484,0.256260702149,0.888411449045,0.708847689703,0.202494252124,3.90499867201,0.916139848754,0.195513528269,0.749770667894,0.456830651127,1.57233853668,3.10123157918,0.468209993653,0.400107722506,3.77783170819,0.274636268094,0.103102310076,0.0197022883035,0.723473059088,0.727017103564,4.75825801134,1.58831638336,0.769381559193,3.10583058096,2.38701101065,2.03356713086,1.15664383368,0.0143272008374,0.72630667787,0.194525593836,1.65247100741,0.0361109785736,0.295854822062,3.10148902982,0.265320889428,0.00960520880297,3.00853153259,0.314672766421,0.460533310249,0.0621826289105,0.735197419752,2.03060476439,1.25729555964,0.0204566624016,0.0499347048998,0.249888694785,3.78484656572,1.17527093768,0.292581180315,0.00663488380611,0.00408575505018,0.00576643109322,0.0377188688517,0.505644431701,0.329117182046,0.0316847703606,1.29135368064,0.0,0.456897633281,0.723390896786,0.0802693270147,0.774713936988,0.000370635500876,0.252885172293,0.213496487774,0.12466675669,1.71949757874,1.91009065562,0.050815428663,0.193539488893,0.825624593776,2.62315245867,2.64043630913,0.228134514403,0.366902139299,2.90440281153,0.623990197107,0.000732632055879,1.30624059336,1.30241224371,0.163696995191,0.0722291418072,0.465784811527,1.10830908328,0.806773917377,0.354023355842,0.0,0.355727588162,0.622204740942,0.309745155573,0.250144847482,0.11689389348,0.198754553758,0.0409279352427,0.021877485849,0.0385701509751,0.927703583597,0.570295671918,0.000494246184826,1.02535258099,0.0186796092987,0.558947052681,0.60302354157,0.119524684846,0.785788010806,0.190135036074,0.480060662832,0.105597671904,0.000624965727329,0.027099904716,0.866659393013,1.46724179938,0.313543671407,0.190063107163,0.484694915074,0.584231725223,2.05385331362,0.0446078862995,2.23869105637,0.12378790678,7.70646706223e-05,0.352659865906,0.401251618415,6.12587002516,0.950839740187,0.841609806567,0.0463948586141,0.218854100853,0.541898407675,0.333397797719,0.0868016859517,0.0472290692478,0.0672797148675,0.0193599965004,0.216575165689,1.11878046658,0.642087567672,0.0189116251469,1.48750848979,0.0429325613007,0.852397511817,1.01731094487,0.0951202189922,0.168453207742,2.39162474543,4.91860219717,0.34736510098,0.103729724884,0.501373358965,0.383252319992,2.73223608553,0.841827480327,0.273274325756,0.00627482354641,0.121155819222,0.126715521449,0.177616923973,0.356984398402,0.110677793398,0.878099040911,0.696031638226,1.00310330793,0.00402033776045,0.0293457604945,0.150066020899,0.115306474268,2.62850481451,1.20702526163,0.520319543555,0.248661837596,0.987823932767,2.32536226336,0.0960534399003,0.195530003598,0.196154872291,0.0247520673461,0.0952467658184,0.634496157635,0.6733891128,0.86662557032,0.00954229477793,0.324495397843,0.0354288890213,1.24159903395,0.000160974003375,6.10962661862,1.17001666151,2.69165271237,0.0678231465816,0.216264751358,2.1595045498,3.26181250393,0.233174516223,0.101097694337,1.7701644766,0.564947121013,0.159149650298,0.113666599989,0.0130107926205,0.416519102082,0.315740125626,0.00258038043976,1.21168489605,0.0,0.030350035131,0.0,0.0524631609023,0.00222382605076,0.0517912137508,0.587067070939,0.393166943397,0.0411499036849,2.86182051748,1.79905708097,0.0,0.0483493310213,1.59669552594,1.42631473683,0.123108334243,0.0755632568896,0.00246290028095,1.58626355529,0.100142154023,0.0434294161201,0.341479706764,1.48606288947,0.922450619638,2.621626665,0.235062516332,0.130617538393,0.28100051394,0.0,0.0306609066576,0.983216471784,0.0323972842097,3.48037016325,1.17782205343,0.103829737473,2.54393138692,0.0,0.189980892241,0.0,0.0955224489933,0.341409846395,0.688848331273,0.0,2.13713901363,0.0405230586231,4.74555963159,0.12474296622,0.789904576838,0.655675510019,0.978088437468,0.0355708739161,1.20324444152,0.00951223690063,0.319147473639,0.133725238442,0.162547131218,0.330418363661,1.41490721479,1.27024545908,4.06858161137,0.188983968911,0.290839086436,5.79021934271,0.416665362688,1.19453088805,0.354893004633,0.258263332844,1.07951862067,0.351928599328,0.0212865379453,0.0823496592045,0.247021639049,1.42491900444,0.0,0.163932780996,0.764832091108,0.1380887454,1.40577989876,0.0391473510116,0.0,0.949642651677,0.0,1.76844308794,0.272538877428,1.46109611861,0.0327992822975,2.46344412988,0.11283128852,0.289969785959,0.0895332992077,0.0,0.840959518822,0.0155247557163,0.0455431175232,2.10593089819,0.00214999571443,1.14214021727,2.01544869602,0.176884238049,0.0,0.0,0.339283567071,0.605921945721,0.0887619608641,0.0041762496531,0.0959368467331,0.108935259646,0.587210788111,0.0699044574052,1.66214899242,2.25483721256,0.0999380449951,0.284940571208,0.300265449509,0.130807012916,0.0206415308639
54,0.0223362021893,1.9955637005,1.5340220353,5.05416384697,0.419903602302,0.189799096473,4.2088931489,0.0588476254698,0.0942288764566,0.402207269575,0.122542776987,0.978708496094,0.515207799971,5.79567076027,0.292564060315,1.26367062584,4.33459861577,0.234692884088,3.01795413494,4.55764321089,0.110330824554,0.656188701093,0.44317947194,0.0843942225724,0.00988383494318,0.113748482242,0.0130875484832,0.691500026621,1.23788204104,1.85664463867,2.9440307653,3.72464203358,6.22015174866,0.121378482431,0.471875776052,0.0539088439755,0.769096542485,1.12758372307,0.197071669362,0.127215086557,0.245114644319,1.18505091616,0.748926406577,1.644294765,0.0406020354107,4.74399167955,0.19691334907,0.327526799086,1.17396170262,0.11666416049,0.220045469031,1.73489126205,1.7760095188,2.02878895476,0.810876753628,0.652175157219,0.710911965668,2.19716986418,0.404425430149,0.43871866703,0.512283410951,0.0494338414073,0.39615609467,0.541580678672,1.90809075892,1.91814085431,0.0971425542235,8.60293034077,2.57428204969,0.108271261454,1.01035597563,5.55593354762,0.0424295343459,0.298732971847,0.47071769448,0.595264232159,2.17010544658,0.223124487549,0.254413729459,0.521199974362,0.25079197377,0.386498749554,2.87976911545,2.99290532976,6.95001626015,0.221012525409,2.5673671782,1.235727173,0.272151270658,0.381506794393,0.65945331797,0.00895047601312,1.56232400075,0.381486276359,0.220761491805,0.208794631213,2.45788562179,1.06563952923,0.317597809136,0.0509950488806,2.10883394122,0.351493556062,0.711358381584,7.51837106228,2.1697974515,0.290300217271,0.757896557301,0.280271787718,7.26162968755,0.523020877191,0.520735222101,6.71687904358,1.51490271411,0.0858516009897,1.80569803119,0.426460078931,0.433259026986,1.19517421238,7.02624083757,0.118338161632,2.78791795753,0.481705858442,0.0491391142458,1.28493075848,1.25918517113,0.12881689574,0.935928334892,0.327338111568,0.177053478509,0.222911578044,0.00132359907031,1.25215269044,1.51410254861,1.14993498124,0.562341441214,0.454043890983,1.56711463749,0.534717098922,0.170280807381,0.574205725752,2.28628091652,1.05771201909,0.15638113454,0.821131263673,0.912322038002,3.46520928442,0.413624947891,0.566796191335,5.25924479306,2.95311823368,3.05886138201,1.94384568907,0.166312269568,0.803900774121,0.162514660787,0.356602184176,0.678981845304,1.78663284354,0.00558269992471,0.0,0.455116576627,1.63679451985,0.278411922045,1.55749761686,0.0991474378854,2.66862178437,4.04754952967,0.342117913254,3.16858716726,0.214167058654,0.414443053976,4.96085088819,1.0359844926,1.02783929169,1.92298504293,0.863846422657,0.143788741678,0.243896637559,1.03132995576,3.63641069889,0.127127215564,0.351978261042,0.115065237433,5.15652399354,2.69323605537,0.216591749545,0.417974465489,0.728604646958,1.44914751701,2.60270152837,0.00771535277367,1.29354297519,0.498785448819,2.83943637252,1.49411879718,0.594471761435,1.34078664839,2.1877835691,2.23018127769,5.75239636898,0.0664984004572,0.107543124706,0.0384756264091,1.02577615201,3.73346795857,1.27074041456,0.33643738877,1.057104038,2.2668730367,2.73252942264,0.12039428303,0.240676396638,0.525441595912,2.79870015897,0.452060929649,6.1281927824,0.947258279249,0.0827474472206,0.157411818113,0.0724425699562,0.132006402798,3.56064568758,0.104945911504,0.266529745236,0.196125465445,0.232838585228,3.53419303179,0.0757082094252,1.46841376826,0.172564336061,0.169504677206,4.46091764331,1.07261828803,2.71396565318,1.51007755019,0.282751983618,0.624434213489,0.568802764285,1.41049905071,1.27009599119,0.0611187465489,0.279087706655,0.284124449603,0.899968075752,0.0667862376571,0.1833516711,6.89486330986,2.40413333952,1.05420152273,1.43625218265,0.00794037982821,0.165520079881,3.04038104042,0.896698525548,0.0637586504221,0.289240105953,0.951365205646,3.82503772259,0.765122413933,0.0815592737857,0.617164976895,0.760282886885,0.240941010267,0.613905754834,3.33903624296,1.93194994539,0.324958821966,2.02276635855,0.0619479786605,1.18537634939,1.66628281951,1.49350177765,5.8396493721,0.346272885129,0.0767747350782,0.0369320326671,0.50470399023,0.621844501148,0.597586044073,1.46258432418,0.975887471139,0.855742528141,2.22017903358,1.33037401766,1.86212115435,4.83818418026,0.385728725269,0.600224876478,5.67650133461,0.301519353539,0.109803685248,0.477257620632,1.04552723505,0.974405091405,0.34363883432,1.55097408295,2.44422476649,1.34490732685,0.125421242714,1.7306485647,0.864331885502,0.622969917022,0.119749943763,0.442389064431,0.117068283334,4.24011203289,0.0871754109021,2.23256744206,0.0435050209612,0.0818995839357,1.11732809752,0.959266827926,9.03234727859,0.518549209572,0.134765889794,0.0214996665716,0.195230129212,0.0240105582029,0.628383868039,0.0128690730035,5.06328457117,1.95031218052,0.383901609257,3.20587646246,0.606877191141,1.41837567732,3.77909068823,5.48894384697,3.32342771173,0.0761651864648,2.75508818507,0.851226139528,0.727832622193,0.181277596131,0.304841323942,0.653233699501,0.0067398686707,0.187921312191,1.39620764732,0.31800955262,0.476315855533,2.06566746503,0.48416109506,0.265912889838,0.028757403791,3.00946851015,1.05449087888,0.0714636352286,4.33367980242,5.69993021011,8.10776080266,1.02318760455,0.303218829744,0.209370405944,0.179299354162,0.0787920190394,1.62835163706,0.225637573637,0.499912674427,0.414767758567,0.567096166313,0.334344606623,0.181816939116,0.260187149346,0.542904893104,0.0610684522241,0.30785435304,0.657539521679,1.36963511962,0.602731333077,0.161859058132,1.21220060639,0.104134243861,0.234345373064,0.0949631045759,0.141051702164,0.243790373076,1.04941788774,0.205122588649,0.579610203821,0.359460127056,0.174342286326,0.783049394265,1.29315620754,0.730829355405,0.393388175815,0.264252273268,1.01584539387,1.69180652976,0.282904527839,1.19999451619,0.313336522793,2.2727155298,0.302756416239,0.164114482698,1.52285437509,2.07351471603,2.17579685091,0.384214498177,1.667554003,0.620597657412,0.186556942314,0.429859738722,0.0827320062974,0.0556179522723,0.222522120327,0.0565135127306,0.249697268531,0.0723863620311,0.597492136303,0.289996352866,0.8537336386,1.07412484221,0.609219263466,0.135248090997,0.344721008413,0.41631801337,0.170004771114,1.07878404483,5.00126356363,0.0511552431434,0.173321342412,0.580351337343,0.192545700371,0.187886618674,1.21837440504,0.0163581433892,0.811019777954,0.108488149005,0.0774577193335,2.43082888901,0.157162325061,0.597555905432,0.606373340487,0.189174184911,1.58993812323,2.6803795591,0.0289375178888,0.773616598137,2.64217032332,0.203354266658,0.15551701948,0.330414808989,0.782826142125,0.322843595762,0.149138699798,0.544925087802,0.347251668423,0.29323227793,0.280325512011,0.333092805445,0.0920936007798,0.360262230095,0.192177827954,0.186703320444,0.50790085569,0.677797557246,3.55343431592,0.380688252151,0.446116838977,0.218139114026,0.254258973841,0.447298986912,0.233573011868,0.139701071442,0.204709780142,0.55011200957,2.12840038568,0.353391934484,0.31952871792,0.323485901058,0.377911773324,0.109667956904,0.546752486825,3.48441428065,0.275343502341,0.479432125203,1.15471543044,0.0217152365297,0.0602074988512,0.700896704197,1.16183723837,0.228609648943,0.398447128832,0.182741613882,0.392912440058,0.197561908215,0.230203608945,0.270063476712,0.108690789044,0.127712533064,1.52045197427,0.0283774761762,3.10135484338,0.0489417216182,0.35535992858,0.498347581811,1.16114455305,0.304354613684,0.622026678771,0.0869688843563,0.177420966662,0.210332825258,0.313461837377,0.675058117658,0.196340532228,0.442388808727,0.308154435456,0.489165250752,0.116993592139,1.15097968474,0.58749152109,0.637680789419,0.91278859362,0.0816779349744,0.289418070037,0.23370724462,0.859422277622,0.319210266508,0.432685722914,0.0926121709868,0.276880881954,0.286652113721,1.38311027718,0.532988451514,0.0736507198215,0.402308347672,0.626813935265,0.78751433745,1.58096913043,0.110854316428,0.57770073846,0.144960659519,0.26626834318,0.297992395684,0.0619228245318,0.3707921445,0.196268826872,0.162535636518,0.278387635946,0.322365929857,1.21849573018,0.751192294462,0.820475817104,0.272316752458,0.396863078028,0.650681800321,0.770829421449,0.569030034393,0.296848220481,0.311931664683,0.161925787553,0.383226280445,0.337126642969,0.626577739641,0.891671041697,0.892480323251,0.240995488369,0.079535259679,2.04825991064,0.386804654817,0.000764715597034,0.0917105435207,0.368888994046,0.170452805944,0.335997079015,0.144976476282,0.259809215888,0.0540215168707,1.92442096889,0.0648953533545,0.065463800095,0.0580984823685,0.0555512681697,0.491477655992,0.673136427253,0.110632959791,0.458665885217,2.01340392992,0.575564173628,0.373765611593,0.676650881395,0.102310619759,0.430190838948,0.138887168765,0.693018395449,0.961831891239,0.395519498028,0.221470241211,1.32750520304,0.683528881683,0.102924426273,0.261994833443,0.186881902907,1.45894334793,0.277511685453,0.179851011932,0.347571654767,0.1553593003,0.457966843434,1.9743209669,0.0683571401238,0.1464229332,0.200231388882,2.29950790003,1.02514967322,0.256968890216,4.17546980381,0.321466348115,0.134670596793,0.201905948222,0.412551192343,0.378348569572,0.497796342522,0.0920096633583,0.0934207116067,0.474583083838,0.0397187376022,0.385470093777,0.17462244235,0.277706256658,0.311189205553,1.89494239852,0.501969908718,3.87279003322,0.651088875774,0.260908149667,0.51071671728,0.299590722907,0.862763066734,0.714618717954,0.332920789011,0.116616887003,0.899085601121,0.405284107812,0.133261131719,0.0413304203469,0.100560659949,0.357695914544,0.335220475923,0.886480556801,0.0584468849748,0.0263200662285,0.215005218983,0.876226970702,0.174649133533,0.497407040615,0.596303982651,0.211946682935,0.193865021318,0.573545013033,0.0847252241522,0.0467184677348,0.0799161405116,0.103337120861,1.03476536334,3.22391996443,0.714693693817,0.432400723845,0.210244475044,0.027806135416,0.627121804282,2.07046845925,0.134050414888,0.165363552421,0.441271496695,1.10984371625,0.387665871084,0.526359092146,2.33876391172,1.00790861815,0.644099387545,0.960277169049,0.544747330565,0.315529191978,0.114273740132,0.0337503869832,0.475033666044,0.147465762007,2.53460020542,0.122375930622,0.74400051821,0.338881536815,3.10413318225,0.518189727273,0.224370420305,0.356571558416,0.104984666212,0.03934497118,0.147084296048,0.0562568329391,0.0,0.174404531773,0.110455129296,0.351365542319,0.153255459219,0.33210154702,0.522330002785,0.0610495522618,0.270162558407,0.234008065909,0.197793135233,0.02874055475,0.0812397109997,0.663081521764,0.08747344403,0.0258180885063,1.01046756707,0.185315425452,0.228641263365,1.75366200194,0.395379974581,0.215062534213,0.791835737787,0.737162223123,0.954998565614,1.55049712896,0.397230702806,0.280856956871,2.49172232322,0.199582283497,0.27894649297,0.118233477771,0.347500628456,0.293429083861,3.21833067536,1.21769121731,0.255412748083,1.22540636455,1.04849936549,1.33365259757,0.80133123748,0.0100726817094,0.402641187385,0.232030441258,1.18405085825,0.0240179341659,0.734632005394,1.37406473935,0.30128558754,0.00493018271402,1.2278887663,0.321459458838,0.178249368719,0.510539208427,1.0818318773,1.02456659071,0.636566992011,0.0875416375697,0.267843012214,0.0344104335085,2.66321674321,0.996940466575,0.122763719503,0.12550730966,0.00130565613508,0.0288628220558,0.0793669340014,0.197233198276,0.239276021332,0.0363791805506,0.687480318123,0.00168528944254,0.182210012199,0.206634190755,0.00658272585832,0.360663583688,0.115992797688,0.121603151506,0.0531488493085,0.324682324678,0.979750925303,1.35288731772,0.113251469582,0.0393678816408,0.438899144987,1.21280955654,1.55246566534,0.140579607785,0.281620499976,1.35005006824,0.332854752168,0.183408801928,0.675372708698,1.00831932127,0.136043194951,0.0449681205768,0.328795421258,0.41356220929,0.396188055221,0.284408415295,0.0311687707156,0.248852770776,0.29844020932,0.371776489615,0.172290501231,0.239701122129,0.0259576937556,0.0502700591087,0.0458192820102,0.0206670586765,0.827404693812,0.245742314011,0.00615168910474,0.979178301748,0.25209549129,0.507649790943,1.13241047814,0.0327946532657,0.427330718488,0.367525128052,0.428598542726,0.161779448837,0.00231526809279,0.0429886478372,0.57183106428,1.06002402239,0.292245335076,0.0489047694975,0.104046576153,0.0901391000859,1.53831496842,0.0318172806501,1.27048024729,0.042571859695,0.0957793304324,0.622705797255,0.553015272673,4.29886418745,0.610372887682,0.286690757619,0.167809781414,0.193976064511,0.0773156631179,0.321466318127,0.0728447785228,0.0628689712333,0.165010263436,0.0545935298502,0.125288178995,0.757664685696,1.10274467602,0.0510126093403,0.579380311966,0.264400306013,0.574838889707,0.315018505305,0.0316614326509,0.0350065816566,1.36746589065,3.09547344059,0.118063791051,0.189726661593,0.303844416738,0.168442919245,1.70498469941,0.294853325064,0.0845929387212,0.0489084485918,0.0412271279236,0.0311965936422,0.0106938316859,0.285892922031,0.0970631918916,0.18260690704,0.702830179036,0.804505392127,0.0634804334864,0.000782314613461,0.10794105866,0.106690527921,0.860738358125,1.11179169349,0.0547147483751,0.0387399695814,0.881891739806,2.02952618197,0.182143578585,0.110585600485,0.153748288713,0.0647910035541,0.0843030050769,0.284272324638,0.532934180074,0.86081840124,0.0371312646335,0.111618819237,0.0221768455207,1.33126055017,0.00233798921108,4.76629926205,1.0408581461,1.26617490724,0.0512744887546,0.34851598084,1.5367605105,1.39223892386,0.561057086438,0.287439135611,2.12812134415,0.746164867207,0.379782460555,0.23389445927,0.221466016322,0.591515225917,0.25182868436,0.101361309513,1.20624578327,0.0186819458008,0.06696965307,0.00545985162258,0.312920137197,0.00362263686955,0.326037593251,0.728312753737,0.368327248693,0.247486614585,0.559093710557,0.611848133504,0.0510609769821,0.0757888996601,3.69223353386,3.32306113973,0.222234366238,0.598395379605,0.00649150244892,1.64140869025,0.0570137098432,0.126254688352,0.590735214353,0.450359423719,1.39255892634,2.12521617085,0.16302253902,0.175196468011,0.153866141587,0.0421253299713,0.0401049789414,0.488493944034,0.0859669819847,1.19776974306,0.975629890561,0.174459958524,1.25780291617,0.018801971674,0.504369890168,0.094586058259,0.278366909903,0.366780899316,0.679206273252,0.000372231937945,2.08590777487,0.161933420375,2.99040490858,0.0,0.340608230755,0.840138216987,0.559894380793,0.0389185000956,0.884099805355,0.00489153206348,0.522660044506,0.00593679904938,0.183723668382,0.592875666544,0.626388185509,0.724671469331,4.02499789238,0.0816304152086,0.376234131157,2.77328395367,0.372963393629,0.762677022386,0.0719712084532,0.228564059902,0.587333590984,0.32463861445,0.115377814919,0.233962970744,0.165793043301,2.23028216779,0.00295407891273,0.500945291054,0.37100719519,0.0477442592382,0.475777702779,0.0228835204989,0.124448965089,0.950706810709,0.0177918049693,0.68687974453,0.0938162020966,0.307167160362,0.266592387855,0.915482107624,0.609307014048,0.360234347284,0.034824141413,0.0205152815348,1.71947284281,0.0130948376656,0.174769941419,2.46776580479,0.000890094190836,0.765949100256,1.24796295889,0.0235597370751,0.000747835999355,0.328532338142,0.333154246509,0.0838143136352,0.0122729863226,0.0730308844894,0.108172085583,0.034848362878,0.165178103633,0.0743376994738,2.0119090116,2.55502545249,0.0518169286847,0.530790856555,1.00171533868,0.130102599338,0.0663157872111
55,0.0758608874306,1.30177908793,0.920158203393,1.36737691754,2.58613862574,0.0393949466199,0.748569283672,0.12530009836,0.518767004348,0.32538620837,0.723202223182,0.120599562451,0.558474619873,0.82118633382,2.0830391188,1.70209372878,1.9574040103,0.401661409289,0.650418064445,1.36831879307,0.658591498733,0.243970307037,0.758037333786,0.225869712047,0.0419220109284,0.0983600215614,0.209298474295,0.44958777912,0.195574875027,0.459818176813,4.00395396948,1.91095162034,1.41129908979,0.0561279471219,0.464849673416,0.0364286997542,0.444738903418,1.07717990973,0.145443482124,0.461060946845,1.08553180945,0.0370556044579,0.127904863041,1.84172447652,0.0526171734184,1.25515524924,0.973002491295,0.737656769753,0.203345965333,0.272245458765,0.363571984544,1.32841125438,2.72619608104,0.272681956291,0.493535420885,0.152361323982,1.91511915512,0.525063655041,2.90401674747,1.55378749073,0.864234628901,0.128563192869,0.163752684798,0.627002984211,0.304158860296,2.8226751399,0.666002516523,2.11897677037,0.777265644073,1.04948234864,0.199136183369,1.02732273996,0.0696023852751,0.797856713906,0.0631051445007,2.25908617601,0.244587115943,0.107282812521,0.106703155041,0.0692093665525,0.798454284668,0.181393773183,1.4342459162,1.45072710942,2.35754385471,0.722308570854,0.957939571831,0.205613301769,0.0282679225504,0.705713026859,0.0133717620373,0.106514589041,0.432994759306,0.279419866037,2.32908833623,0.69730118528,1.29375241935,0.669615762606,0.0517193067819,0.120806978941,0.864604501817,0.241934384555,0.698619922851,2.69594439006,0.543146261498,0.00918252769858,1.21620914456,0.720499281855,1.291713534,0.243457601517,0.135004489487,2.71107198924,0.653044828475,0.104214145094,0.317079192027,1.17475905061,0.0,0.21099627465,2.72974332418,0.153863848019,1.62554219276,0.396083501,0.198996163607,0.225736688413,0.236057139635,0.890355640836,2.61456918154,1.71325135738,1.75234252408,0.0552245444059,0.175316898972,2.3696168334,0.411269137375,0.262163253389,0.33857058309,1.58516998071,1.08278019197,0.761643176973,1.48955341013,1.89687725767,1.4875461106,2.3739345181,0.332095495164,0.445296988357,0.741252144054,1.63588275433,0.380843395218,0.200085599478,1.24650864303,4.70922344029,1.38456876651,0.682145634592,0.00373021287844,0.622015447915,0.152406288814,1.05543797873,0.296026637107,0.0687145095319,0.0794859127793,0.0264376429096,1.40763743486,1.68050377607,0.598039913895,1.45520976454,0.305232094508,1.66012174107,0.64004231751,0.109468132911,0.611778977513,0.3321876017,0.247325483337,0.636657152325,0.822191399932,0.250840325505,1.75631009951,0.751258305479,3.65343000621,0.348912367672,0.287197181731,1.58991543829,1.63961830676,0.303072307985,0.536257592589,2.71906953692,0.426021072119,0.272218130012,0.700517050028,0.789073505104,1.15200730748,1.85873685349,0.0928942769766,0.649659146965,0.507768025659,1.85627959996,0.660011508614,0.809290575162,3.78048809171,2.89583959043,0.799424764737,2.20944076091,0.0475771324616,0.536533952579,0.00320991275832,0.534984663427,2.7461446172,0.438293618709,0.0632880301028,2.18402849436,0.65188672483,2.3810844627,0.504537961483,0.196104156971,2.71791720312,0.69078148663,0.929303064067,2.71764243513,0.164125379026,0.955122473091,0.021697704941,0.619983416349,1.06275400341,3.50606291294,0.143809178195,0.611470973376,0.481382448822,1.90279465459,1.04282795042,0.1614177192,2.49088710964,2.82590876114,1.1166766046,1.37834281206,2.47583039135,0.413241971135,0.232386180311,0.685852902066,0.691010759771,1.02645539701,1.1668115373,0.965627774596,0.0838690937986,0.00813327915967,0.641203484386,1.14786146921,0.157418551147,0.122114337832,1.70817425206,1.39902582273,0.540573119819,1.92669191107,0.180989023298,0.882647662759,2.92310569882,0.326255413946,0.319254968539,0.188687582165,0.383989371061,2.23811192304,0.275993027538,0.215884796381,2.74355836511,1.23554693937,0.248497901186,0.802727982849,0.374896655455,0.981976088621,0.30010563815,0.67210612908,2.21484648973,0.436110887779,1.53660883814,3.69807147741,2.71202828616,0.140058442652,0.0795286189765,0.0291755403019,0.83119014211,0.198703954667,0.895915663242,0.613599612918,1.12772139549,1.39629912689,1.27422143705,0.736381537169,2.16645582199,3.05341966579,0.152146896087,0.00656609809026,1.79155708417,1.16963459894,1.49789072573,0.454323722292,0.557936500758,0.447265073359,0.70325510785,0.356078378726,2.27103910133,1.05119340844,0.430123024285,1.11172850724,1.13883846551,0.781361373216,1.25112286747,2.28930123091,0.0,1.40570916466,0.104861560464,1.04095234603,0.0410691741481,0.149429739416,2.03522351086,0.394097749069,2.50385056625,0.350996114612,0.286730173528,0.131214820445,0.0139531072974,0.438200566266,0.503611360341,0.300891420599,1.8668236351,0.813650911748,0.07841789186,1.18963107455,2.27479586676,1.7588633287,0.986618065331,1.43048728526,1.03669968911,0.00760020136833,1.50416439872,0.375187565275,0.628547479124,0.125576228155,0.828903897889,0.377749232799,0.0970461156964,0.155708543658,1.35976085782,0.0776637296379,1.32244992644,0.977566011846,1.79763787868,0.505294110477,0.210520220399,1.01418920457,0.402125677988,0.0555732418597,2.317167124,3.19444126382,1.23639037478,0.309765294343,0.765464783385,0.401551748523,1.66075714115,0.166747568119,0.240275029782,0.343915403746,0.10978258519,0.884020435736,2.92110656776,0.319238515701,0.229997120053,0.146370836049,1.23705967043,0.245803937279,0.322823653221,0.437140061837,0.967986578159,0.848917512819,0.018403072767,0.154436970301,0.245998110771,0.102051712926,0.17155188404,1.3145450502,0.096233026915,0.679884087257,0.272708595805,1.29935571492,1.1688292104,0.597350133508,0.367625938589,1.02532711655,0.24129314173,0.583907121364,0.099550357855,1.27489064083,0.127630644776,0.454622680582,0.418485655785,3.36494169153,0.429200039543,0.838551712092,0.876256484389,0.826906591915,0.452171691051,0.551654584445,0.992037754767,2.06467727721,0.21327020064,0.116660879925,0.0575749103725,0.30659831075,1.21104505256,0.42562906675,0.524776576497,0.313204232063,0.746744566429,1.1951869477,0.275716154203,0.079457044499,0.141946843541,0.636440440249,0.0499222037679,0.126926147491,0.237965789419,0.361899394221,1.74546043873,0.876084856251,0.845977639533,0.291163038425,0.623049921077,0.321400467947,0.250741793569,0.765823828056,0.0411309925653,0.421127762124,0.642008671165,0.306094289348,0.377511389069,0.435955570098,0.808325950652,1.08495685924,0.028169208765,0.890042316886,0.592689860463,0.210658044666,2.11532341212,1.01526040137,0.350669311192,0.232642864548,0.224116236903,0.292359316268,0.677911555534,0.633891463242,0.768716581268,0.0611424717307,0.206247557104,0.204454597272,0.23133544974,0.0614376046509,0.856574804187,0.904523831196,1.08159971565,0.518109697774,0.176907879431,0.9206366238,0.3477909944,0.327830346139,0.753666576147,0.165773742907,0.825684830286,0.0571048943698,0.257014934756,0.079174602828,0.548602839932,1.01594030067,0.169824957643,0.490846154466,0.595121054351,0.174277332276,0.0443224428488,0.567377114175,1.49336642601,0.387349707894,0.0431891254336,0.460336055271,0.0321270016953,0.0736260323226,0.634327004403,1.14320006702,1.00161710441,0.0938775845617,1.73506955281,1.14953229412,0.56721046254,0.0114082236215,0.38094353091,0.714383896291,0.0447075559408,0.845162703162,0.0119950816035,0.78849278301,0.372513028765,0.512787253857,0.479886316396,1.31020273579,0.592142406851,0.764781556875,0.23135717079,0.61329452205,0.388232557178,2.6338997148,0.777638358772,0.34389217305,0.623014478963,0.208439866928,0.621516099572,0.747069457769,0.32824008802,2.34944895037,0.21809699174,0.624558612108,0.293711013049,0.372658358848,0.53167996075,0.542090127282,1.5910763815,0.0562093481421,0.918753530905,0.174181850962,0.395490991231,0.357905985052,0.1065459764,0.0222649056371,0.230323505886,0.711611095816,0.137211489677,0.415077285469,0.32734347418,0.502815907765,0.21829649929,0.359431751221,0.0244668446481,1.45676034763,0.116070189252,1.41049957485,0.215956069082,0.46848773526,0.236201866805,0.485118299872,0.545691684112,2.0714147751,0.625233362243,0.872972208261,1.26645597607,0.0693484494276,0.0983270481136,0.270434458256,0.430255301446,0.429795531854,0.345980133032,0.430315678567,0.255174055193,0.279357861783,0.681018758882,0.336562959701,0.157637623996,0.592744882314,0.252624087967,0.0513844866492,1.29228869032,0.271045134086,1.67291526765,0.45009135508,0.311850444861,0.19332155928,0.189976974353,1.09496489797,0.0820505879866,0.301651990991,0.123050278649,0.307850793898,1.4303712225,1.35636267751,0.00163764156401,0.367277756818,0.539259568341,0.133308198154,0.15111697495,0.360192649714,0.24299731575,0.572788317055,0.0581706515141,0.317811244987,1.4249547112,0.182585175894,0.171920962334,0.115523287654,0.65991925329,0.230934822885,0.450937589649,0.162148067318,0.681611945629,1.39986166168,0.0447150514275,0.171749638468,0.120458613955,0.38293062713,0.66549258627,1.23002920806,0.771513347626,1.43589749888,0.879948615059,1.08738864854,0.284840426818,0.747634997368,0.0893531294167,0.181793144476,1.09062501721,0.105314202569,0.169335574061,0.0793735763989,0.369862426808,0.147453370169,0.0732044393383,0.598178451806,0.104248725101,0.459929162115,0.117118265135,0.0611724520847,1.0751328356,0.290199964698,1.07884774014,0.724901699722,0.786574062109,0.152401060374,1.17663071796,0.728946383744,0.188184208861,0.787299607508,0.288251918629,0.507626982331,0.779669898534,0.110855595176,0.0371884072945,0.654608168751,0.120942451246,0.410410950668,0.219684928842,0.471067222208,0.0718472676445,0.282960854843,0.471124310764,0.132297603674,0.935693205968,1.00244719833,0.419306705967,0.173497804301,0.469134351294,0.0205092367437,0.299980198592,0.0508705654665,0.316825950295,0.283365955045,0.7665213513,0.432003224883,0.199614621364,0.0114769911766,0.149163414463,0.969960208026,0.378574018925,0.0261490428448,0.113745455705,0.628933841661,2.38325178863,0.655792424381,0.363435091525,1.21855333596,1.14266022909,0.451380615793,1.28839049137,0.0586029577255,0.397866211981,0.198848400638,0.818518801183,0.0612505297363,1.03598751105,0.749555014521,1.34147205777,0.0256985760853,0.180413855836,0.286367891915,0.239073580131,0.272057312056,2.20111412454,1.05268986557,1.31227321984,0.435276089394,0.338025468085,0.0,0.833244578219,1.66044456221,1.63752297675,0.0636383882165,0.137152120275,3.06301251054,0.202503589637,0.690348054785,0.497844590233,0.0853716885298,0.120819544867,0.26458885137,1.36765783374,0.00678746194579,0.0503330136463,0.186015480701,0.341100858934,0.440085437561,0.207189507782,1.24027752221,0.170512710288,2.2100946031,0.566815916151,1.04559775729,1.38980666846,0.52788929224,0.0323882031906,1.0301050806,2.80452966521,0.043917838186,0.434042034522,1.66469891526,0.688490637913,1.54291392729,0.429287987724,0.12496673353,1.44289684713,0.290758678094,1.18787051654,0.594819169299,0.733187868074,0.391088177375,0.62176991621,0.0986406208575,0.427288469374,0.793416040763,0.907673177719,1.04302461974,0.301023987755,1.41293034848,0.269493778199,0.173730063951,0.692690810636,0.0782852895278,0.626942494847,0.491925909072,0.249947875738,0.429849765599,0.784021630511,1.02387949556,3.77993242286,0.502723832987,0.559287649617,0.130808789209,0.476222195625,0.281396684931,2.94807846889,1.6687531713,0.922974034287,0.709977906756,0.515865791962,2.10175285324,1.75547148324,0.0594563100487,0.171524246112,0.0103204733133,0.231007980034,0.19886662323,0.71270142959,0.200272020996,1.39816713009,0.0730876656855,0.024146101065,1.57350270009,1.17031997763,1.6531645794,2.51813719496,0.409497125391,1.15743940443,0.285641819211,1.61274469659,0.535948624983,0.267485977234,0.529774294684,0.491853645258,0.796030697376,0.366454999289,1.18748414785,0.766007344276,0.189032486347,0.31884072965,0.25224483191,0.193986366838,0.829976087969,0.308073741421,0.344821678642,1.45756764755,0.277223813124,1.18318271194,0.296249817163,0.0950770847499,0.599745305339,0.87463451162,0.519432613514,0.567114847228,0.747914984711,1.08603591949,2.38411185801,0.134976158794,0.125558970384,1.51818844298,0.153077492677,0.132003116235,0.160358364657,0.0265958509082,1.33907237619,0.34337024346,0.1904098491,0.196163185686,0.268000200205,0.0427465964761,0.768720527794,0.0305656379461,0.0066693257913,1.20658219907,0.243590754978,1.43367610201,0.25364108542,0.356251805406,0.0708013429493,0.58120855133,1.3527813959,2.02147319496,0.11506019596,1.29542264679,0.0440116323531,0.0491117380559,0.547900185715,1.77309962928,0.217598764319,0.0299850858934,0.208384540342,2.3005920789,0.641711775409,2.34391213171,0.165375059843,0.753852977399,0.240986826979,0.788932008129,0.172688463144,0.443842452675,0.0219639781117,0.527212837795,0.850518197245,0.349330233037,0.0135477682948,0.0675734429341,0.452973145201,1.68204219288,0.0334299468994,0.218798508197,0.0410822995612,0.239885083362,1.10257910587,0.148405608386,1.01760374606,1.74145934239,0.154724322008,0.237255211622,0.986744288541,0.445267308149,0.131268259306,1.12413393233,0.582167602181,0.0994966923445,0.0712867519259,0.202693220731,0.0694832849782,0.0661563950358,0.217940947441,0.282560120355,0.458649172429,0.068151629339,1.0802344184,1.94744247794,0.302662060298,2.11198527768,0.101737241447,2.69193502679,1.51876729691,0.606149624735,1.83642952889,1.1851979212,0.262264626473,1.41997156039,0.160020599663,0.24391990006,2.01098510116,0.273848905936,0.0623480327055,0.00607287220657,0.825799665852,0.196793420613,4.83301653087,0.162470888793,1.01177509679,1.28786741465,1.24167042077,1.3159803161,0.385204717349,0.139227873571,0.618935154565,0.757506417111,0.241885648519,0.37074657172,0.449978545606,0.327637108862,2.39162119091,0.0932973279804,1.36928515375,2.00341593444,2.35300064534,2.25436104536,0.0443961399794,0.224002768695,0.191620651856,0.0164652498066,1.97763573948,0.0426468104124,0.618595077842,3.43042069975,0.742197446376,0.00435010544956,0.110928364396,0.143457978591,0.0493608109653,3.48525867954,0.0,0.080776925385,0.276985230446,0.341602541767,1.95022501934,0.0,1.18767789394,0.899505588263,0.735093129501,1.28718095466,0.0767185087875,0.0395469865948,3.4310579579,0.0382694015,2.77572064787,0.175991690904,0.303922014062,0.179168527015,0.0806151024997,0.229412115961,2.02034181237,0.354731881022,0.142237834297,0.13479254134,0.681515343636,0.048103794232,3.685881401,0.426170831025,0.434807068147,0.117543356866,0.0674768215418,9.22293945432,0.129432607666,1.01863494277,1.77480097514,0.0672330706567,0.289030958116,0.553186086514,0.422659146711,0.728673807485,0.255999815615,0.84224372521,0.0070276081562,1.08251311067,1.74921015365,0.0620173477009,1.4870174998,0.0214261728525,0.310639083833,0.397011175454,0.38956306003,0.490026480407,1.2678013587,0.0295918086171,1.00545529217,0.0887151873112,0.620536007732,0.161943583637,0.0690312862396,0.165759477615,0.996327620577,0.057847022824,4.07743123978,2.52756466806,0.00021265340969,0.0602101210691,1.8733654809,0.01977774892,0.705344029963,0.077997674346,0.265685438886,0.207939020012,0.0683625135198,0.0027998071909,0.564466082454,0.0801876783557,0.506180319935,0.122436699271,0.399038654108,0.669119577408,0.0,0.855003223717,0.135986755714,0.294333176687,0.0458185080625
56,0.0353469147906,1.19485781914,1.57939678013,3.30834087849,0.0473246456683,0.0344875945896,3.72205723047,0.0871241305023,0.0528596067429,1.01280496567,0.340610427391,0.98228538319,0.399330625031,3.72580468893,0.414642665554,1.55181894541,0.950233665705,0.0323153608665,6.40388402462,2.19724405721,0.0854353940114,0.983530783057,0.840375161767,0.3427113536,0.0214876058698,0.10001168143,0.308207028769,0.803063502014,0.100096623152,1.17473239839,0.919465198517,3.8471946311,3.18130811453,0.284232703447,0.282301080599,0.232245325446,1.33086479902,1.0754303737,0.327259941548,0.0819546481967,0.144652496576,1.47547931626,0.512945275754,1.49412640497,0.101266427636,5.02010427713,0.111123442706,0.401743198913,1.79746456506,0.23797495259,0.251643393957,0.26674812153,2.29552248478,1.81988904774,0.647407805659,0.511575473398,1.31795606092,2.11568956673,0.129846296646,0.442265378386,0.385152366906,0.0509094940871,0.225984515212,0.457447468899,0.995774817765,1.23096160818,0.131824146211,8.09482276678,1.73594233036,0.0,0.270747542679,5.85575799465,0.0,0.822761359811,0.270411197394,0.575214703977,0.980055459738,0.219876033412,0.226799444789,0.681458948851,0.0836553614959,0.768879925162,3.0157396245,2.97845332444,4.02604374886,0.199558942467,2.36357607305,1.27520923525,0.214087836146,0.46036807688,0.297047580332,0.0745223917067,3.67287001729,0.776041054353,0.119788658619,0.119757950753,1.26059478998,0.831660153419,0.642418904006,0.0252934867144,0.599759656414,0.231068531689,1.14136058509,7.75440876961,1.63984410405,0.104895186946,1.02816683713,0.311801294531,7.71350384712,0.878874912858,0.467696846724,2.5489833796,1.08339620769,0.28421661742,0.743249883708,0.0771923881723,0.273884453019,0.458013370037,6.79309799194,0.261405166863,2.18801589362,1.44625212692,0.0872986200452,0.718008397892,0.397330023274,0.11115322724,0.31773540169,0.163906777836,0.0370225461572,0.142408866286,0.0122908675671,1.83923180699,0.652807348901,1.07256811619,1.20809815764,0.92893822141,0.672196584642,0.0927130378876,0.346746276394,1.86932272911,1.9696154283,0.359667796493,0.077480917871,2.26894211531,1.78716762006,1.27967814356,0.528598944098,0.460937440395,3.59576746345,0.384108064212,2.45917699635,0.412730671316,0.0928254602104,1.79657128006,0.0170573622733,0.998467059042,0.897093395889,0.438020366728,0.0469478110969,0.0102003094554,0.828135631308,1.27323344499,0.151285437346,0.63476950394,0.155545159164,3.2165811038,5.04482054234,0.248176320773,0.555989219546,0.450039368067,0.445704160258,3.97149751544,3.4576803267,0.521207794752,1.58091641098,0.381171850562,0.0466054077074,0.0500669947267,1.97206455313,3.27580716372,0.529136216454,0.135886303633,0.0383881945908,3.99056268096,4.28350066185,0.237471868247,0.27102657333,0.511335281432,3.73365787268,4.72666707039,0.00623060882092,0.943921009898,0.96133728385,3.69503717899,1.58675554201,0.370759275928,2.11771242909,0.819436078519,1.17785835147,4.58060422897,0.10846125856,0.0,0.0115552985668,0.880642323792,4.67917633533,0.228583760448,0.0438889914751,0.857823703773,2.8264330101,4.12899771422,0.139155999944,0.319661126435,0.177679997757,2.12995296478,0.215023754537,4.95796921402,1.57243795425,0.554130507745,0.378951914161,0.168358100392,0.248377265781,1.46281358063,0.0379409392504,0.427188244164,0.202734679936,0.102651033327,2.00506682873,0.267391652907,2.05350940228,0.132838742286,0.055191610264,2.4357210052,0.470046636648,2.12565175951,2.32983399868,0.660960020721,0.464659323692,0.33175331682,2.87651568174,1.08447721541,0.0606888030469,0.181190361902,0.20213657571,1.28262747087,0.11489829842,0.217401306629,3.23055393457,0.583492145722,0.385818334818,0.703670665398,0.011287920177,0.559570447952,3.36272845507,0.472064017057,0.0550900706463,0.533264254034,0.174500122219,3.29500927806,1.95110000312,0.0471549471281,0.15241005905,1.40423612282,0.546225065831,0.980412996933,2.62371854663,1.49369742669,0.130824310333,2.03970731586,0.125113860602,3.01496367738,2.89129414141,1.05669211686,7.4338923645,0.534706085427,0.35067674743,0.0796602925658,0.561362832487,0.4378279135,0.93379641708,1.1111805284,0.435422888063,0.674329806864,1.27009288661,0.90959949702,1.01473033398,5.09787410736,0.118673757315,0.882062786072,5.08704100609,0.289683364294,0.0480186534673,0.701989099309,0.927122111619,0.779435629547,0.102228422388,1.62495347515,0.675021116883,1.22722750142,0.14863004595,5.14867773056,0.124413585216,0.555513280556,0.0167395067215,0.0742897007987,0.0143033495359,6.54080476761,0.161643709876,2.6381111908,0.0493766305852,0.211240787096,0.701353122294,1.96927850231,8.51570940971,0.590258057714,0.220768442899,0.00881606906652,0.290556808617,0.041403721869,0.854515043497,0.00679965436459,4.5802214241,2.02654734492,0.569655643438,2.34246475101,0.37325926587,1.07223038018,3.2799847573,7.49748361588,1.28363746405,0.0133756060898,4.20159048438,0.594079997316,0.541399673307,0.00146409444511,0.720808734037,0.90944976069,0.101704815831,0.23447848469,0.313709614184,0.762540368438,0.184718637764,2.39038981795,0.22908320114,0.13001559251,0.00971589233726,1.80176931381,0.245225430988,0.145797553547,5.65648632646,5.3250329423,4.17488750219,1.9056393683,1.43484066263,0.412881112099,0.621119567007,0.0320026814938,0.506869911849,0.124287441522,0.0595851003379,1.24223762147,0.521561293397,0.194206896186,0.257100405097,0.0302302454785,1.25693947252,0.2177733922,0.554116586377,0.910609501004,1.58147620976,0.981556973532,0.145976857245,0.61922803238,0.0276404918122,0.488820120618,0.251237235144,0.582300594747,0.376904294956,0.544854220399,0.447198264338,1.14060527515,0.566083943807,0.209764169902,1.09758488357,0.861623524647,0.639229232455,0.185629565492,0.517602669895,1.94853839576,0.209908399545,0.0886080209992,2.20036614969,0.245243668407,0.651265817609,0.551054279171,0.00925479650497,0.57853114672,0.588977659233,5.29550593436,0.0698317409679,1.34197291642,0.151498452649,0.342698523817,0.64357402727,0.131661733985,0.156175587773,0.362294631302,0.0804502808303,0.56599212084,0.659711303106,1.06639533088,0.250360868135,0.230756758451,1.08313385982,1.60423313022,0.144564523026,0.253305166345,0.117877229825,0.227996439012,1.75684515744,1.44140080273,0.159472652338,0.0439012241736,2.07891121447,0.725566335432,0.0325786960125,1.68075180147,0.0216150932759,1.14661626518,0.273399914056,0.0931132889166,0.635496640806,0.0974476384558,0.927523463219,2.16799488187,0.124435058478,0.713517823345,0.562425574204,0.658406004161,0.392018945441,1.19391373053,0.46612604938,0.12905500643,0.197195361466,0.396874089688,0.186704133842,0.444754377827,0.256522518615,0.0708316870034,0.282184473947,0.327573567815,0.11062410444,0.072408849299,0.11108373981,0.473111847304,0.781467853878,0.168431077991,0.549221777511,0.514805854403,0.412863112129,0.912476438712,0.433283801824,0.225496720714,1.05146400318,0.0746158365346,0.188021630656,0.444262602245,0.385040687621,1.47820239815,0.507023331374,0.109918009974,0.172134895213,0.867567628548,0.115947337315,1.05317483561,3.52548697874,0.0196232513525,0.355095095318,0.982406433597,0.0313005521428,0.180416966416,0.195961359255,0.240176871344,0.582232172191,0.26554318741,0.34992878072,0.209253643118,0.0595821699128,0.138598692692,0.216208491474,0.40403164655,0.0811312901601,0.627251922488,0.22434021771,0.299798613082,0.135654420927,0.263162638173,0.453586196434,0.812957302239,0.183737394251,0.834289198406,0.14508863166,0.252051491328,0.781390092932,0.516049168762,0.935440483838,0.264326538634,0.166724796221,0.187245347425,0.0990545894951,0.104798214287,1.20311477125,0.110701837773,0.658812751472,2.31471606122,0.0852461178601,0.0610667135566,0.218313686699,0.585969165191,0.437614976056,0.0623067160696,0.221167137232,0.13466135215,0.24199399408,0.576277950406,0.815909117088,0.142260486335,1.03310643498,1.49764491051,0.636461894996,1.41566871241,0.188416560888,0.0835312724859,0.0259489813447,0.370211068043,0.273736377507,0.209182275792,0.44711616993,0.381202088855,0.245165208848,0.2347719099,0.0354444511235,2.18934143931,1.76788915813,0.341075585559,0.230875486955,0.362889558524,0.336106699315,1.86983138025,1.18749014378,0.328508170154,0.245555511564,0.378721447289,0.127936673313,0.397312418967,1.84184671812,0.187049361169,0.755810794812,0.108608603105,0.186534291804,0.889789552391,0.456541529149,0.231183962086,0.041945757689,0.498780725598,0.169110916592,0.775277954936,0.0517264538258,0.877025179714,0.441429310739,0.267297009993,0.0730779769085,0.075942871673,0.222243958339,0.00552352193743,0.150090507232,0.102783945017,0.123299317509,1.35429720342,1.32054904349,0.921439766139,0.49397063002,0.0477844661102,0.252655975027,0.327650104389,0.113382187672,0.53513558289,1.40034370907,0.117299470548,0.326876335368,0.755521295941,0.249216378629,0.619963156357,0.877396211149,0.141596555263,1.40822934844,0.838079038449,0.012071698308,0.657673338354,0.0840428489447,0.356501374487,0.795869382024,0.0605141357332,0.310513418149,0.134759773836,1.4451879549,1.07556201418,0.223193953559,3.20721018106,0.300247718859,0.0575275757164,0.230678544288,0.479728721716,0.252859232351,0.258030189499,0.669858781509,0.365803150237,0.0450902140513,0.0660033777356,0.285170438215,0.101879866719,0.349107281659,0.0638906688429,1.54699046332,0.977817255948,0.976733448319,1.53846061796,0.164476404823,0.602002720842,0.0547288836539,0.301809900819,0.823714740649,0.377262770562,0.270013205893,0.875490891263,0.52326872021,0.13789109204,0.0190534465015,0.181005172413,0.409825000986,1.12835042298,0.879207549281,0.446216752678,0.100883511119,0.118531365216,0.625828845762,0.18024717398,1.35065132961,0.857348671854,0.20107379511,0.297974552214,0.487723918259,0.225581063032,0.0,0.0673625284433,0.150918457396,0.291798209026,1.11282721285,0.498684998341,0.107549788859,0.169982244968,0.0670596287865,0.258780423272,0.942505665347,0.152020472707,0.106963429078,1.53547689326,0.830937558152,0.339451029338,1.22612380452,2.48530390739,0.856673171222,0.313439898267,0.625847410364,0.380495490842,0.17997055456,0.481714461409,0.0312295346335,0.345597877055,0.097317763567,1.62021594584,0.384507778063,0.587292505479,0.106050680578,3.42460510388,1.26338040676,0.24644043128,0.749447380886,0.0350285736658,0.0152868659794,0.0945733907074,0.387664339617,0.000886349976063,0.227397361477,0.0493427365413,0.313231175411,0.0148894098774,0.319960550368,0.543822150128,0.0545355066587,0.0899407215859,0.641865353994,0.0308966127783,0.0255457565561,0.102502128407,1.60687279419,0.0970280660782,0.0929048789572,0.432455252991,0.803390555992,0.186747814231,1.69991068706,0.174089756222,0.136054730713,0.262581428299,0.416952507421,1.54569390893,0.866102199238,0.115699620321,0.19918874694,3.21844227672,0.156581007116,0.0507470547035,0.132414415348,0.291105898749,0.0345870190859,3.78565444171,0.877530458122,0.0711931607826,1.82742791116,1.8808931265,1.0369136889,0.408957968876,0.0714228518866,0.442244060189,0.32782971425,0.808574130833,0.103153055906,1.37260513961,2.95614812016,0.0695001416467,0.0709288628353,3.82249015749,0.438853215128,0.687244264204,0.068342613217,0.448874236904,2.44690654248,0.465342868529,0.124054073468,0.599443621843,0.275101928078,2.70982230097,0.535649810582,0.822007301971,0.0032028369233,0.0529360661376,0.0522483387589,0.138531270553,0.241844213046,0.11617968224,0.0284402024746,0.690736657009,0.0224429488182,0.481487764828,0.56470631212,0.106393817984,0.41647088469,0.0617728760839,0.126937153991,0.127074395418,0.450146750496,0.239681832492,0.255653364304,0.122875092253,0.224361692164,0.451029166646,1.00616942532,0.686952081323,0.127577825761,0.492400588123,2.1985072051,0.806969807371,0.0414695346355,0.269650758109,0.942388047874,0.279142867103,0.266776877008,0.118038416691,0.101693540718,0.109574531866,0.462813131139,0.000547756068408,0.1331597054,0.858083035722,0.246411581142,0.483541157218,0.127259360701,0.263009256124,0.0809879100323,0.0328773090243,0.212343014404,0.242374694534,0.325679550171,0.043843485713,0.959327967614,0.615463212952,0.236151558775,1.02564042509,0.118390516937,0.306947543174,0.26817291934,0.755531402556,0.0137662939588,0.000946182906628,0.156402513385,0.39746426804,2.01046587139,0.366126629454,0.207891230732,0.0598272180557,0.900143140107,0.462610221684,0.161555276196,2.47765193209,0.234736608956,0.149035570621,0.673695362657,0.314857036062,5.29160749793,0.197338176668,0.368487079032,0.157827171609,0.422516903058,0.0230135968328,0.161718972176,0.0402120803297,0.296514572445,0.0454940846562,0.0101813557371,0.0816595192626,1.0093017444,1.73336261585,0.000774263292551,1.14782856062,0.0100921242312,0.895962809101,0.434034188092,0.085823344253,0.0314210987091,0.868824365772,3.36101489168,0.195191807975,0.0664851468801,0.795741977766,0.197873938791,0.659949375789,0.815018802881,0.0371402115747,0.00640188366175,0.00781099252403,0.034499777928,0.0888073071465,0.431864295974,0.0378984322399,0.791352318479,0.777711326994,0.307589478027,0.0461505749822,0.030975638628,0.191617700933,0.083157662414,1.86152943373,1.00562988728,0.224673564194,0.412509050649,1.05790417522,1.39028191373,0.477884567827,0.424887670008,0.741775560714,0.0271129515395,0.0844816893339,0.115861812867,0.294455941692,1.4098189754,0.20587517418,0.043771648109,0.0503743874654,1.18427218623,0.0149639452994,5.91319823027,1.22574706197,0.344812364299,0.0302368805557,0.710576700047,1.55400275499,1.71670976013,1.44137607038,0.245931617618,0.732495739125,0.0626561188884,0.198992410302,0.124044533968,0.0871386080235,0.384803019911,0.136734350026,0.0342942156643,0.313513970375,0.0,0.156065291092,0.0432632547617,0.0711047682166,0.00204089567065,0.138600571454,0.645457906127,0.895570328832,0.515714587644,0.99157443285,2.83890035331,0.0,0.0,1.17732429624,0.295891035423,0.144674872905,0.0654599006474,0.0,1.13256331801,0.176448889822,0.0020793992281,0.0845665166155,1.24668122411,1.45233298361,2.57504762106,0.736301060617,0.108599879071,0.290560230613,0.0,0.0211069248617,0.427480981629,0.0021290242672,3.298053139,1.67312367171,0.202437729388,0.660448301937,0.042235224247,0.41325532563,0.0,0.0795795432664,0.20331955865,0.0453556483984,0.00121568486094,0.733807786684,0.0824060147069,3.37625516139,0.0,0.202834112495,0.507115831524,0.243599043228,0.109032405317,0.915964328572,0.0843711401522,0.109153405577,0.129266166203,0.128373154439,0.671390864626,0.686348984987,0.736159112751,0.354366069287,0.135021133646,0.275874247104,2.46700088006,1.42505134583,0.884434451719,0.0652413100004,0.0148344220221,0.340448932638,1.08699701995,0.0888056814671,0.171117925663,0.0217751952633,0.9990263924,0.000501392707229,0.525152496397,0.286597092152,0.203187903762,0.631997695286,0.306071270257,0.0912642916571,1.14676932076,0.0629011797905,0.303006916493,0.0909657185525,0.165383645967,0.427904454321,1.42531058252,0.572965775654,0.44185922727,0.000735458433628,0.00340049117804,1.01114293881,0.0164505761862,0.0607375012338,0.702257313281,0.0209871742129,0.248219733387,3.96235414878,0.0508171974123,0.0340690016747,0.0698919483274,0.0790071749687,0.0736957231909,0.0637547878921,0.160357553735,0.871852766722,0.68315965604,0.683072392717,0.185757018831,0.149956145976,2.60651263714,0.05253242746,0.586365677118,0.469195317626,0.0,0.139947655946
57,0.386315886378,2.15577574611,0.51160052767,4.49995092392,0.135649659187,0.0992328254133,4.75149819374,0.227431068644,0.0561678595841,0.917144674808,0.285639777705,0.237007944496,0.259481039755,3.48661524057,0.247051688209,2.54767277844,3.60722160101,0.170879883878,2.18681404799,5.7561237967,0.311570900977,0.912788827643,0.501522739828,0.0150845932961,0.0,0.0805329696834,0.165965199862,0.599756165072,0.582167264856,0.717460588762,1.53371063232,1.68861254245,6.33589873314,0.201585978493,0.824460803866,0.00932299725711,1.42658973232,1.61443630278,0.109249484404,0.108635052536,0.17308654584,1.45343212172,1.13899282627,1.34622937202,0.204839075878,3.34614941597,0.22203393802,0.302465012148,1.26142846763,0.131328386609,0.1357234798,0.596599524729,2.51742955983,1.12197935864,1.0265248616,0.803818669319,0.937863304615,2.22958475888,0.275737706274,0.483878210336,0.87755564997,0.104205335379,0.216102276593,0.392708306047,0.679541920722,1.86853397608,0.148245068006,7.24957664728,3.77172821403,0.0796338602901,0.490786304474,5.01763710588,0.163442845792,0.697468039324,0.160023134202,0.140767680779,1.78325754076,0.376724789143,0.108419304416,0.924448174834,0.104707833827,0.281553390662,2.63032899857,2.57473439634,6.37846053839,0.0218907544389,1.27285490245,0.768276514858,0.127764553204,0.268071531504,0.322808428258,0.134646946117,1.61265098661,0.362452410311,0.0718333482742,0.224206686132,0.960669089463,1.6528507353,0.62088658452,0.230236949176,1.02708943663,0.0814179579169,0.584139080588,3.97925186336,2.15341388971,0.0,1.22314406455,0.291290170103,7.64718808293,1.25144514207,0.0840609656833,5.32365850449,0.840040887743,0.111276644468,1.78154897615,0.757764687836,0.0115007090569,0.92900124742,5.70226118088,0.792390628457,1.94242537111,0.0663797570765,0.405614328682,1.17070394985,0.166825289279,0.656105200201,0.91833767876,0.0654808558337,0.0668334518,0.306975790719,0.0,1.96252868772,0.859570400715,0.466861513481,0.541058745869,0.375428967774,0.451072275601,1.48290564001,0.219756579436,0.373045774586,4.39388187408,0.41770464398,0.0677589043975,0.474975169823,0.781148866266,2.89966436967,1.132948699,0.279749891814,6.56107527018,3.44029130936,2.57933761001,0.266531992629,0.428877088036,1.07653350472,0.165880566631,0.185120833945,1.10844100658,0.823153261542,0.0158403757168,0.00251865586732,0.624955551028,2.37498008251,0.000339615084231,1.48736818194,0.0136981996195,2.79384680748,8.51389094353,0.171267952845,1.98532423019,0.117759010345,0.756879847981,4.17311936617,2.68895825207,0.397815657407,1.45281815119,1.0689197816,0.0737621454895,0.127961703502,1.44730184793,4.75507392883,0.537241560593,0.32021747008,0.033868108429,3.4980791235,3.50150799155,0.63318942979,0.308234628364,1.29596953556,1.05399554126,2.51711788312,0.0,0.299994456246,2.11792633414,4.38380271703,0.760585662806,0.180523985215,2.11931460619,2.46589193821,0.872946898192,10.947942009,0.176735939533,0.00629763662815,0.00390426158905,3.1988988781,4.60982389927,0.344318311885,0.0576584018022,0.639193016961,6.8783115983,2.43842444718,0.0494278725982,0.324485146403,0.287337675281,2.93663527012,1.71475570098,6.78523936272,0.82724732399,0.190218491778,0.253938786853,0.156486375034,0.0283668716997,2.9813948226,0.0885080749169,0.119798373803,0.0367252804618,0.036945964098,1.9624800539,0.017231708765,2.49700375915,0.2195402354,0.0432421094179,4.09419840932,0.747941734232,2.28247082777,0.628317147903,0.517952406527,0.253231115192,0.292485805452,0.935903667212,0.465987931192,0.0221460387111,0.056979922913,0.771570633277,0.82000321947,0.056765607344,0.231261882149,6.97068051815,1.27665572345,0.414759267997,1.89305720627,0.00399067535996,0.116285400698,1.67754068971,4.03750612736,0.0796142567694,0.3240465343,0.262456277907,4.98086867154,0.484326972365,0.0754446525872,0.233388291672,1.76770076342,0.90252114512,0.4266207847,5.42610994339,0.919275151044,0.104841271192,1.33933931082,0.158650254328,1.20604490984,3.53116040945,1.50724413753,6.35685959578,0.029698567614,0.255966329277,0.203818015158,0.960365047306,0.658708278537,0.425187271014,0.197675738633,1.84164738288,0.817259121798,1.17015088215,0.7356171849,1.0634647879,6.37874703884,0.526872764826,0.220933602303,5.6183789587,0.18150711149,0.128708841521,0.409202701002,1.49496108292,1.19498642519,0.84624791801,1.03343363643,1.16368349299,2.50546660066,0.480104171997,2.29464999676,1.249511839,0.649567878768,0.00569478794932,0.239050418064,0.0,5.00604305267,0.202089155316,4.16392713547,0.28665286608,0.46297598958,0.806343307495,0.446788051575,10.1040590477,0.110243354216,0.15965909271,0.0592815339565,0.106390975825,0.0461358059943,1.13789278209,0.00788400173187,4.97084456444,1.55784821257,0.568965436062,4.26026789188,0.723735839017,1.78049700715,2.68109151363,5.78337246537,4.08132466853,0.0,2.47462026298,0.349442693829,0.436874767989,0.0519433218241,0.0754835698009,0.422846715674,0.0891354679689,0.564689793214,0.928150266781,0.201826470409,0.432744737379,5.68449483395,0.0383976712637,0.660218960047,0.000235859621316,6.64368264198,0.174240520522,0.112078411728,3.55695230484,5.2925326252,4.71549519539,1.06279247686,0.182231638879,0.570408222377,0.956989023495,0.0388289085031,0.931697033318,0.323023516983,0.148273718655,1.34953912824,1.02404956751,0.0393938410468,0.277314025089,0.333691256642,0.495017900467,0.0832819823176,0.0406936115026,1.39704458613,2.6007300514,0.740852258541,0.0447599886358,0.298144803382,0.188621490672,0.2775619784,0.0336330328975,0.0652371571399,0.283018096723,1.68748664647,0.141009723246,0.478693865538,0.0768528882787,0.00518020562828,1.9611383526,0.453659165315,0.462289204919,0.0122502200492,0.641783007532,2.75536364079,0.741729129795,0.0658259542286,1.01226737857,0.255354753379,0.701340827784,0.364471035004,0.0537476868927,1.09413198927,1.5025459253,1.59577582426,0.205084704793,3.10325409651,0.311757620806,0.139967551976,0.379763951227,0.192181650698,0.0123068881035,0.55180807827,0.0225858178735,0.49191025015,0.0650223550387,1.80222919665,0.206519702803,0.319690162875,1.29533676684,4.4439085926,0.0550428369641,0.0302478104085,0.163938410538,0.191029570275,2.76661195397,4.42459189534,0.00550003260374,0.111405014694,0.136314740106,0.520799023286,0.0157511553168,1.33375509202,0.0,1.46630428448,0.116352467239,0.0426939823199,1.76596904069,0.187371672317,1.03339270484,1.60569251478,0.154260649979,1.93418691754,1.29293363426,0.184382203817,0.212636487489,1.39327260472,0.0200214687764,0.0919264989905,0.286445176601,0.190628598649,0.0542791540921,0.431079331785,0.276431750106,0.0197840103507,0.627829277994,0.264549430981,0.65339098068,0.00957405284047,0.089948547408,0.0950290980935,0.153173743524,0.870196416825,0.263237053026,2.60031026125,0.714995282032,1.31447722695,0.154770433903,0.308553386005,0.112818959281,0.0501716201555,0.128594319075,0.0357784340298,0.206056717486,1.83784655452,0.378990024552,0.0357531342655,0.052978868261,0.805168162361,0.284439644115,1.08006535739,5.57229667664,0.0226641040598,0.480346080065,1.7591596204,0.00312259912491,0.209409309775,0.200483522629,0.893596440852,0.237108911127,0.357684234739,0.50637745088,0.292461526245,0.213599736989,0.181529403133,0.101341769956,0.0280873841047,0.133658452923,0.365095659886,0.00112506379839,1.90444270834,0.0367163528502,0.150617047311,0.476438587233,0.643003593385,0.270989279244,0.451752278507,0.0664482179144,0.0747570063546,0.765720089599,0.552192932889,0.757476347834,0.200025460245,0.848808659799,0.248389191888,0.292115080506,0.0464955491573,0.120263780444,0.515465544313,0.0813151854277,2.71307726599,0.00782057397068,0.141806848496,0.378101841137,0.113580893092,0.661067886576,0.211791934092,0.104131400145,0.160493764058,0.0551619710214,0.166449561119,0.352773547322,0.260203690119,1.03183149457,3.46113236368,0.410997345857,0.994460108951,0.0511803974956,0.036375052426,0.0107471472025,0.219547044188,0.0768921050243,0.0669445919991,0.286494673789,0.495817723125,0.0502463012189,0.226580727957,0.0268712432683,0.96795160912,0.522448345441,0.339295086265,0.0494814629853,0.262984884782,0.92876349479,0.728268708512,0.948868125528,0.299481236348,0.20349585088,0.0992764500529,0.762093984485,0.024819830237,0.439053028747,0.443407687536,2.00657880023,0.0487902627513,0.041005794853,0.962851350605,0.200412341468,0.0250071937591,0.200070362999,0.254769399688,0.189714767635,0.56613684908,0.224564311504,0.275940668955,0.0158649086952,1.3525848031,0.0702343618684,0.119681464434,0.159933161158,0.0538831264526,0.167606796694,0.808028910959,0.137089061588,0.865223109277,0.745999805098,0.435827604905,0.488011959493,0.49912606746,0.32449327752,0.78928954646,0.0262112177908,0.347605126626,3.42687858999,0.0559507098794,0.0783640483115,1.22005911633,0.149671866577,1.1513177985,0.187485085428,0.133644228131,3.02252818584,0.921298971102,0.0170364770666,0.145321431682,0.0124677246809,0.19763924323,1.0440801844,0.0140164256096,0.250515351668,0.12245123835,0.800538501441,0.752707790211,0.0969902199879,4.26116854906,0.0829455282167,0.116113515575,0.232863131575,0.205384835303,0.0247490407177,0.270513961762,0.123158773482,0.372623221502,0.239070099662,0.00570413351059,0.183394878421,0.210353910066,0.0184527671337,0.49215856865,0.3548690507,0.696754985759,1.09527688831,0.202493298426,0.885644928515,0.358595510311,0.090852816985,0.274618241936,0.367527096011,0.0152024077624,0.0362110860646,0.710787688242,0.107031840198,0.215873712599,0.0724384565651,0.269992872977,0.471553407609,0.670717490409,0.220904756412,0.258288882971,0.0131250499189,0.141904288093,0.461001823545,0.333794206223,2.39326651901,1.26045495987,0.115196896535,0.132865300477,0.308770055007,0.0496728173643,0.0,0.135686965762,0.009540386796,0.495044224076,2.18468092129,0.244306194428,0.363572366443,0.158161529596,0.117518462595,0.455461514965,1.73318259802,0.158588022776,0.0629750026762,0.639581094533,1.79394983321,0.273760930402,0.270506066233,3.57168401718,0.18706512969,0.140762946401,0.706882188618,0.887509173974,0.134441244211,0.226294422485,0.0168018966541,0.19629244782,0.0168869750528,1.24575911522,0.28717961451,0.140828482877,0.117446319386,1.85467828572,0.42013425678,0.297922918294,0.633239155025,0.0235907594115,0.0397353310511,0.0898326517237,0.521011688933,0.0,0.0981405299157,0.0614411596954,0.0425525323115,0.00832130670547,0.299279573262,0.342276033834,0.0816553208604,0.0490857547149,0.309378231354,0.0117644496262,0.125812880024,0.0258170818165,0.274573755264,0.0107055464014,0.106368147396,0.39820956558,0.121526652984,0.365779277347,1.02785479181,0.254327232497,0.0671212950372,0.723135747584,0.265277625248,0.789450221658,0.860656323698,0.293951218445,0.0301760815689,1.19235888727,0.111830910761,0.0100606077909,0.0691309639625,0.0534445686638,0.10639038641,2.0458778438,0.458269032468,0.0349889062718,2.45564664185,0.799303872646,0.845354436086,0.164591767341,0.00161611907184,0.055805119127,0.161202932699,0.256692089327,0.0410119082034,0.525958163626,2.02119352765,0.193505709097,0.00748485803604,1.77271272473,0.46327353172,0.220278374515,0.0,0.436705726814,0.688964070082,0.687032363063,0.0318541350565,0.127175959498,0.493628735766,1.6469170773,1.04355327294,0.391998985354,0.0040174266696,0.00121221221983,0.00284741789103,0.0797487470228,0.122288061678,0.0750449517742,0.0117080624402,0.190180360145,0.00383732084185,0.29697068451,0.376499935351,0.000913939997554,0.159046238251,0.00688636207953,0.0623246395588,0.00767058238387,0.305476220688,0.405796061717,0.437749972981,0.00737741660327,0.0535780265136,0.137140480913,1.22417112887,1.04889028244,0.00634549142793,0.204680887777,1.4655342859,0.165772269927,0.00740591876209,0.247883993257,0.342993598543,0.0223991379933,0.199909213185,0.174428780042,0.20261851009,0.126645047255,0.210069991658,0.000390057861805,0.162946432047,0.608641191125,0.082884842176,0.762235194221,0.0446038196445,0.127650676277,0.0162383815832,0.0140415225329,0.211378996256,0.281198945157,0.0329188981652,0.0347543273866,0.169958069057,0.443237450123,0.241585504282,0.453904171586,0.0218296533078,0.230538401017,0.165992343109,0.24731559725,0.0893738808483,0.0013802688662,0.0729552203417,0.438951174319,0.219572450328,0.0258785521891,0.240829088874,0.0700617067749,0.329484089222,0.589254715815,0.00837221029855,0.793797544092,0.0331866734475,0.025933509469,0.626990663335,0.39616430562,2.62966518879,0.109135517502,0.182432698137,0.0660998443095,0.0652940270491,0.151203263178,0.0238151808642,0.0476013047062,0.14151553262,0.143789317869,0.0190038374811,0.168243708685,0.768941157386,0.345668551419,0.00960572302341,0.934073501974,0.0708876020275,0.265723616825,0.168720588125,0.0224672791484,0.0214394610561,0.545795859843,1.03624290667,0.307743536532,0.0188750863075,0.143993244767,0.227051323578,0.888062990941,0.220992399342,0.119541629553,0.0,0.0638120424189,0.028295789538,0.0161069904757,0.0786399357021,0.00241332339123,0.452251156345,0.392210507616,0.111536552235,0.0306832708791,0.0163865876198,0.0893920352589,0.00576847441494,1.95576021209,0.492659119722,0.0238470020145,0.122574845493,0.485562406098,0.433685848638,0.0398762932047,0.133490034938,0.125527509674,0.05794211803,0.0773795666546,0.110910025686,0.077401292189,0.470722330287,0.0335078470781,0.0458925086632,0.0202633573115,0.909737091996,0.0499317794107,4.26988725364,0.279597599208,0.615748207066,0.231627339479,0.793171175271,0.650093297325,1.40566166192,0.309444616288,0.0010800408572,0.999807260782,0.85823645249,0.664103934392,0.362433907427,0.00187103234231,0.106557389684,0.474661135077,0.00563701696112,1.29300482973,0.0557890997827,0.0225584766269,0.00514292359352,0.0113983811811,0.0683426013589,0.426136242449,0.777524589077,0.20164023295,0.22854328031,1.13610829771,1.17791271716,0.0,0.0,1.72238998115,1.19596851975,0.0754899975657,0.0128761172295,0.0,1.60722916059,0.00257495135069,0.0325174221396,1.15578998022,1.50333025575,0.107971561942,1.39746534556,0.216376387523,0.0248665089905,0.923328294978,0.0,0.045473915711,1.01926071659,0.159777333364,3.13769496232,1.07758729992,0.439688133188,2.09387468906,0.010500793457,0.921002949178,0.0,0.638256280422,0.18763962768,1.40480214804,0.00196134611964,2.11767869443,0.108281347305,6.15578747094,0.0,0.596155750155,0.884742604792,0.602722194716,0.198906286447,0.152549354117,0.0153025987744,0.551096740449,0.119146744311,0.102501769364,0.470072281063,0.737163549811,0.516464266106,3.09327603877,0.336450140763,0.822390504479,5.94645998716,0.194690451175,1.86663323328,0.0464098784328,0.629300389737,0.929389320258,0.125770524938,0.0713603558391,0.0,0.351220275164,0.17064738363,0.255481431782,0.0387942830659,1.08944532502,0.00722390532494,1.46818776444,0.045545519325,0.131266218945,0.795138558969,0.126019379199,0.402310649455,0.874015940018,1.17822146356,0.0937440233678,1.34806226995,0.0786082863621,0.611862900853,0.00601270735264,0.00768112719059,1.10006013952,0.241902370453,0.0,1.37182646006,0.0129073623754,0.133310855031,0.92760547936,0.111651783381,0.0192181327939,0.0250088536739,0.009048737064,0.352255226821,0.0839593742823,0.000757268965244,1.00908369035,0.0736194454134,0.336551906429,0.0155051721632,2.16636113927,1.54324795932,9.54810902476e-05,0.0858586537465,0.0799814718217,0.00848987877369,0.189873307496
58,0.0,1.89258071303,0.632761161376,3.79762421608,0.140224673878,0.168837303519,4.47103423595,0.202970280237,0.030700699091,0.209959165938,0.0513844562322,0.542675726414,0.182908427715,5.90810427189,0.181786102206,3.37145460606,3.9946555233,0.0331615702435,3.54945185184,4.21312857628,0.0540123150498,0.765385991111,0.189067564458,0.153963002786,0.0,0.0313647720963,0.0482855181396,0.215246675313,0.276375397183,0.282727997601,0.783515275717,5.01593753457,7.82555710316,0.152726136008,0.295193233015,0.0336934217811,1.15387046643,2.62643936157,0.128634926304,0.0131080631539,0.559804731924,2.71509336561,0.769235222246,1.25823569535,0.00490432657301,1.94904294997,0.0224804343283,0.526495810449,2.21636003785,0.279031367563,0.204511654153,0.873017972112,3.01023761272,1.09378140986,0.548999697585,0.420647967011,1.75443071485,4.54099587917,0.641115795895,0.101808353961,0.700780739002,0.101652797163,0.296143301129,0.597429985031,0.742533356845,1.18706311911,0.156943482757,8.90460624695,5.29064757347,0.0,0.57324033156,11.1275468016,0.0408189591765,1.33186679989,0.0924314394593,0.290640509874,2.77342203557,0.0288314413279,0.147508896291,0.434042019248,0.174860623199,0.506711650193,5.40645452499,2.10592389762,5.38555306435,0.0751102592051,1.01604921527,1.67921418905,0.00611700680107,0.491483639926,0.346814699918,0.051128712818,0.701599009633,0.392867178023,0.302646927536,0.0516103959084,1.66039671235,0.438704083785,0.237797001749,0.0301350980997,0.750902104974,0.0835705894139,1.10324804753,6.21058106899,1.89196583688,0.0,0.9999209157,0.151330302712,12.3365729856,0.579766202867,0.328032536143,9.13587934017,0.305714618764,0.00645142272115,2.13283983648,0.0779583353782,0.0154687317833,0.71887360245,9.07463477135,0.307039581239,1.56641421698,0.399816616159,0.0,0.811120645702,0.139771850072,0.717940392885,0.527492672801,0.222184362113,0.0403260018304,0.170482891444,0.0,2.95377435923,0.769178100228,0.461151639596,1.52066999555,0.596101589799,1.93234588827,1.01875287533,0.019009603411,0.271890904903,2.71812767386,0.718749992326,0.0325301024318,1.16502164483,0.36710351035,1.25795372427,0.304297885522,0.207377208397,8.37679552078,1.55043259352,1.18422639892,0.556565737426,0.0153278892487,1.24637020409,0.0406795424223,0.733570696227,1.56227280259,0.167612480707,0.0295396924019,0.00398663818836,1.17433838636,1.7990385294,0.0485549946362,1.2539054513,0.0204184575379,2.95384849548,11.762800293,0.0439419813454,2.00770173311,0.116586774215,0.579681610167,6.47337910652,2.98081502222,0.267904921249,0.91186208427,1.81527327292,0.111947477311,0.172311416492,1.02815224707,1.63652566969,0.497645681169,0.142527089864,0.00247979260981,1.83778739452,5.80032087803,0.500267448388,0.199618633315,1.09276294529,3.12155165851,4.38573123932,0.014093452394,0.842024707645,2.89663988806,1.37174757726,0.511133347526,0.71668039754,5.10049732447,1.20853571296,1.93434833795,15.4726282501,0.273618053049,0.0,0.0,1.5150998646,7.70071600914,0.288670198768,0.0327203051001,1.30553038243,10.4644465208,2.27716250166,0.080165283829,0.526047664285,0.419498908594,4.14444314718,0.291110108793,4.9804500103,0.525730714202,0.576584593444,0.0964759537578,0.176386754364,0.49156779699,5.14750678062,0.0316472029686,0.204972981997,0.0327997450531,0.0537688131258,1.74212915778,0.0135455065966,3.53919637084,0.466870037913,0.0390224307496,5.82013176203,1.4918018353,4.49269043207,1.43518003061,0.140252255872,0.166756004579,0.686081446409,1.61550318718,0.61599547267,0.0105870306492,0.0442759260535,0.851191923022,1.141319893,0.0322658796608,0.0856120654941,8.07178778172,2.20390239596,0.192658459768,0.625649141371,0.00915769696236,0.0648598923534,3.77767207623,1.13122780755,0.047323233299,0.789944509119,0.313845643932,8.37148296356,1.13041304596,0.160624167249,0.264554249588,3.38746103436,0.173738511801,0.624468672872,7.9526061821,0.630625694394,0.414358479641,0.928104432608,0.292400541753,1.85576203942,4.71056877136,1.58658727407,12.7350707245,0.131342900693,0.282297156453,0.0792039552331,1.63899588227,1.76198640823,0.51044254493,0.370937381536,0.443370977007,1.07079946786,0.574347194582,0.089491221596,3.21093605876,4.56589734793,0.0967174764629,0.439619255587,10.8245038033,0.508880965859,0.271155645475,0.925982937068,0.372486041789,1.09618288035,0.0198761689663,0.998905327618,1.16879767925,1.50229914069,0.0685266853124,1.58591869056,0.253764993921,1.53704847433,0.051422232911,0.0503229296766,0.0492585515976,4.96825849533,0.0118583865464,6.93067401886,0.102620598525,0.0412977051735,0.467080059461,0.0549918619916,8.01486884117,0.260799380653,0.263705410659,0.0368028414249,0.0305967091769,0.360698121935,0.831765494794,0.00442265957594,5.70606481075,0.583961638846,0.294809812382,5.45673500538,0.334892888814,3.57531578779,3.10751301944,4.64119898081,3.03048204422,0.0233948451281,5.76362944603,0.296902939035,0.811697546691,0.0244813677669,0.479323810823,0.158558753585,0.126054092944,0.322757270187,0.22387872301,0.0697810125723,0.0695633105561,8.01906657219,0.0878188852966,0.397315450087,0.00282565608621,9.05719470978,0.366731454656,0.0368720322102,2.58281486452,3.98078182936,4.92242551804,0.631154390872,0.0859831892187,0.151633048914,0.196317330897,0.00685098409653,0.529389025606,0.275885715932,0.0716930012032,0.818088004994,0.426862894297,0.025142843849,0.134303347059,0.0216082919762,0.444821715187,0.116503115464,0.0881101678871,0.7170583722,1.78246171772,0.244285261743,0.00826242431998,0.338715066798,0.261647779269,0.236410536021,0.00612847734243,0.145076052845,0.0222178990394,0.931468631774,0.233872340098,0.33470909009,0.0701704276353,0.0122124923766,0.627025592886,0.590427677296,0.290817349181,0.0942887581885,0.132431937084,1.15964825191,0.557391503416,0.00981586431153,0.502724912278,0.488526667953,0.939135960778,0.25810696356,0.0111192703526,0.783167245667,0.944961090386,0.963953447565,0.472388747921,2.71406072378,0.205609215759,0.044433637656,0.0245601423085,0.148718336523,0.0794516314683,0.156311601847,0.049210639894,0.490587535426,0.0424819578603,0.527963946015,0.283220914602,0.457551909685,1.17337809719,0.594513495024,0.0593147725612,0.00425846874714,0.221434409022,0.0573746403959,1.39572998689,3.56433196545,0.00564995270222,0.10461778162,0.164987903647,0.0815840604436,0.135875212885,1.51837709248,0.00232610657811,0.405074485091,0.107712427005,0.0198159103468,2.01893533111,0.325358857403,0.665757540576,0.745611950904,0.0381299299002,1.66597794667,1.53644178644,0.27027011238,0.226474922635,1.67300086975,0.0428695525229,0.377889413834,0.0790057513118,0.275478078797,0.030218008447,0.47170878306,0.0837897766358,0.0536284349859,0.0985229149839,0.0548880358599,0.577012429833,0.0,1.17042572059,0.140213278867,0.0960835200688,0.276465783259,0.139395547798,2.62891098022,0.132088220306,1.0386163637,0.00818686965853,0.0894320294191,0.0909548843559,0.0308434987068,0.0112660131231,0.0290950971097,0.363762385845,0.778656437099,0.390709137702,0.045568745546,0.0874721300974,0.295178741291,0.681824494004,0.703771418668,3.45503546476,0.0195518413931,0.103784196768,0.741747347526,0.0,0.0757392064668,0.139726070222,0.205413357317,0.0425407288029,0.153965300471,0.0660067769326,0.374785381109,0.0354081240296,0.014246840775,0.152879348118,0.109321288764,0.113984589446,0.396001791032,0.0038532474637,1.45160467207,0.0558400451019,0.242792850269,0.220475169718,0.29405367645,0.105750789195,0.579487074168,0.0,0.218671005294,0.252663814873,0.309216066953,0.571426850595,0.155904026031,0.272713489048,0.189303659648,0.55744502224,0.162619889048,0.131726804674,0.036420750469,0.0327050580829,0.858961278722,0.205815414395,0.0108807613142,0.759307783749,0.265653956719,0.417497055978,0.0423048341274,0.0782134577632,0.229255665392,0.323543031553,0.27378794536,0.0551305153221,0.0363251836598,0.401815604828,1.56183596149,0.533367099967,1.29623129442,0.18755820334,0.469795672745,0.0100312135182,0.349076873772,0.0149371696031,0.236446644068,0.172863793783,0.382162131947,0.000628292933106,0.12545326151,0.0827393618599,0.935453821234,0.379675551876,0.307516000979,0.0890839693882,0.102101938035,0.0955740714073,0.0549969265983,0.163261511847,0.323446728066,0.317851627693,0.0816328592598,1.51955034357,0.0478036489896,0.194164409414,0.53244015947,0.991267447276,0.153746175941,0.0,0.738955913782,0.343719623797,0.0120570359007,0.167891139016,0.20844448939,0.261521829297,0.533901547869,0.127188133709,0.120140882283,0.00387804299593,0.953419167735,0.0164299083874,0.0711388395354,0.0920758363791,0.00960798457265,0.118890737779,0.0990984529629,0.0618894403148,0.164759686589,1.10968856901,0.260540152714,0.324038244337,0.204785370519,0.131398980971,0.180903487951,0.00837623286992,0.0358969438076,1.4413275668,0.0556406933814,0.0400059298798,0.421921896283,0.373511975929,0.35372833319,0.0784536673129,0.105212515593,1.79274426885,0.0796729377285,0.0236836379766,0.272591981515,0.0135245700757,0.26475446254,1.86502145976,0.0240228426456,0.120809917743,0.031283506304,0.720841412693,0.518849449754,0.0851378714293,3.31740911126,0.237531075682,0.046419131849,0.185506100468,0.23588326009,0.00202572263777,0.179711399376,0.0154758849367,0.0588336757384,0.0593403559993,0.0832991954451,0.0296179023758,0.11788182281,0.0107192461938,0.0422504657903,0.667775819972,0.381949062832,1.089873376,0.1015450266,0.813538225219,0.177300358955,0.0452222508937,0.224527336508,0.506582149938,0.0363774654269,0.00650300023146,0.42949787274,0.0591431750357,0.066295329975,0.0420762452483,0.0136252133455,0.26998310484,0.357388962172,0.0342498379201,0.265577340676,0.000470501631498,0.0253545084456,0.560379513353,0.428189627677,1.03680913508,0.498777160313,0.118601553277,0.117427051049,0.206813300923,0.0544053137302,0.0552462811396,0.0595950797386,0.0491115909815,0.678208549405,2.02908444762,0.242426370401,0.295096044284,0.0478341654502,0.0285771914572,0.149102500184,1.05541396528,0.0752573752776,0.00524421218783,0.253754673982,2.15532191247,0.349400586151,0.225958118308,1.7976346378,0.708824383409,0.0467576985806,1.75594029561,0.984700647965,0.856121870875,0.363653757386,0.0433675780892,0.172324324679,0.116302758735,1.88507034779,1.26556753218,0.0138243409991,0.133048427515,1.95816344082,0.495987077747,0.748110922407,1.39002181292,0.106494693682,0.0482775726914,0.0941232884675,0.0190268342942,0.0,0.402237996862,1.06715189708,0.946804125272,0.0180827121437,0.493055506647,0.714661681033,0.134771775287,0.0868110667076,0.156043015225,0.00326702911407,0.0902674701577,0.200933175394,0.194862791812,0.110546988621,0.118763996065,0.382740754597,0.198696344234,0.148487004065,1.53093488663,0.370520738289,0.3044906459,1.61297097266,0.36152927706,0.243363294438,1.61640524626,0.948878107741,0.218190335743,2.27169290781,0.108456203118,0.000311283674091,0.281907204725,0.111811213233,0.341650009397,3.18672852725,1.34769888878,0.272649339363,4.89197184563,1.03943170801,3.98819285631,0.0614298317954,0.0640216258913,0.0585914025991,0.0642788814567,0.120374266449,0.283993447125,1.80547551751,3.61369367003,0.16290453523,0.0297431728244,1.5278151691,0.0494817001745,0.153731316379,0.0788773279451,0.14219881054,0.714487221278,0.721396103298,0.00565318703651,0.659717308264,0.356047509238,1.74730590463,4.32797996223,0.731582261547,0.0,0.00548712036572,0.00167758584023,0.267538940758,0.115858096834,0.246903131306,0.0387934330851,0.331482528029,0.000160902757198,1.21697077945,0.284066204503,0.0,0.701688549742,0.0457170364633,0.0419944440294,0.0121401293576,1.98381599888,0.512359514642,0.995342904925,0.0159700511768,0.27024805963,0.119506119158,1.89943304062,1.32243267536,0.000597739890218,0.584744100459,3.56544107795,1.25469822899,0.0133070204407,0.853171510547,0.0993850036524,0.0535157747311,0.149345851224,0.209226136543,0.602604632671,0.810021703839,0.882573560588,0.258965167999,0.322617179515,0.734936214387,0.206074009687,1.47963250846,0.105936254337,0.131681406833,0.116284633484,0.0079494067654,0.613488734786,0.123634603173,0.0316707715951,0.542947210483,0.254489139807,0.922246018688,0.247456656117,2.26294787765,0.00121742071118,0.116836209204,0.190939116259,0.218640038868,0.0707006608392,0.000895617380738,0.202328125015,0.890606091917,0.155168536007,0.164144286615,0.069114853139,0.676696669625,0.204937451575,0.560344667658,0.107269529812,1.1373977226,0.107745889947,0.0165341877192,0.87765953362,0.758989373576,3.5737762928,0.666742047349,0.394260445982,0.357484603748,0.567798549449,0.448317524604,0.114272727044,0.0488571920991,0.770682910644,0.0207082559168,0.00398178333417,0.0128024605103,1.33352750435,0.0604689101619,0.0,1.30462657288,0.037439779602,0.403808581941,0.435455415603,0.0,0.171237718798,0.458593500275,1.22014274389,0.928530538343,0.0297158702463,0.377228168994,0.228271727244,1.98574799761,0.91520532608,0.0824283340853,0.0150685092434,0.483077479107,0.0535086812079,0.0160957725253,0.180064017512,0.00175739688595,0.414451008178,2.41605258107,0.223509173077,0.0319164163433,0.0133227971941,0.0218330967426,0.0251257041097,3.25337499097,0.588092116117,0.434903373942,0.11721708823,0.775461116396,0.280434777886,0.109149030391,0.205211734882,0.0460774365999,0.17652090576,0.106378741711,0.542480803598,0.605794404174,0.871935921013,0.0143501639366,0.308626505043,0.0142972755432,1.28596972227,0.0318700924609,14.3119038486,0.242782172635,1.14953979636,0.0512117172778,0.521503372951,0.637764188088,0.71870172916,1.29532162786,0.00023935707286,1.7256441617,1.17284993049,0.0,0.0257527126092,0.0129030543379,0.613187350221,0.0101965677738,0.000250801350921,1.03282840341,0.0312273743749,0.0,0.0,0.0485910654441,0.00583002030849,0.263940921649,0.0947092825547,0.160290780319,0.138556384016,0.355676638335,0.335884311721,0.0,0.0183094960451,0.792328799069,1.30604323097,0.405756105967,0.0103363521397,0.0,1.22654153803,0.356186406016,0.0239615604281,0.125810907511,2.26687067211,0.263930129651,1.49819235165,0.00766194336116,0.0,0.140026071063,0.0,0.0631513878703,2.17088489294,0.0297585749626,2.06090340719,0.307783071846,0.0300696110725,1.02705450587,0.0,0.384938212521,0.0,0.287277004421,0.665745564997,2.89322679982,0.000359132327139,2.98041243315,0.313119268939,10.8873845291,0.0,0.103977110274,1.31107534765,0.00680535010062,0.0946587389335,1.09270922922,0.286952223778,0.379151124768,0.0,0.235577053134,0.414769393057,1.76038729131,0.025436016419,6.46464767933,0.0589320746064,0.129327046457,6.29693806171,0.0395098367333,0.746198050864,1.01874651693,0.0914014090225,0.511869985163,0.5822739923,0.0486848264933,0.0610251663812,0.0568781463057,2.02354959521,0.0,0.0416634441912,0.0607088434696,0.0537217375636,1.9049251765,0.0,0.00353237997741,2.39788431942,0.107395827249,0.0960895134509,0.131872077314,0.276493419111,0.089470869638,0.12973077558,0.0908427438885,0.0286972200871,0.0229410529137,0.00124034378678,0.864681647718,0.0,0.0465025826544,1.68552847505,0.0,0.0109226575494,0.797291692831,0.0197254361957,0.0146013006478,0.00658437088132,0.323692290187,0.478743479075,0.0823891064525,0.0,3.67209011674,0.197412846982,0.645966268992,0.0,0.216777459048,3.3286153686,0.0,0.159427083656,0.113878304958,0.00773969020694,0.0125742791593
59,0.0399195116572,1.7896309955,2.58483501554,4.75789805174,0.0520744130388,0.0910677530803,2.86234686375,0.221189910769,0.0784114490449,0.252534670364,0.214093106324,1.69218943596,0.250988199115,5.54957457304,0.215465587992,1.29762909666,2.6942954652,0.06311565198,4.89815217018,4.80697791696,0.1078304746,2.33361761749,0.407740032449,0.8592802573,0.0377206221968,0.0735018406808,0.0479454188142,0.493935242519,0.280083672255,0.573873405233,1.45206197202,8.34952195644,5.35244100213,0.163019711599,0.787051913748,0.036010107547,1.18752880849,2.09946460724,0.4625826931,0.0302103531361,0.403324743297,3.6588337779,1.23452875197,0.756449976861,0.0910750848055,3.57744213343,0.0811537279189,0.471656812988,1.59291789204,0.166620546556,0.245390792051,0.803344049864,1.06698010743,1.88003428027,0.573049755823,0.892991752494,2.49687071465,4.7952881074,0.682181901932,0.436572470441,0.986030526683,0.089172937274,0.686709234519,0.554774887562,1.75013073452,1.36505836368,0.0696032855287,6.57924008369,2.33822799087,0.0,0.70338019181,8.50128484249,0.00883327778429,0.403952125404,1.01029097006,0.406321077943,1.27200497687,0.134739215374,0.267421199977,1.04507183081,0.185910822134,0.804787469953,7.64195288658,2.62732775003,4.14920870066,0.32395090811,3.99586567879,1.50788063586,0.580200583376,0.218486230969,1.02325350881,0.0440918913484,0.884963004291,1.20148036182,0.284851148715,0.0883148680627,1.2119020275,0.571247125873,0.294704037709,0.0629079825804,2.42635784179,0.204250696748,2.18485323265,9.03179473877,3.65838107347,0.211570121944,1.13978908882,0.118298295401,9.64463234901,0.561406424511,0.285731371231,6.95449812174,0.975355147123,0.0335754832625,1.41927242,0.0325416750647,0.109167733658,1.28982317999,8.843465271,0.546610885113,1.61897182874,0.453410512523,0.0590599383414,1.15001313925,0.825408499837,0.367547662128,0.151897741673,0.277231203895,0.0736248266697,0.349488914609,0.0185015513748,4.60784296513,0.566346026659,1.65473877918,1.5123449114,0.519371680617,1.91787154078,1.01250930756,0.0600353901926,0.45102867025,1.31292501226,0.904390294198,0.120597712179,2.33190978944,0.847485247105,0.978337033316,0.462655300796,0.38999027811,3.54454283237,1.90033219695,1.80832436144,1.38272438921,0.237399096198,1.04076289386,0.0264416546747,0.822825555652,1.77604144573,0.77934771806,0.0,0.0106402127445,0.439654430896,1.15632906697,0.198017516434,1.76338599265,0.363400553241,3.27889588356,8.58960791588,0.0764830417559,3.43563557982,0.105986558497,0.0876295921893,6.19028833389,2.31370745897,1.03320878655,1.15063971803,2.2625922703,0.0165491129179,0.13940808028,1.07212531984,1.71928800821,0.549407110303,0.318964945811,0.0686959931627,3.1109845877,6.06949672222,0.883520250022,0.071695304662,1.1360177508,4.37385099411,4.57519853592,0.0106817317009,1.60183634818,1.39369960636,1.41234518722,0.826886532307,1.44037007622,2.0611892651,0.591579131782,3.24123829365,11.225437603,0.387371687368,0.023757404685,0.00443939012941,1.81214264438,3.86739289284,1.97796348095,0.153455805201,0.948120876253,6.50299481392,4.65821532488,0.0906601002067,0.544558133408,0.646151533425,3.71113143325,0.573242121749,4.20952936172,1.14918063868,0.367825815193,0.480225888528,0.443474859372,0.378252637684,3.1091768986,0.00401050008833,0.484078068063,0.193976946268,0.157808479816,2.66707944512,0.075371286422,2.72914859831,0.513600092009,0.251711593568,4.45977229238,0.884395963214,2.06027297974,3.41471925735,0.381394201797,0.0547455281019,1.0243424812,2.17299898863,0.988332866728,0.0307286744751,0.148643331705,0.304128459878,1.31156231275,0.0116060682014,0.104650812447,4.23428028822,4.61911470413,1.14963606,0.483103278317,0.0,0.190291962102,3.86666304469,0.666548611782,0.0986631470174,0.484302248349,0.296369886994,5.50869277,1.80830312908,0.278086299226,0.485636255704,1.90854951069,0.0326551830862,0.80694445312,3.78200557232,0.99947377719,0.636879414022,1.30464696944,0.108441381194,3.16631544352,2.27132478423,1.31001628806,10.8697007275,0.58187910974,0.420066586956,0.0601981301606,1.0345888029,1.61635495424,0.224277115464,0.983477954268,0.408696390148,0.568042676859,0.38621602267,0.820612026751,1.42270019377,3.05533085078,0.44408838585,1.26761409044,11.3623518372,0.381420116238,0.170120660812,0.23288205754,0.903882256597,0.466906272918,0.0186657719593,1.32338858277,1.85649781346,0.522542708516,0.0429291836545,3.15948437214,0.046368808914,1.22960171053,0.000663898214698,0.0453042793088,0.149211523142,5.39306678772,0.0465700500831,4.96994389713,0.0906211423129,0.381908425372,0.858282653913,0.403148424402,9.54279678345,0.716285613775,0.254417598993,0.109795498699,0.0671404266357,1.01681410715,0.498492313959,0.000459927134216,3.8980880785,1.69605766535,0.704161894768,2.91502208948,0.321811943948,1.98463656425,4.25879746079,5.77873309135,2.18283914864,0.151673606485,5.16835332394,0.780882412642,0.527375940382,0.0260880032554,0.396750213355,0.182523852605,0.572951339707,0.582003196478,0.223743403952,0.42365310155,0.150303701088,4.57703814507,0.531098923683,0.347942682472,0.000534439475741,4.63830444455,0.721823801994,0.0707395658642,6.04574567795,3.46188297927,5.0224468255,1.59588749766,0.20888726881,0.160937859304,0.505547139123,0.0745238851674,0.47374754604,0.149246722958,0.587902808301,1.16940801919,0.60213992916,0.187720260024,0.126036869939,0.0608522586152,0.392844853997,0.0622504771687,0.0466453491896,0.923712780923,0.540683997124,0.456998419389,0.0275168858096,0.411895242482,0.227048686258,0.195133859254,0.00642245019786,0.024129218217,0.0823012625519,0.595061203316,0.190069976673,0.529351687282,0.198317936137,0.0337334887777,0.999367172206,0.51535411559,0.422018892448,0.188227549195,0.125120052844,1.26413308308,0.378480056915,0.0537423622236,1.36694504634,0.378047548197,0.563979429603,0.160845636111,0.017238419503,0.490676244637,0.440792935458,0.975116681103,0.0673079385795,1.86791292906,0.333850315399,0.146652132235,0.173112826934,0.255782023482,0.0163985288143,0.125976887569,0.0667336404929,0.326342460364,0.0265039981622,0.59928581709,0.379391183555,0.360366156697,1.530289836,1.35286752298,0.154133925717,0.366068839813,0.164831828065,0.263522551917,0.78470468998,1.9246475634,0.00180655259639,0.233023698255,0.170188383609,0.178193542585,0.0909973027371,1.17921640903,0.00937630310655,0.646669791937,0.0679730427265,0.171883169413,1.0955249704,0.399108711854,0.992907148637,0.930723858476,0.0834616720676,1.05496948279,1.00707412839,0.331627803594,0.557595611922,1.37389742792,0.0889901626483,0.223202889152,0.0286355788261,0.117121976055,0.142040216438,0.456471541673,0.255301883519,0.131669301051,0.199443950579,0.194619962256,0.176157882586,0.100887679383,0.424385378584,0.090254976172,0.183593896627,0.246473002732,0.439023410967,0.980900781304,0.339139655069,0.650953584234,0.123491120338,0.209596764483,0.222492561787,0.0145944841951,0.0892334499955,0.0588620176166,0.112747842707,2.53764899828,0.479608261995,0.23171595864,0.0911531226803,0.305261885663,0.2485175349,0.617534865662,2.97750353038,0.0728347617993,0.167868574411,1.33961242167,0.00104477241635,0.0851391309965,0.121185667273,0.211119848005,0.0575040769577,0.234876055978,0.0398215320706,0.302141610384,0.307322294321,0.078330717932,0.0474275091942,0.076128545329,0.10925411053,0.219162122086,0.0304759367555,0.627310391068,0.0554359000921,0.104273121543,0.386158078909,0.721929218248,0.104492555559,0.450643842667,0.0618343484402,0.0362116985023,0.379843848206,0.349861738533,0.323504036739,0.340428288868,0.345391824301,0.0891574100778,0.208826886816,0.103896612376,0.395255070515,0.113389494028,0.246285246662,1.08603535042,0.171391406432,0.268677260913,0.595255504251,0.42109974429,0.442622132041,0.259656895623,0.131726189684,0.195009368304,0.149094931558,0.775702103749,0.396242615432,0.1622495584,0.653806664571,1.32865266975,0.520447545052,0.740863283351,0.0530440560728,0.217548237871,0.0353249181435,0.152882981561,0.46597921785,0.138444214091,0.523622834273,0.112925598898,0.118530803546,0.461025972273,0.0777968310565,0.558041141257,0.428776615877,0.477678746432,0.047551019704,0.268489207923,0.228898340315,0.593790724054,0.716359174456,0.335278607458,0.133328455451,0.118770048423,0.300653966749,0.129010207169,0.495583580146,0.397206525914,1.23801172676,0.0419406701718,0.059970613122,0.722287224457,0.0780754917488,0.0595005759597,0.188483729661,0.253382962123,0.0331155090779,0.259771193937,0.10090999838,0.147760526445,0.00988355914131,0.621681193188,0.210019556384,0.019687872082,0.181747393236,0.0448979898542,0.169790612347,0.180791819189,0.050650113672,0.140392360194,1.14709905654,0.217334783301,0.442342320085,0.188402165174,0.268021368906,0.522064977586,0.144780353396,0.311992682237,1.26907793313,0.287663766481,0.0574467559345,0.764209356606,0.398568623839,0.622867495287,0.267799073681,0.191995975822,1.49628465861,0.21972215116,0.0607199017704,0.411609876454,0.0348085730523,0.291943893805,0.730092059048,0.0950441901013,0.129898259714,0.0525763428211,0.753534848094,0.889346196689,0.253589754496,2.04168032259,0.437492778081,0.122307537086,0.16066642914,0.265072090747,0.155858135372,0.222705112882,0.0624461378065,0.2214879632,0.152156551331,0.0222529159486,0.174311838038,0.166995331524,0.0909470559657,0.105138112344,0.575382587798,0.483930002898,0.787660043389,0.0927821027394,0.564292983916,0.390896992385,0.0236622685567,0.466200732104,0.698084092438,0.173836686425,0.0359958126955,0.317348937271,0.0998108936287,0.0460388716869,6.78710546345e-05,0.263116008602,0.165583938137,0.174558989464,0.54849642083,0.169028619491,0.0208109419793,0.0706192746758,0.470730932429,0.411115775406,1.42253670067,0.486561027244,0.209590503238,0.134853395363,0.226960248388,0.0312602117658,0.0502604697272,0.171257210374,0.0328497609496,0.227543957196,1.73980264522,0.160224871747,0.338751566187,0.077956641356,0.0491233270615,0.0831868371367,1.22551572252,0.136620506942,0.0855934054451,0.438127681934,0.960990987981,0.331445470154,0.189600664899,1.8727146481,1.03671264071,0.262555431463,1.7668949952,0.521923279548,0.283459809721,0.324675079435,0.00656542778015,0.0311797120702,0.121272164083,1.55821120501,1.10486412309,0.548259698227,0.032129081469,2.25574728724,0.799492540695,0.441346379071,1.35832338912,0.0156829544716,0.0109918019921,0.0422226871364,0.170816324517,0.0,0.237947450951,0.640937129371,1.11424577691,0.0545193671994,0.72127962321,0.465807281956,0.175783438161,0.0548973586876,0.266613563932,0.000219425093383,0.054235879546,0.20223557204,0.717142781096,0.120092242304,0.025626623428,0.414611827545,0.233477945626,0.231020572744,2.23034119423,0.17037474961,0.0576370357815,0.780492841154,0.0639658371359,0.713839170635,1.32934973627,0.803668767959,0.110171040185,2.89245187521,0.0454571068473,0.0374535121769,0.38503558537,0.246841961322,0.153995774388,3.3141951412,1.81267066628,0.0680518043041,3.74549239159,1.61586633325,3.66917347431,0.500315390937,0.0261572556198,0.307727770656,0.141285932437,0.92600614015,0.00870823569596,2.01591498077,2.90219306171,0.201118215434,0.00261133647524,1.9965322578,0.19700579185,0.458519933075,0.309266789518,0.335798486546,1.4106613332,0.360458201636,0.0154862210527,0.3566903318,0.159538197406,3.3370760417,3.72150081098,1.07107539266,0.000901878923178,0.0129246172402,1.47411774378e-05,0.103457090035,0.0767288638465,0.131741916053,0.00811340242624,0.48223278448,0.0,0.375982531197,0.204328318238,0.0,0.913810014185,0.00623916364042,0.124810445488,0.0546033538878,0.959876630604,0.169125988428,0.538269016258,0.00809421062469,0.314721423872,0.267403462678,2.03692375064,0.601649111118,0.0169239146262,0.568032106683,3.82777131319,0.847424230874,0.0124785932899,0.685739866607,0.594510870092,0.0551716131344,0.0956963319192,0.227738300506,0.388357120901,0.337439038986,0.841331347227,0.0,0.163043562239,0.77024438858,0.347676569855,0.866179829687,0.245802041888,0.114376872368,0.0284927870193,0.0230727527104,0.171634709165,0.158542015925,0.280263465941,0.451137982495,0.536108540371,0.261397251561,0.187060768828,2.87439390063,0.00929676750675,0.311287527978,0.107300176676,0.420183307976,0.00792046457529,0.00294825345278,0.22133371247,0.819323588908,1.02456367403,0.409190402068,0.0727001735289,0.28318376489,0.508941650987,0.408700084612,0.0391541231982,2.50781677112,0.0754737511324,0.0806480724737,0.581387550579,0.19091799546,6.42913679123,0.23044664396,0.420373372883,0.55352356948,0.194346399623,0.0674298153073,0.111409598184,0.0240905256569,0.561777284369,0.0971678790823,0.0127281484893,0.0645440649288,1.39343924806,0.532079332639,0.00035194221884,0.868508011699,0.00508173254435,0.256601241538,0.236888225377,0.0604802002013,0.0592923676828,0.489016941711,2.89604911551,0.299996639322,0.00397823490202,0.240203504339,0.115710056052,1.47985924847,0.962325368673,0.159332900122,0.00558448776603,0.0361268538795,0.00317888975143,0.0167399716564,0.144733173549,0.0146485274006,0.190443222933,2.12128530756,0.149922669828,0.0221394135058,0.0,0.0334189768508,0.0198594614863,2.95985060811,0.78778180331,0.119711434022,0.103214303963,1.22413436681,1.44107759267,0.271055197883,0.484701552782,0.259633362812,0.0871788118966,0.0344176076353,0.200905915275,0.153215501723,1.40051336594,0.0123860831559,0.039129626099,0.0312273435295,0.706527195061,0.00136295687407,15.704036088,0.857345065163,0.703555425741,0.0248696199805,0.349415925341,0.927435564511,0.836772291362,0.718678672761,0.0965181026608,0.887237271778,0.500464516077,0.0624598290026,0.330871112794,5.62348635867e-05,0.915576953107,0.0184315444506,0.00724498674273,1.08819958746,0.014560803175,0.00600841939449,0.0569472247362,0.575176091194,0.049228952229,0.0252224097401,0.270572159151,1.14205971211,0.17958123114,1.99972091794,0.729025701731,0.0,0.0352099367511,0.593067308515,1.7833967524,0.322881697714,0.175606618244,0.0,1.30335778525,0.148513136059,0.00889582580887,0.189608935118,2.85931744456,0.333559534475,1.40359406025,0.0931243981794,0.000765477195382,0.109122221693,0.0034845584631,0.166912379861,1.18139761746,0.157080249451,0.950487942873,1.12388103515,0.0730571350455,0.981442908347,0.0262222390808,0.665160473585,0.0085932857357,0.125700527541,0.303632336631,1.70559508465,0.0276542627811,2.22696589977,0.232895408822,4.31284186125,0.0,0.0324567293236,0.834059302881,0.0409155143052,0.0385486466996,0.164344700867,0.296826502895,0.0411556066573,0.0351067811251,0.109234281108,0.908042114973,1.35275197677,0.507972720079,2.51272000551,0.0392910739919,0.375686170124,3.1842449607,0.220303755924,1.13399512827,0.820278368909,0.360643032417,0.299518559203,0.0,0.0614464226365,0.07160888955,0.132620751634,2.34151687488,0.00587534487247,0.163368689865,0.207536364505,0.057674639523,1.37365871131,0.00440277904272,0.134982748553,1.59046833619,0.0354449105263,0.539708920559,0.144908770174,0.307922930382,0.488411524296,0.551818132401,0.0514772414416,0.176998025049,0.0455756235123,9.1626693029e-06,1.0249169367,0.0,0.0679392170906,2.27735044111,0.000497285090387,0.417384133358,0.41383104343,0.133076997725,0.0177219900489,0.0493981990218,0.633324851096,0.262266703155,0.057840949446,0.0636761613935,1.20531963803,0.222126268633,0.683276436478,0.039497480765,0.478252662569,5.47312595427,0.12785742566,0.348956856839,0.107198792174,0.00363090708852,0.147919240147
60,0.0624633328989,0.795048484877,2.41580003299,3.07390181959,0.135428097695,0.230980928093,2.60652363062,0.438984886734,0.0239069922268,1.43126083059,0.712934368253,0.494474442601,0.986076564491,4.77665367126,0.184448870076,1.40063803613,1.80179861844,0.198949285746,3.85858105183,4.70020434618,0.171347590163,1.46115561649,0.383418736272,0.511530574672,0.00667230546474,0.0573715171218,0.161935100406,0.530171322003,0.250517864358,0.867310095704,0.942285509706,4.56667672753,6.34998567343,0.122007895317,0.551631634831,0.0228901344165,0.690964446291,2.1839725098,0.136123614907,0.167624178194,0.630647047404,1.05350182965,0.973395676315,1.49388426423,0.152026272416,4.40382950306,0.0765247898549,1.16093515694,2.42451380149,0.181229144745,0.879078532606,1.0800156546,1.76197654665,3.45439927861,0.919782049656,0.0666828836501,1.54864876628,5.2302702117,0.131943739243,0.37556983158,0.973358248472,0.0351939322799,0.277498851875,1.08505904056,1.68171728924,1.94170350701,0.372240352789,5.24602854252,2.36908060312,0.0,0.671240145862,9.36359721899,0.0480520308018,0.445275433697,0.142805180908,1.57859625578,1.79554430306,0.214758620039,0.0286394521222,2.8041959396,0.389597096294,0.263679745421,2.88927477598,2.23743412077,2.91034515381,0.221308889911,4.11322239034,1.24993763506,0.0943515443942,0.546084244885,0.532290877104,0.0261966890097,0.825455123186,0.51978158392,0.24012476936,0.113199964277,2.6089287746,0.736771546602,0.455850011259,0.248728319257,0.992956682667,0.703666158302,1.1497580868,7.44337331295,2.61733540654,0.0570092665404,1.03792747222,0.218833064958,6.03161581278,1.13101548955,0.520806038864,4.33804446459,1.35740049399,0.0197186391987,2.06176085889,0.180484370794,0.278867277787,0.241900155582,7.1605188942,0.330551290736,2.27893312097,0.668465066254,0.182785058729,0.925539227757,0.826764160842,0.872663643956,0.845015286058,0.594351948015,0.085225452967,0.0845644471049,0.0,2.55194097757,0.810228024879,1.57441148818,0.729415320083,0.42197717268,1.34151801169,0.818969807792,0.119319392145,1.6123000139,1.66628810644,0.85069927454,0.0735371364653,2.00241888285,0.803880933374,1.77638061821,2.60396721348,0.620302382037,4.2756348896,1.08069613069,1.62456716389,0.909059694503,0.921430846881,1.6238076207,0.369283507466,2.31065234445,1.23061353765,0.568219982386,0.00110237784684,0.00222026158124,0.508539303169,1.47971196711,0.923751948178,2.26564763308,0.0398753194511,1.88567104176,5.17335437298,0.215457371995,0.772819497436,0.383542823941,0.505903773047,4.00389221191,1.78021797016,0.595209172741,1.1432433477,0.404118477404,0.0895141482353,0.54501039356,1.74819015568,3.73712644815,0.277934939303,0.494234263934,0.125924376063,5.83034179688,4.19229510069,0.25456376031,0.457429977357,1.37772947371,3.51370774746,4.99942619324,0.0144903329015,3.48622427806,1.62643144306,2.91911142826,0.84799628824,0.379282728937,2.21353253826,1.19268003182,0.750876853168,8.92845180511,0.162662154213,0.0116836650576,0.0660982480645,2.39800738335,4.49191990912,1.16403440416,0.512974435538,0.850551467615,3.79288661718,4.3446778816,0.396431089938,0.237652736232,0.5309054235,5.39660781264,1.28535367846,4.66967836738,0.412446720991,0.221535058245,0.188174431175,1.07177230261,0.206975872833,2.08355165839,0.024076247029,0.686410264447,0.112914156541,0.0208412437327,2.64951005757,0.0407734332979,2.76970961571,0.13279992315,0.00075495839119,3.26215788126,1.05302615628,1.88787273303,2.46785425782,0.509026185856,0.529203815609,1.32957494676,3.0484631896,1.62807802081,0.0596983980387,0.289151787832,1.15824350401,1.16726023138,0.175822624117,0.188410857618,3.42779615879,1.15934724495,0.915164823458,1.16637608379,0.00156955718994,0.118695022443,3.61669339895,2.20469560456,0.120200041719,0.60975089401,0.965625432134,3.72161054611,0.940447741263,0.208301256672,0.148703044057,1.57780623436,0.084466663599,1.21443732023,4.28075947046,1.35451796219,0.531335930228,0.923966833651,0.576030249968,2.2552740562,2.52765555836,1.63565578505,7.5792564106,0.363810692104,0.58727912195,0.161338958442,1.28273560524,0.569869345576,0.581060083581,2.14025119066,1.55981223959,1.2157897377,0.360318492204,0.692769270092,1.31353038877,4.73886482716,0.357316398993,0.690892481804,8.13656890869,0.714052729085,0.420220549405,1.25585604548,1.09501409732,0.141603818722,0.103482994735,0.770240772665,1.83593971401,1.03822154388,0.0315173187107,2.56684370026,0.424654642642,1.60782079525,0.000813118685037,0.187550659175,0.141903827786,7.03009222984,0.107074605227,4.4086044693,0.196695331363,0.448466886058,1.23730201036,0.66940557491,8.15859057426,0.861789761102,0.0939640732855,0.0291393700242,0.170047934018,0.109375697821,0.985300365314,0.00539363160729,5.00082974434,1.90134876892,0.810974478275,2.73451916218,0.494108636752,2.44118179023,3.60602884054,5.78433736801,2.48741203129,0.0096148801595,4.10607250214,1.03620002836,0.345201391429,0.0109620784596,1.11465962201,0.0799371669069,0.0,0.219676069804,0.669179067165,0.655727149621,0.128174066097,2.88908816814,0.771345540881,0.549970549624,0.0698526990414,3.33211261988,0.927918878496,0.0528976874379,6.92393390685,4.3356439662,3.55953752309,1.41156767786,0.220214917269,0.476486470923,0.432812229116,0.143612422273,1.18239626408,0.373329087263,0.394901442584,0.972668060809,0.489280674681,0.221499061417,0.435677915271,0.338489161804,0.556439275891,0.682355652936,0.201006277353,0.719079412371,1.79845982432,0.506710035931,0.0990638357401,0.777750433423,0.209498889893,0.902240699381,0.171323962212,0.226744728633,0.352289544623,0.934723714963,0.116465660594,0.691922132708,0.295278762113,1.05206830401,1.89197333559,1.46996080577,1.18695789009,0.589560953379,0.0902546388656,1.57964568928,0.892799688727,0.0797952014208,1.77804115057,0.326414250284,1.26418316213,0.581820048951,0.0699477098137,0.740438191965,1.50340353101,2.56181658238,0.863211557027,1.67360352993,0.865021305941,0.36097943902,0.182596051022,0.0731194937136,0.0754617464542,0.287765350211,0.345960857794,0.892496590428,0.606922364086,1.21033752542,0.800252455063,1.28120432526,2.15846975982,1.74225113794,0.164228380173,0.180737424046,0.130195447747,0.26858268708,1.14469893869,3.65714169502,0.0662148506194,0.272056371458,0.930235027298,0.199463678272,0.25282776966,1.12172120631,0.00559608453885,0.681074888408,0.0501451709867,0.0589998188987,1.75787537031,0.32543777951,0.924187217988,1.50621720135,0.050580140762,0.87469411321,1.53066670835,0.0313461111858,2.31236520022,1.8802225697,0.243512597289,0.272142834365,0.190232674433,0.55374572888,0.329641499817,0.808500918448,0.256750770807,0.330748073161,0.397717016619,0.477651671432,0.465842498541,0.0814295944571,0.175433879069,0.464762511719,0.923869145811,0.572533144988,1.05950878441,2.35060973186,1.20488035113,1.02435933143,0.991688061208,0.507294189972,0.660128853125,0.113855143078,0.364327915236,0.884283791929,0.303633553237,3.24911499515,0.416460766234,0.0376954319328,0.0982375225984,0.280149537921,0.0636304716021,0.691584376544,3.05745694339,0.190302291065,0.243767635822,1.73600983024,0.00360360831022,0.12169392962,0.363060235828,0.56392325446,0.903943266347,0.544851914886,0.307474865913,0.709346782155,0.976271070987,0.0261943356693,0.477211903073,0.241897083521,0.0874459113553,1.03460366532,0.0393114999309,1.23447212666,0.30509326316,0.674777747542,1.41391493028,0.981154185981,0.181722734794,0.371774068177,0.278791401573,0.762026445717,0.395460428149,0.598014656752,1.70874763668,0.437063869461,0.652898008488,0.327802238874,0.514995878539,0.149529387094,0.374712455943,0.427530658543,0.105445866212,1.26348024011,0.265018179407,0.14353240015,0.875708810166,0.941848297268,0.564101940952,0.259991149632,0.379210836291,0.286421751343,0.193390937373,1.40738345098,0.630717475805,0.254620756954,0.512751233233,1.16764501891,0.810340571739,1.42831868587,0.0974700240605,0.838368955925,0.532870516735,0.449165184274,0.249277354777,0.362877529338,0.792833749652,0.189445801079,0.190065768287,0.299982783534,0.225724789351,1.27587262616,1.18373263955,0.437729963772,0.0966163020954,0.556589073539,0.431766210683,0.654544505477,0.715236865133,0.223604379063,0.210097677261,0.309104042202,0.122587023079,0.863744814107,0.995712288097,0.977336148657,0.919459060892,0.109072672948,0.166877533421,2.35244523097,0.298528479934,0.135016631112,0.145141332708,0.704678475708,0.372810807228,0.831623122375,0.389433445372,0.453380567394,0.164118500054,1.44942946747,0.310281482786,0.299906338975,0.0596955860453,0.0442973437719,0.138627349511,1.4510390912,0.0499362528697,0.292704140428,1.17360233277,0.779294996709,0.635521494756,0.399051509202,0.0832531513087,0.391165920529,0.101324193757,0.227671392485,1.77958275318,0.0968809690326,0.981399208903,1.37533007994,0.306244878117,0.733499529418,0.328804280534,0.155515987668,1.92753014356,0.538153689951,0.0433676931262,0.736634305092,0.137599417828,1.40903073698,1.03743241966,0.35180679597,0.636480830717,0.290999079794,1.92259489298,1.52518812299,0.38978460744,4.30098700911,0.564760178272,0.175352523774,0.388099302799,0.744133555386,0.430299480185,0.385390444249,0.0868180293147,0.405739490446,0.236652332842,0.0193326288834,0.347983443532,0.371689643413,0.253916226923,0.234329552576,0.839618208855,0.435265561144,1.42811397795,0.386674208343,0.249876440205,0.265001639016,0.187433457375,0.785912244916,0.930501528308,0.745193287581,0.657992163002,1.33910272479,0.282315186933,0.130823356658,0.00416960686445,0.129303458855,1.45914003015,0.839471408576,0.320007221699,0.123850872442,0.0645172339678,0.208181715757,1.09774354972,0.683815420493,1.46338561177,0.540402225954,0.490380509943,0.165688278936,0.508235324323,0.130397205651,0.10010753898,0.0346341563738,0.355713654459,0.735947101563,2.67758392371,0.712162475288,0.276454219036,0.149693144038,0.176607521474,0.226442325376,2.11442514762,0.467442906089,0.180903672874,0.870181060582,1.35629269142,1.07706158131,1.38631554775,4.30635165095,2.41770037554,0.631576733845,1.66021807849,0.409960424379,0.578079042807,0.340066811312,0.0183350599371,0.152825066932,0.412090250626,2.4755754526,0.236730726585,0.383723000512,0.0221612659225,3.85268744558,1.01763879821,0.660478145535,0.198581364991,0.0457312384434,0.0202904590964,0.300576873913,0.10783787962,0.0,0.879731903002,0.0969151250273,0.203807776868,0.032961615473,0.189438384799,1.1744081232,0.295594492555,0.0496082221693,1.13600160219,0.335312077403,0.176283545196,0.0665663398802,1.31857286632,0.18373720821,0.104265337475,0.423951983703,0.809723277763,0.177887819181,1.3794476423,1.81016003832,0.29143018906,0.627883236501,0.115613016114,1.44770160973,1.90879211839,0.403705189349,0.192902530283,2.10963482678,0.149883211572,0.132545014657,0.184256282272,0.809890199564,0.215542821586,2.69404252857,0.499284699634,0.0824742289633,1.20737468421,1.99700447798,0.704974739384,1.07975321641,0.0804509450588,0.91036922574,0.9196360665,0.757573386654,0.00914636949077,0.717336336151,1.60732460866,0.505544625965,0.0444661736488,3.18926858395,0.846190503985,0.565676098,0.180919160433,0.624988020808,1.75469530699,0.725600782633,0.134669588236,0.168321282119,0.114490704723,2.75844180882,0.707818311062,1.07554258916,0.0791519027948,0.0784872446209,0.0176954805106,0.0821319624037,0.36061703397,0.135690400247,0.0391635233443,1.01680005863,0.0490558529645,0.564428991992,0.187396739312,0.0246979666199,0.643817931516,0.0101965713128,0.117767093019,0.3163097075,0.194830373842,0.424005450299,0.52821001336,0.111747639906,0.297781776525,1.01781710744,0.790551889904,0.971428131759,0.282295501996,0.684036577092,2.06180426329,1.07255481316,0.278831814528,0.252963609062,0.750747971931,0.0778839038685,0.0930768841458,0.146239759866,0.220374243222,0.409086128855,0.686908605378,0.0920477155596,0.500947986916,0.190975644961,0.222221669944,0.286573785841,0.367468202114,0.0842089240626,0.329544033557,0.074404083956,0.125951245603,0.230840989081,0.374771033432,0.0358889076021,0.275454928093,0.401916555092,0.758778980225,1.13386690021,0.13214533307,0.739459744655,0.452059904919,1.50288469702,0.332396313436,0.0339716536179,0.300843522437,0.24968879275,1.06507253221,0.131071823332,0.169615324587,0.125329794362,0.423856243193,0.239187563658,0.162160085179,1.76575184215,0.0542144926358,0.0562654999644,0.278038474619,0.175989578888,5.66523350716,0.828445018521,0.928174992818,0.0387887480605,0.83186979847,0.113586194845,0.426762131937,0.222200106699,0.200600620359,0.086800358044,0.0157606550399,0.410848386474,0.39353898067,1.28613989457,0.0316553705931,0.572178605646,0.030320430249,0.738667534944,0.509102296969,0.333065801188,0.104439159562,1.63729191631,3.11554899849,0.366389519162,0.0544421126042,0.843496346027,0.586130390614,1.39933932731,0.338854217697,0.0482954630768,0.0529934556782,0.123844315708,0.12528924942,0.339874109328,0.736465966702,0.00192085657269,0.311839536689,0.240821834202,0.617983659804,0.0616889346391,0.000658013299108,0.384779531676,0.0474608406797,0.374723572973,0.640325218691,0.16185566783,0.481235326752,1.10690625966,2.33595087245,0.0996821533144,0.323552232385,0.240068877526,0.101051930171,0.62677794978,0.0539064247254,0.284160575829,0.958962587416,0.0335863505304,0.650997827463,0.0767161224782,0.777305895537,0.215854204595,4.03251558304,1.06185533241,1.17431952607,0.0407566949294,0.359355026074,1.08559235692,0.598141050562,0.494057787172,0.132385930344,2.92026581526,0.359226693101,0.0442497441173,0.154825209193,0.399459013548,1.04071318085,0.438529881183,0.452929815352,0.374910476804,0.0334358803928,0.180616066828,0.00498140543699,0.0764700571075,0.0378254028037,0.340756736472,1.52772626013,0.608830128759,0.212668771967,2.91389679939,0.727227020953,0.0,0.903865926564,2.64906074733,0.881932320334,0.57906712573,0.155586906597,0.00756506830454,0.531614471078,0.137913912535,0.0344168761373,0.879380901605,1.07544130253,0.750713540167,2.84789356925,0.337406937331,0.186654325724,0.507468408048,0.0,0.499144938588,1.78863687128,0.13297472775,1.52449604471,0.907764088809,0.314143259078,0.881619267166,0.0211380895972,0.778089569211,0.00271926671267,0.134141613443,0.520208917856,1.16537156537,0.0775797367096,3.47491293892,0.060193714872,4.67047504097,0.0406048444577,0.11379623998,0.104249282968,0.124658029675,0.282111705597,1.739566544,0.134910312518,0.623369938582,0.170234731734,0.1023594293,0.88365828203,1.23147273086,1.31226301234,1.89662294351,0.0434526731446,0.204283344522,5.92723707497,1.62548563361,2.45898625553,0.941404580045,0.115326567292,0.704692041874,0.208297969475,0.0687441301346,0.151526510268,0.031807474643,1.54535493463,0.0,0.302317816969,0.195479617687,0.677778409347,1.72126343846,0.367701033335,0.089345731819,0.759297693782,0.0257621535286,0.826725305915,0.125844664127,0.707823283952,0.869660388231,0.807082004286,0.097256270051,0.446894808486,0.185141455531,0.0298335784674,2.04138356447,0.0,0.0657408545539,1.77727324769,0.0121936190128,0.720732034147,1.70158249483,0.0363545426913,0.197280308008,0.375342171043,1.03369987443,0.150750013664,0.0211516192555,0.0896945344284,2.00227696583,0.193213289939,0.908661187813,0.133387114182,0.722666611336,4.10275321968,0.0428918501828,0.3919546647,0.0552245665342,0.215052695535,0.0821869621798
61,0.114037702978,1.27405374333,1.85067056045,3.90187857896,0.120446806522,0.118188444152,2.76241963893,0.168589035883,0.0678388690203,0.259364479887,0.207931586802,0.899642483592,0.701710252506,6.66563109875,0.286229070835,0.608514317721,2.74907095432,0.26266233176,1.18684934504,2.48390569296,0.230578828771,0.511230095103,0.231998721641,0.221250420809,0.0,0.0681707631052,0.0630748271942,0.413123944402,0.590785938427,1.04316118747,1.40441457897,2.73826056007,9.60113785267,0.129310117285,0.250598329157,0.00610837638378,0.965602163938,1.87187635183,0.0101218302362,0.0827805254236,0.346437697262,0.635018416196,0.668479642645,1.30413309574,0.0205567409098,4.51152218342,0.0583019437565,0.620807600487,3.35355695009,0.64327718433,0.160879265275,1.62780250149,0.6382829234,1.91752875626,0.954251607712,0.0965735379606,1.37055119812,3.94458709717,0.513569489345,0.195678240322,0.54078789562,0.0522698437795,0.236225837003,0.351917305291,1.50383655071,1.75729824368,0.0993979162723,8.86708210945,3.56288353443,0.0130837339163,0.722916715313,8.59415981293,0.00781138584018,1.30183521912,0.486694859974,1.02063697688,3.18157175094,0.211527363127,0.0959518755227,1.11737114161,0.212715564445,0.429409250095,3.12400865555,2.10163463563,3.95296235204,0.350389193846,2.27893777341,1.48662067056,0.321963165635,0.412674582675,0.766670554578,0.0506973232981,0.929721007943,0.365484373812,0.148191946894,0.0574754735827,1.83438686967,0.306129860431,0.48399034543,0.0761984613538,1.29174197078,0.446143321395,0.624678425342,4.60891397476,2.61990047812,0.00100197073072,0.782496827245,0.0671348107606,7.40307863235,0.357020776868,0.22361687867,5.16817539215,0.649190978953,0.0858529765904,2.0847959882,0.166531866542,0.155706490427,0.616312506869,5.71445916414,0.286568856835,2.01641039465,0.109980418086,0.0770682770014,1.35256947309,0.402273797691,0.173358192332,0.40785969882,0.109226939678,0.0661440008879,0.117918468416,0.0,1.00650335759,1.32139267534,0.976789355576,0.328536306322,0.594345938414,1.40081321508,0.535272163823,0.16112496322,0.234331155419,1.70400555551,0.951012128498,0.141263979971,0.898560461961,0.846735474318,2.64151053691,0.62035407237,0.163507096469,5.62082532883,2.41892959923,2.73782759428,1.40145486236,0.106767615636,2.68253044605,0.120283254422,1.47599942803,1.27370719351,0.509505422711,0.0,0.0390959255397,0.92159283869,1.89531246379,0.0857061091065,1.38318816423,0.10929414615,1.28221559793,5.48159148693,0.283454345763,2.23737175703,0.33390564397,0.360569467247,4.666637187,2.10481560349,1.19095608898,1.55145335704,0.791964859068,0.0184424984455,0.205800873861,1.15281939417,2.24197219774,0.351469972562,0.349000260681,0.0118764889799,3.69799927473,4.53442578793,0.818324682377,0.133468864411,0.805718970895,0.91879654929,3.41491418839,0.0,1.38923372447,0.782407298833,1.84962229423,0.744050714225,0.452336661201,2.11799026728,0.967789211571,0.721991693228,6.2162688446,0.136125213951,0.0,0.00630198791623,1.43586624935,4.76698002815,0.680322210789,0.0412150675803,0.990608534086,3.97227595925,2.03483997852,0.0682024287432,0.374169410467,0.866638405025,4.94377073646,0.405320736666,3.4427072835,0.496184832454,0.0636461728346,0.0690409600362,0.0915507239476,0.134949651361,5.15325733662,0.0482445447519,0.297349321023,0.0603837206587,0.0299577794224,3.78006079435,0.0672111158818,1.62516198631,0.177883644551,0.0593289665878,5.17676216602,0.786229926571,2.24347366065,1.03750100926,0.22576511845,1.11118346443,0.610006990097,1.37564976782,1.16990634918,0.0604204208404,0.166971648484,0.169938686946,1.09825568356,0.163455852866,0.235538150501,4.95183160782,1.58714277148,0.581518167853,0.469214526713,0.000692752152681,0.486528074145,5.2425919199,0.489497338496,0.00250182058662,0.400563360527,0.641004761755,3.63075594425,0.873028149903,0.200617278535,0.551352688931,1.41001784295,0.038649959513,1.49088342577,4.66761240005,1.47640106745,0.257764094472,1.45028134968,0.28400704924,1.01676988386,1.0369001957,0.596763136238,5.91696074963,0.336334893834,0.234173554284,0.0587626820803,0.362248369828,0.985348519161,0.444438803196,0.301389619336,1.06922146345,0.919147477746,1.06024564222,1.14285044864,1.63944455909,5.66192377806,0.167496074177,0.361139890403,6.13017865181,0.559973647594,0.212708478421,0.558256388903,0.590608306676,0.727258706093,0.0716359567642,0.527048288435,2.33360621847,2.02923245519,0.0727473124862,1.82471090496,0.369662729781,1.18851685852,0.31147491619,0.204998589605,0.0250777101517,4.66547540188,0.0593557812274,2.70821180403,0.0217501500994,0.15765515903,0.655759280436,0.931196225435,6.7043573904,0.554104835689,0.107970383428,0.0627990594506,0.162112601275,0.09973696189,0.402715320848,0.0593598903716,4.56387177467,1.47812107712,0.419335418493,2.78850740433,0.756055614948,3.81586539745,2.73751599312,4.14838144422,0.945143901482,0.0125201837905,1.92933980048,0.318402727842,0.308547538705,0.0253373285756,0.134923311714,0.107192992941,0.119842526987,0.297057766616,0.544162256718,0.218610040173,0.279438904971,2.9136890626,0.280351588354,0.252753360304,0.0081357729435,4.0621818161,1.43771060705,0.0265240961313,2.68553537071,3.88381519318,4.56991439164,1.13131330043,0.0807451048959,0.339290051162,0.385424243053,0.0824769974127,1.0551346308,0.507079866277,0.507915012017,0.77543131277,0.278325679656,0.110776538125,0.178667279687,0.154121592492,0.3384210952,0.140382400975,0.00689538495615,1.09657175401,1.78348520488,0.641689634845,0.00453581392765,0.27599570699,0.617232313138,0.464996207505,0.0423243129253,0.084485386163,0.00576742582023,0.751379063241,0.404242692888,0.375537195578,0.176274336949,0.0236341198767,1.02247118656,0.412396968864,0.854026861005,0.465080736671,0.147623746917,0.709185227454,0.398806630448,0.025121591296,0.859643930048,0.296134852353,0.526101676393,0.0968637618236,0.0340360674262,0.80398117839,0.620737680644,0.525849607885,0.534508850873,1.43813108563,0.158221533969,0.267292983755,0.102119839899,0.0587937629223,0.0194880410284,0.179547107238,0.289581672251,0.555989823602,0.0986209617555,0.70229982093,0.561758492887,0.754967406243,1.82467144698,1.35029874232,0.0761762995459,0.00917973697651,0.114165074192,0.145145743012,1.51885351181,2.85823213577,0.0471436396241,0.118897153586,0.125557900155,0.0884897357645,0.68439912945,1.14145313263,0.000993624702096,0.565660676025,0.0132476554625,0.0466591617838,1.75797568678,0.766707304125,0.956762482971,0.883587013185,0.0850180391967,1.72633565143,1.55260655612,0.0517573734373,0.378268547617,1.07528149202,0.179522431609,0.179735004492,0.0110253133997,0.170160356127,0.484301888943,0.337571608424,0.2802674032,0.26662638247,0.0402425451577,0.742102228682,0.256921050455,0.0294536988973,0.405288234726,0.126066573942,0.170232935175,0.368090264369,0.352313577868,2.04964417651,0.461642696145,0.928608751148,0.00706084297504,0.242797306664,0.222071007788,0.016655214536,0.0732770675421,0.0720875997562,0.0809501081705,2.25571778961,0.636327895839,0.154827917088,0.11390983934,0.362513287188,0.360383378863,0.596089833565,3.2542871511,0.130905329287,0.578660513712,0.600638655494,0.00271283358335,0.0283362609148,0.224312147945,0.244806403741,0.0654737134557,0.0831613322161,0.221785894521,0.173569783326,0.558826838378,0.0327259103674,0.131839315593,0.134324919302,0.0460321975499,0.755687506367,0.042376857996,1.10325785056,0.274787582457,0.209422773514,1.01446764361,0.24026554455,0.0901226723194,0.356181937084,0.0624629001319,0.0949011668563,0.477628624141,0.290589557844,0.949397955984,0.310409204587,0.361166680716,0.268642117642,1.39032070506,0.128818081897,0.331257999092,0.0981053459272,0.0342505789921,1.29895196479,0.424127099812,0.116497456133,0.700863255952,0.287561913207,0.685642574951,0.453071220648,0.18988333106,0.221840295068,0.152575552277,0.852343636602,0.231421088977,0.0249485007999,0.28071141297,0.97758458443,0.453672264689,1.1178724168,0.0142004226148,0.692169159316,0.00818929089233,0.413549089078,0.115969281383,0.0870882354863,0.473868969679,0.0748720921576,0.0186347974837,0.211348712572,0.0539649622887,1.15828148514,0.315226062834,0.449912227988,0.0241482533608,0.173923957013,0.257559556514,0.414323108494,0.341341134645,0.269807881117,0.476006493308,0.172407974452,0.677181120683,0.292084818762,0.4139966565,0.753406590968,1.22011868797,0.110081841741,0.0231582794338,0.491312146559,0.305335859954,0.0133977413177,0.160150776221,0.20456274122,0.12868708767,0.364768567551,0.0954826271534,0.118605541233,0.0262906171381,0.757930853106,0.0859944824129,0.275937148333,0.0694716225471,0.00697141394019,0.45581787644,0.130431269445,0.0471714980155,0.0868156817555,1.06901593588,0.343615954416,0.258950367942,0.193343706718,0.0984982793778,0.36828168463,0.0164366472512,0.284235660806,1.28100652911,0.139870370999,0.103002097979,1.58839554459,0.308318712637,0.569738143608,0.209488227069,0.102527938858,1.35411902785,0.321302649397,0.0,0.984503663927,0.0779082369804,0.339269413482,2.25024304181,0.00396819427609,0.0550862876326,0.0142318422208,0.529304867536,0.695799369588,0.168112928718,2.91209237576,1.06125168289,0.0561194211245,0.118925125748,0.143601611517,0.127200431637,0.669673866834,0.0522116676159,0.242894184738,0.167739624069,0.155630656332,0.188022486642,0.192973114252,0.0774564161897,0.0307599618286,0.780175539292,0.263921137825,0.700925540626,0.360882214494,0.555532784387,0.10622869961,0.117895441353,0.604817607924,0.52286416769,0.157981466129,0.0728440868109,0.524272045344,0.206140817739,0.106902627274,0.0687921372429,0.097984569706,0.254805562794,0.196327525601,0.147689885348,0.108290674202,0.0473154703528,0.113405673653,0.336540692435,0.33518704487,0.860193223357,0.30247318536,0.0769427749515,0.148139741868,0.365099674873,0.102484888248,0.0129491002299,0.0612302706018,0.184277013093,1.21872472424,2.36456066392,0.32209313238,0.393701517135,0.179193249345,0.128779011667,0.0364666610211,1.10269368678,0.358848518431,0.0384902002104,0.379489076436,0.756021741405,0.326795097739,0.11356972476,2.66404267788,1.42172652263,0.385487538632,1.42638797868,1.19526236395,0.147186942864,0.104297066797,0.0924872549251,0.0503698788397,0.196706693098,2.23211615533,0.431934309602,0.120844341069,0.165689882034,2.05739351685,0.438092135489,0.20519669205,0.676302353442,0.0424201977253,0.0482391136326,0.12675983062,0.101341952458,0.0,0.192231537943,0.0441896777134,0.16062791802,0.000461921878159,0.191448878786,0.300674717585,0.179193794988,0.0301124447957,0.157324174456,0.0464324437827,0.0592499247193,0.0741044998169,0.456135614589,0.264679444102,0.107763026655,0.387529063486,0.477158577442,0.26988593867,1.82161194667,1.04434615299,0.171084714737,0.290081153242,0.68380002921,0.777071438581,1.87294423725,0.460319366176,0.432414426953,2.49444143407,0.31204748506,0.0903555363417,0.0214709004061,0.251282233745,0.3370968505,3.42993940749,0.87650649026,0.139104459882,3.01486951403,1.4522011143,1.30848345764,0.744361523559,0.0,0.131359632984,0.209153559781,0.791587564982,0.0156361907255,0.684099164531,1.68715202648,0.451747591682,0.197812163606,1.75202542096,0.537438984737,0.270802788585,0.160162841864,0.692434373698,0.691797717959,1.07353371248,0.0523370854836,0.476989815533,0.282358908188,2.68373983271,1.21754976695,0.559388173595,0.0164444811083,0.051305423528,0.0322195254546,0.00981951706111,0.14544474162,0.14022651508,0.0761804793403,0.322725567892,0.0244762945175,0.322924933191,0.523525963761,0.0066934299469,0.139582167976,0.143704543114,0.242880137563,0.00331251397729,0.233464138098,0.461088801324,0.738920994028,0.0217544305325,0.0509784030914,0.165607405305,0.891409289315,2.47506496936,0.0144941783324,0.321261618616,1.2550944382,0.695544467121,0.152125370763,0.385046825545,0.284322142638,0.142836205654,0.155047590844,0.177956244089,0.47950850345,0.648367984034,0.281092440635,0.00173311680555,0.452821733914,0.538314172626,0.215899067568,0.694019630849,0.386445574965,0.186705055088,0.130498502166,0.0412188857608,0.17411597237,0.666554915011,0.0268764502183,0.0394566090871,0.350011840947,0.432033702582,0.623009485379,0.973839248559,0.0334933019243,0.22545986101,0.354915795512,0.641118653025,0.0302882861346,0.00267394851893,0.0516061879694,0.599452557033,0.651485674754,0.401290708436,0.205989790745,0.225762541331,0.441843632534,0.68239101775,0.0235307810456,1.09789354913,0.0142651185254,0.0186429053918,0.278872034107,0.184260028473,3.54714058131,0.795317911095,0.308381991051,0.0161061284691,0.0855965467356,0.130372289186,0.0706578141823,0.333316407427,0.223547908366,0.116227652952,0.0741483527049,0.0737827840447,0.984461056292,0.608709205091,0.00490058496594,0.665643846546,0.0204845074937,0.122447216287,0.152428665441,0.0410519469064,0.0866983935219,1.23935278579,2.06705958537,0.437789578736,0.0984119918197,0.0472577564046,0.175471705347,1.85296413831,0.366634729691,0.0528656585328,0.00471040556207,0.0939138411079,0.0844974622875,0.184527659349,0.0665009027719,0.0387160113268,0.273057929948,0.585960843097,0.870336835384,0.0596212445945,0.0222726088762,0.00633429348934,0.0187058657035,2.42723093227,0.801346093654,0.015770813562,0.369001090229,0.166329766084,1.64494940192,0.112170891762,0.256408564895,0.147851421945,0.0892105902359,0.196551054418,0.241586502343,0.677725060228,0.685558371693,0.0767636664445,0.100978795448,0.00731277167797,1.19720693365,0.0193042666465,3.84016927801,0.923040250372,1.60157986172,0.201036550738,1.1190713957,1.43411573157,1.59012031794,0.496330765039,0.0546407594369,1.63181567468,0.618755371775,0.138523584045,0.460976171307,0.0295157955587,0.988188447729,0.0293471992016,0.106352089848,0.780495020896,0.00138144820929,0.135944644244,0.0,0.146891931817,0.02517100811,0.205033181906,0.272984843588,0.204302045479,0.242019444928,0.227898620963,0.530303129405,0.0,0.0,0.729155622423,3.07138351202,0.316374631152,0.0405437713861,0.0,1.03942591667,0.0176431521028,0.0606635933788,0.592815960199,0.763347602785,0.485875310972,1.73898341238,0.142974344902,0.259720582962,0.32554245214,0.0,0.106897651833,1.79732949518,0.0119352529384,1.61152531728,0.810497604609,0.0349406440556,0.55575059189,0.0108514153957,0.699092146643,0.0,0.0958919685148,0.592478508367,0.827527198819,0.0037119564414,3.03909743577,0.252420404726,7.58687747136,0.0,0.313989430368,0.865901791751,0.252601297013,0.0515640514344,0.505887523144,0.663133129776,0.0545743400976,0.0171019887924,0.530007565618,0.664818317369,1.68566043623,0.407517038621,3.30254048645,0.694851961881,0.367699304447,4.25186787903,0.25134529978,1.08051418036,0.588276493084,0.0462983548641,0.119071761481,0.0743020644784,0.0035574901104,0.0442405050993,0.0288720904291,1.24320805356,0.0,0.106937961131,0.0375467327237,0.0418470337987,2.20320181161,0.00544174849987,0.0850283278525,0.414752505496,0.123854385428,0.252725344934,0.407258262038,0.113361372948,0.057005392611,0.694246911965,0.154020251036,0.101237163246,0.0108589732647,0.0709468704462,0.748004510403,0.0,0.0967991929455,2.64486776799,0.0,0.238008983731,0.398064255565,0.0245938438177,0.00892797134817,0.0884680417925,0.320327619687,0.25751665635,0.27589277029,0.00279382735491,0.448850569576,0.148176167011,0.750368200466,0.00747963055037,0.961722803414,3.99824486136,0.00041558675468,0.342148121372,0.137367662862,0.000885014422238,0.0592543295026
62,0.0146460914612,1.53833790004,0.737492550239,4.20089729071,0.469376305714,0.107610878546,3.9667800045,0.0384555646963,0.00133133186027,0.357934326008,0.164477375373,0.266721379161,0.466153862774,6.75065745831,0.673130985424,2.1849977155,4.67986434937,0.360919000953,1.43695820194,1.633548593,1.29653241605,0.298607057929,0.599480605237,0.00303428031504,0.0,0.0195562077314,0.0148097229376,0.669511773139,1.6656908344,1.18673148906,1.39725961506,1.95290367439,7.67438274138,0.0524348056316,0.0438802726939,0.0254489383101,0.950669153798,1.76506563187,0.00437180571258,0.0488145142794,0.484367849827,0.291821845472,0.277985869311,2.16289081693,0.0,2.77148629725,0.0753618590534,0.421962278038,2.59975381836,0.0521743777394,0.349066631505,2.06471485294,1.83899570048,2.07895260811,0.529264229499,0.00628806481138,0.598662750535,2.73361219794,0.247226117607,0.16899751896,1.27394403294,0.0891977436328,0.0362983779237,0.360751907155,2.52366947532,1.8711722137,0.0202809800208,9.7105978775,4.87892055035,0.0,0.372015037499,6.10646435261,0.00333193928003,0.439502106011,0.190270820037,1.1266121006,3.12373746634,0.728699274519,0.0377570186555,1.27245344281,0.0217772166803,0.115132862926,2.75889971137,1.91943803489,5.24402729034,0.162846576208,2.37522382736,0.753197403643,0.0418491535727,0.288416786343,0.257631533099,0.000173191539943,0.235453449041,0.515160725787,0.656573996712,0.0899945043027,2.99254355431,0.136993145458,0.134948972352,0.193315640427,1.54159108825,0.831890859529,1.29319228435,5.74188553333,2.47744634986,0.0151951768994,0.579249146562,0.168346028477,6.27439068794,0.355106120557,0.0986544406414,4.88523027062,1.22238946855,0.000372087126598,2.19210807204,0.157336621955,0.0235241636168,0.260538672507,6.879335289,0.127227097116,3.11227984309,0.0841651988029,0.609640186913,0.85392659694,0.764651587903,0.154408842068,2.77257848024,0.298649207093,0.0616602751147,0.0503007182479,0.00267065674067,1.30497711211,0.693160674274,0.805737422407,0.229139867947,0.910012789071,1.0288869828,0.214604339115,0.060124719739,0.299847056754,2.10166501299,1.46927145071,0.0112051696889,1.00775889009,0.456790306419,5.65958665848,0.566306830645,0.53760183841,7.23961104393,2.71715786695,4.59841111422,0.67883585453,0.132415842116,1.1756252642,0.330244650319,0.756925114393,0.839935439974,0.368229060676,0.0126420426369,0.0,0.757876573987,2.83705744863,0.608360662945,1.65826281488,0.102717588022,1.16379419878,6.64230270386,0.451066964418,2.82869301558,0.613632146218,1.24543192433,3.07834362507,1.64419879735,0.259135636613,0.903806524375,1.59522534603,0.148714079857,0.578139814138,1.78565084264,2.78472143173,0.115380938817,1.4654481566,0.0278965476342,5.80057285309,3.20368376255,0.0391022983193,0.67011566937,1.64742710918,1.55887095893,4.79691935539,0.0,0.914558518268,0.620703233257,2.80779813766,0.517986469865,0.535621585101,1.27610869288,2.83741011098,0.574806635317,6.01070334435,0.0343527016416,0.00412368766963,0.0,1.36300359607,8.34352852821,0.297560625598,0.254341873024,0.535345527157,2.06619520783,3.8857585603,0.0355542553961,0.424440437183,0.813476569727,5.40244053185,0.405980441272,6.00766001701,0.14279954344,0.113603967875,0.0173186254501,0.205335840993,0.00220945045352,3.9647013557,0.0114927355573,0.296358227581,0.0975457917154,0.0332905770652,2.92078427315,0.06987578623,2.23517959356,0.100969122946,0.0257198742777,3.65998340845,1.6020317784,1.13142360611,0.269748455286,0.421121090353,0.929107334465,1.32651528239,0.664073955114,1.75178152084,0.0884128739033,0.0653861567564,0.128276370093,2.05354759431,0.0574573519081,0.296949469512,4.227073493,1.65680264473,0.33959724877,0.614015810192,0.00605677083135,0.0572890213132,2.99183104098,1.55928858988,0.0317033791542,0.184403726682,1.85838819725,6.68102782667,0.190770250559,0.0130564797111,0.403262963593,0.733331536502,0.00776863574982,1.03029253837,5.11716388702,1.19414380043,0.0147624455392,0.826168059669,0.143843783289,0.996624720767,3.12012556553,1.68698860869,5.25163295746,0.224356320519,0.0547220500815,0.0326210139692,0.390507208332,0.264182690866,0.63513761647,0.643473264873,0.870020925887,2.53770624399,0.773854402186,0.678202286065,1.91209054291,8.71963979721,0.0779146763962,0.136218922958,5.42228915215,0.621523394985,0.624911001027,1.03105979398,0.0249544106424,0.329184673335,0.0473245796561,0.725858429288,4.92207151413,1.54443862133,0.0885069810599,0.877197892293,0.785601583943,0.413940768205,0.227958855629,0.49332496345,0.000359220691025,5.70270435333,0.0401612353325,1.90769547075,0.00383853398263,0.106782559659,0.574655128866,1.4439112623,8.66869066238,0.254624490421,0.194901360273,0.0232178246975,0.0866081001237,0.0,0.87191823449,0.0963535297662,5.63400945663,0.851324028671,0.140552558824,3.16233870983,0.592741399705,3.08426998824,3.557981565,5.59063331604,2.97322506666,0.00153065465391,1.97275167257,0.733205777053,0.313498573701,0.0135166754096,0.132783520008,0.0375727549195,0.0,0.0647903750092,1.50264184415,0.136859796625,0.251873859963,2.73602652311,0.54485075973,0.372354877815,0.0301523715258,4.6533884573,1.25963678747,0.0348819443583,2.53475346804,4.84715666056,4.9378213501,0.334537021928,0.545980692897,0.206351423821,0.193495561108,0.0439462137222,2.17474761486,0.877773983628,0.25732941933,0.864600346386,0.561607318521,0.192032597791,0.461817557253,0.374811225943,0.510295018172,0.109840071984,0.0266084636189,1.18900585894,5.16573302373,0.113888854906,0.0204360616207,0.127021212876,0.322549426854,1.12280412838,0.00659793823957,0.281506340464,0.113516344577,1.15219156981,0.476002834439,0.279023593068,0.142824336197,0.0369005997106,2.92714918055,1.08143670455,0.670772128515,0.598078805655,0.137015198246,0.291311326213,2.72854872942,0.0250651696697,0.876375204474,0.28330021292,2.13472181678,0.31664930935,0.00182352768257,1.99151443176,3.16524417855,2.37260622859,1.43576371733,0.830829681605,0.471412695288,0.0308545161039,0.0791381957754,0.0274128585868,0.0103046113253,0.144058244601,0.0273425522447,0.956663115472,0.0884516370296,1.15937301621,0.632130608261,1.4057460922,1.83133049548,0.192630120516,0.0293647193164,0.0655207868991,0.336984068751,0.120906616636,2.36566280961,8.6135682106,0.0250518690306,0.0754236074537,0.421138721965,0.173583093639,0.100955407461,2.24344559506,0.0,0.830267659351,0.0265746616572,0.0920881687477,3.45825930446,0.141400934868,0.762905856706,2.07294283956,0.0,2.56609748453,4.18211059809,0.0302160666138,0.661459118351,2.01122923642,0.087046441827,0.166213703007,0.0198207677901,0.474165991324,0.469034694657,0.594599190149,0.167123484733,0.433295382438,0.0340029530972,0.713582520485,0.816799471527,0.0100813396648,0.135952208564,0.337762484343,0.380886859391,1.91728153795,0.58594648689,5.11390244365,0.762945808508,1.925504903,0.157488766648,0.569330149256,0.341595727936,0.223676010706,0.0198217557371,0.12613344105,0.0570020872168,3.0452671282,0.310846671611,0.0132246744633,0.0478210084699,0.916932635708,0.144835626222,0.24730662182,5.50997847557,0.186242571771,0.224723112881,1.80042473421,0.0197319073975,0.253861887008,0.227690222152,1.76296833649,0.273909769654,0.255537670508,0.159269606657,0.691772921532,0.0932560728211,0.0496307276189,0.806736979112,0.037150159888,0.00208345474675,0.95096516706,0.0103014147282,4.51039619088,0.153713012338,0.700139707215,0.594032021407,0.253734966833,0.13325155098,0.403982677162,0.110380389579,0.228195541836,1.06947048526,0.625199389178,1.14551444585,0.212322235666,0.642537901402,0.48498443434,0.98902819966,0.112528041732,0.0943621829152,0.148149904232,0.174093076549,2.63801103845,0.0153430656437,0.0131349870982,0.435061926735,0.659295875318,0.355067731412,0.2728977146,0.0382393160462,0.231028355155,0.163150666747,0.546399112344,0.0669278590754,0.00737849593163,0.422444182439,0.564450440109,0.934559339895,2.20784838332,0.0453337280266,0.455719557889,0.04912953794,1.10452906802,0.0029119220376,0.0115608996153,0.197652928755,0.15345788233,0.180603398271,0.142175670955,0.109544667993,2.03574653074,0.571233823337,0.500253863018,0.0520673341118,0.0670124009624,0.00747567750514,0.309180208743,0.155105332136,0.0448281149566,0.117870343216,0.43120015692,0.849710650556,0.113929196808,0.505356746912,1.15075889409,1.90163767129,0.266847354211,0.0591372916102,2.03223995954,0.170320654809,0.0,0.104047446102,0.613358636219,0.530508830119,0.724951460622,0.241748382673,0.52320278897,0.126468682587,2.98178534508,0.0406716421247,0.0,0.0311597876251,0.0272096059215,0.199513404481,0.547967603114,0.147709975392,0.253383308686,1.58079462594,1.91030580461,0.629957356229,1.08046386644,0.0447259917483,0.453929189243,0.0,0.356754078045,2.15296569914,0.132023519203,0.312131168023,2.11976899642,0.0811999294348,0.736632880941,0.134707365334,0.271925022304,1.45888904333,0.524171695001,0.00338699579239,0.29303910967,0.000945467874408,1.08378064126,2.76789983407,0.017638012711,0.167118204897,0.121517238738,1.25738601595,0.548704928812,0.188656448778,7.4040863502,0.133527033217,0.0476934945397,0.413153678048,0.518875934854,0.468776276894,0.878084229529,0.174894079855,0.145440997779,1.15673609058,0.0227102208138,0.68477144802,0.0788520126045,0.170146122742,0.0347466833889,1.71235707641,0.231131534949,2.75440336965,0.266677693212,0.416743080914,0.36280639559,0.569058766812,0.34245923066,0.102448660191,0.098245471241,0.059086907208,0.510593230799,0.40274046525,0.354425831549,0.0169556827843,0.0601538238209,0.835928826369,1.25286326847,0.0195207911171,0.31784706749,0.181167389601,0.355547368275,0.890386373103,0.315839743018,0.45158857286,0.362234580312,0.275138420761,0.0670507335849,0.763015554622,0.0517031382397,0.0836497889645,0.00279085833579,0.0688050995767,1.81733396415,4.36954566389,1.02098917007,0.692196298502,0.197339150039,0.110863201171,1.52309125744,4.31331277888,0.0869885728881,0.0536474788189,0.532647987539,1.33117500428,1.27321025673,1.71892926119,4.91563911438,0.308249756899,0.268680294736,0.44541209396,1.30035964251,0.231689940672,0.0604258074844,0.0356876985729,0.156274800673,0.0327262957394,2.71991033528,0.0266256444156,0.160102719134,0.0842417070083,2.96581721738,0.147102014895,0.245718144749,0.135182575285,0.15696045585,0.0233882034197,0.0372526177019,0.236828066213,0.0,0.12698658783,0.0144471567497,0.0284088593349,0.0466180474311,0.200804841677,0.15435586378,0.0759964604117,0.042729510963,0.322653701426,0.0301738018636,0.0317299187835,0.137256959896,0.229205956534,0.0250024027564,0.100232545803,0.719003628101,0.152610909641,0.176245392652,2.37118176475,0.49406748198,0.0641292582208,0.256512653418,0.564238216579,0.756003677994,1.50867856869,0.424523050552,0.260940900985,2.64473319001,0.231739312992,0.00280011516064,0.0591544981592,0.229482655264,0.432511143237,2.25475102246,0.421823618184,0.607008396499,0.923527642991,0.882660324406,0.998321521403,0.702645729631,0.0,0.134900604524,0.52471686177,1.40625811517,0.0,0.419139509127,0.697585714906,0.421473980034,0.00692166209221,1.25876944903,0.635494692884,0.108750860811,0.49261738155,0.805155543499,0.975080930889,0.872951939581,0.204927719804,0.011868987456,0.0352623846009,2.43727523834,0.560958305676,0.197856237127,0.00316589601338,0.0122935390472,0.0141415102035,0.0559747487167,0.161171133406,0.160959291654,0.0127251404151,1.97457658291,0.00306504577398,0.025044510439,0.43612562295,0.0,0.125409587417,0.0259290536214,0.282257505967,0.00395450779237,0.0706271363795,0.753378024623,1.06026439577,0.0741620381456,0.25748073237,0.32153889861,0.593687742129,2.84805509184,0.137956839986,0.272525891457,1.14693987511,0.233418519609,0.00676523774862,0.251105556339,0.808263510019,0.00270336672664,0.0857264438272,0.719386848658,0.202808490992,0.34126047425,0.0992914925888,0.000110552264377,0.250317183957,0.300026743263,0.277421393171,0.142028933316,0.0866702005547,0.0315883603692,0.0374964242987,0.00309095561504,0.0703868013807,0.983921146579,0.0606444688141,0.0225171601772,0.204201287837,0.0,0.399212858521,0.698678489998,0.0761640381813,0.907841454819,0.0609568133717,0.521886368096,0.0462116744276,0.0481632320955,0.0,1.04168390751,0.415600160956,0.0511628646031,0.156274033198,0.257288935566,0.18747983586,0.847263021283,0.013453214094,0.331635882719,0.00662909239065,0.00284419864416,0.427230843902,0.186018583034,4.43158172846,0.682661718223,0.340724059772,0.103151869792,0.140603152178,0.161276220754,0.175073976656,0.569292740673,0.00111099943519,0.460308174212,0.0575754383765,0.083582858704,0.373858899791,0.679672273993,0.00346481740475,0.477085759863,0.0298322503641,0.141294030361,0.0983618137531,0.00146884396672,0.229645713447,1.89208439293,3.78004463229,0.0413729110826,0.015566907078,0.100356083233,0.041734789866,2.1807352801,0.0382649174938,0.0299247121811,0.0416434418038,0.131618989706,0.0544064287562,0.0138932544552,0.140957316753,0.00534666359425,0.165549951494,0.109369232431,0.625924117453,0.0152029006032,0.01066756621,0.014848411791,0.135271665975,1.40818919388,1.09541820198,0.0102732000686,0.0396537077427,0.358861069083,1.78098579437,0.0955140775442,0.023221411854,0.0308683364,0.119892719202,0.0953871114552,0.248547969116,0.413981778619,0.771148535535,0.00234002944664,0.079384960793,0.026712385118,1.11500351787,0.0219246506691,2.03249882758,1.68792794421,2.37341839789,0.184236116819,0.352396093309,1.91760063484,0.885852439925,0.502069641193,0.0,4.01211427703,1.83342912666,0.0598887848295,0.0522658772767,0.00801445066929,0.316201183992,0.0835285615921,0.0,0.453199406005,0.003386541605,0.0232089581341,0.00375148773193,0.068624571301,0.00822146242484,0.0261137904227,0.889835172324,0.25676922828,0.14335752856,0.0932849927247,0.0227712628897,0.0,0.0,2.70995761469,4.24251730859,0.564044004753,0.135412302762,0.0,0.606690364182,0.0112326425314,0.0221777510643,1.50188353926,0.95277389586,0.311069930941,2.39064886808,0.0180191847682,0.0442181501538,0.386129418267,0.0,0.197120795548,3.24741936564,0.0752936910465,2.78438461453,0.228673432916,0.0291803194582,1.19078473523,0.00963149338961,0.255016158447,0.0,0.22222228352,0.139861446731,1.39183639601,0.0,2.92206924707,0.0323943832517,7.91881014585,0.00699566423893,0.0,0.638365585506,0.176546055321,0.223703828598,2.41269643337,0.0,0.362968235743,0.0,0.0536771145463,0.444266076609,1.44605541334,0.174123379886,2.50140077323,0.0532806745544,0.0,6.22843455672,0.235074025914,0.369216702729,0.360713745914,0.0458283788338,0.068204728961,0.0792989685386,0.0318751353119,0.0,0.314901878983,1.00699136183,0.0,0.964012854099,0.0519981177431,0.0,2.18066827949,0.0,0.025372441709,0.492709694952,0.0,0.353703545034,0.380774796903,0.0443319527153,0.164622060591,0.0,0.0,0.13080828313,0.00238921880722,0.0,1.1195982182,0.0,0.0183526498079,3.43526970774,0.0027008035779,0.515121086501,1.13021289334,8.85278359056e-05,0.0281841386855,0.0776626127958,0.364156347215,0.0660011219978,0.0422061014175,0.00726733922958,0.264774197191,0.195644595623,0.025578216071,0.261920966953,0.95684550222,3.17330881208,0.00635510578752,0.612316026092,0.0708516217023,0.0392436105013,0.173861664422
63,0.0194871217012,1.15023147464,1.47451852262,5.94028459072,0.23307449311,0.0588984121382,6.97213027954,0.0893681520224,0.0335827824473,0.381196213588,0.238205804825,0.158599978453,0.616829507649,6.00701161265,0.875922342688,3.72085353613,6.45780298233,0.0942176809348,1.88893408425,3.65102740765,0.319810219631,0.629684390873,0.321929394752,0.0123958837241,0.0,0.00276757098734,0.0067164234817,0.451585249733,0.775519760521,1.17091227531,2.1542062223,2.70608096369,5.35133267522,0.0891921317577,0.467511753961,0.0228856197745,0.952448612452,1.86066437066,0.0787874225155,0.0843021851778,0.341514459588,0.887777890116,0.460164971352,1.48649214655,0.0953079429269,2.7419904536,0.157111452594,0.59195971027,2.51204310626,0.103919911385,0.357026767284,1.88186659813,3.06583797932,1.52209539697,0.363951382805,0.139196577072,0.956802359968,2.20244681835,0.377120617777,0.300854185577,1.23084468767,0.0947202403843,0.150562323332,0.295854838192,1.92455716133,2.2130615256,0.191371941641,10.1328139114,7.12768875122,0.0,1.34405780971,7.83835012548,0.0178840982914,0.967199970782,0.0982282052934,0.990473214835,3.1842035833,0.12720909819,0.0353930036724,0.52645743574,0.224911484271,0.320628965236,3.51663688183,3.38660695434,7.5815650177,0.0649603712559,2.39853893802,0.86939264968,0.0425006203353,0.143686685413,0.242510984931,0.0183789563179,0.951258714348,0.308178983554,0.722463290244,0.0338470477238,2.21810845017,0.677161257602,0.374325431157,0.143740954883,1.12321987648,0.230560627119,0.570614776611,6.3900620842,2.72740161657,0.0944822279364,0.447540103644,0.274442739915,8.00834643364,0.594282727987,0.141478795409,6.1694075501,0.758119069068,0.0132643019408,2.82190314651,0.210881290585,0.185960902348,0.758912838176,8.74231742859,0.22371025837,2.70243502609,0.0943524360657,0.230969130285,0.702538632751,0.428366444372,0.548533055335,2.6356640479,0.506569876298,0.0955069924891,0.407959451359,0.0,1.78528715774,1.6924947153,0.867481128871,0.551156921685,0.997170835584,1.57041330234,0.72238798162,0.140378527232,0.408889527069,3.19649347305,1.5218234887,0.0313397299498,1.02583454028,1.02344093144,4.78536343813,0.401447632164,0.269586985409,9.60542489052,3.05681021929,1.9953343451,0.747689806223,0.107420657177,0.991944349408,0.351312600896,0.979008074552,0.790988022462,0.640522033349,0.000177876222879,0.0,0.803502935879,2.13538465798,0.275900277048,1.87457553506,0.0392723029852,1.90103383377,8.63908877805,0.221195238195,3.04055456638,0.462624928951,0.163399956562,5.98474218369,1.7660254246,0.706842756867,1.59051221751,1.81723308865,0.219232147336,0.966607441902,1.53577816129,4.14944726706,0.345228960738,0.751567690955,0.0262319046259,3.9958303678,3.03123511314,0.476936028545,0.63674692221,1.74143317103,1.73065787539,4.10202322483,0.0,1.13702372845,0.978624354601,3.74964901686,1.2635434096,0.989112650752,2.71016189486,3.13761138439,1.75732838988,6.39643687606,0.158576360848,0.0155629519559,0.00202237844467,1.26651784793,7.42112929344,0.573306385403,0.090721353665,1.43327734489,4.77541202605,3.25321632857,0.0700667536259,0.902446885258,0.68122643739,2.73974206328,0.361040542852,7.83134698868,0.326153848562,0.147603146657,0.0789486244321,0.251815589219,0.00583964472637,4.23136297882,0.0177559392154,0.372928824592,0.0143353424221,0.0187802672479,3.35157911301,0.0650213008188,2.16861237764,0.148251854694,0.00604133009911,4.6255720067,1.08911783278,3.66375475943,0.276154378206,0.237316306783,0.850387082919,0.988251252174,0.839684056342,1.70412078798,0.0376366587915,0.320691437572,0.21054334458,2.51397266001,0.0395222919248,0.12635592673,5.78835738182,1.3614905709,0.330358651094,1.09737235323,0.0127373695374,0.179336592294,2.35320922613,2.65639738619,0.0179891616851,0.298367348853,0.864787108526,5.85132519722,0.486271800448,0.1164931117,0.340916101038,1.07019616053,0.0854601877928,0.459046945274,7.79087760448,1.41645953972,0.0630770716071,1.56431263924,0.271829932332,1.18956577271,4.72711568356,1.62688167691,8.68292881489,0.0973139093816,0.270860612392,0.0318509674072,0.566419977099,0.729147390276,0.89796791628,0.666882867888,1.13621111602,1.92546165742,1.49594675481,0.748835436534,2.04433115035,8.71196998596,0.504030739814,0.262518171668,7.16539196014,0.0675580624118,0.423735945988,1.80272180557,0.529229214638,1.63058782101,0.0671727196127,0.862796213329,4.56707758963,2.97472615719,0.0707624739408,1.10472983584,0.865735831559,0.512888548787,0.313816227317,0.31843115855,0.0,5.16410648346,0.111267067939,3.68830501825,0.142552425116,0.175754982084,0.472853109763,1.81022262216,8.89287069321,0.275139437914,0.141008062884,0.00105250380933,0.0941918922961,0.0,0.470548506975,0.0,5.05194961548,1.69792176485,0.218003663272,5.21122282445,0.601117669512,4.10595832348,4.14147101164,6.71261619568,3.71881330729,0.0395929132402,4.17464759827,0.326349166036,0.540111744851,0.00891266345978,0.319795965552,0.424077070057,0.0,0.0575383611023,1.34183196008,0.250288992822,0.208497296125,4.45611737967,0.451428540517,0.404716183301,0.00332758929115,7.86647501945,0.845743952394,0.0705710732937,2.30958783537,5.7274645853,8.99404773712,0.285607408695,0.360814462937,0.15479009673,0.13433833871,0.0168216058146,2.24834069908,0.592268643696,0.594684164403,0.706958746165,0.733335864916,0.0403494504234,0.232801888343,0.414675500318,0.479263079725,0.0659861049801,0.125722112805,1.15536591023,4.2046437645,0.1668552511,0.0629958884418,0.458412804734,0.637261621505,1.10732089214,0.0554010700341,0.31685453061,0.41918466079,1.44279166356,0.233366958406,0.442544228416,0.0394084448367,0.0867486681044,1.27001962554,1.0870250079,0.502070593163,0.128090513349,0.260821376517,0.698426501201,2.76575305186,0.0385313564539,0.659531860072,0.340143100824,2.24915785193,0.0901495937258,0.0116724591888,1.98436478615,2.99816741228,1.84199826721,1.46369036511,0.773035479411,0.501942320354,0.0608029648662,0.268643520921,0.00415140539408,0.107352176458,0.576690309253,0.103331105299,0.942884604633,0.0194101416413,1.17864846297,0.276824858002,1.70285945114,2.62479490399,0.786090932917,0.00785926006734,0.183066189894,0.668194244206,0.160909966538,1.44314890832,8.35030611515,0.0517693561316,0.0552415128238,0.21946617756,0.114466231484,0.0986458398215,1.72355802655,0.00227496363223,0.439091687799,0.152521742191,0.0005660905689,3.65948763132,0.277139240485,0.919898910075,0.777506541454,0.0123455002904,3.31835389823,3.03855984211,0.046754129231,0.451248435676,2.92577827573,0.0859381441213,0.673791738898,0.50779360503,0.563053452484,0.313484694447,0.353836755455,0.0400897686183,0.0971457604691,0.349486938156,0.578736154884,0.875954692252,0.0117028451711,0.0752274791896,0.193461253801,0.465706005413,1.51288218409,0.237504402669,5.09017183304,0.524644648973,2.01865148157,0.219424882634,0.670578832673,0.216235500649,0.195406854735,0.0390580549411,0.217772777872,0.462239970714,1.8277674073,0.210094807185,0.061964135468,0.0816917766538,0.842360982895,0.349384587631,0.28055374261,5.10249978065,0.101876374111,0.176682573035,0.52102121681,0.00296406552196,0.442559921062,0.573590131626,1.93533570671,0.257982459031,0.273341971654,0.129902842678,0.378483640775,0.19595605243,0.312379894899,0.810756289214,0.157767823208,0.0473866329342,0.871350056455,0.106679403912,3.85985442936,0.0331106150895,0.693952635648,0.443171454817,0.365325752981,0.095679520564,0.368421149291,0.158979586661,0.315234500989,0.455955672711,0.457402770277,1.58361591693,0.104695709199,0.744736230811,0.467867247704,1.39661045671,0.0853814155236,0.244909498161,0.287199658155,0.102848830745,1.80237162367,0.083272242099,0.0116960269958,0.740707788169,0.650796941593,0.476250677481,0.0533833608404,0.0163777192682,0.31177366476,0.233942031246,0.756747505367,0.0921851563058,0.13053142719,0.746508010421,0.469113412944,1.27109170102,2.12286139131,0.0129222814739,0.69702851288,0.0305305727012,0.559663503617,0.0174096561223,0.0367336538434,0.163913022727,0.158962452933,0.140764351836,0.10790076525,0.149193325322,1.80488022089,1.1423951529,0.420520205908,0.0967939896562,0.0127562344261,0.0644235334359,0.394888451807,0.247205564231,0.58688256532,0.189486606605,0.176433384717,1.83547834551,0.277595991641,0.69319539845,0.985595144331,1.89528576467,0.181840064581,0.10118794404,1.74221508741,0.731406446779,0.0157182824612,0.0637394432351,0.674526513219,0.470155307576,0.473443582132,0.322487416714,0.592617453048,0.0598638674244,3.25690871835,0.00445547971874,0.104949278701,0.126782242768,0.0211203180626,0.135858921707,0.677352607325,0.182770936741,0.347040645927,1.96474774301,1.35030714095,0.607735932171,0.616329014339,0.107102262704,0.242980050929,0.0,0.278667896017,1.66901685759,0.107627316194,0.133207758252,0.866817259938,0.194940100163,0.602818236994,0.0390253568068,0.224062558413,1.47386072636,0.486057168245,0.0226680776477,0.41436405547,0.00728009104729,0.590500758439,2.34044633448,0.0453813956399,0.360724783838,0.203814214878,1.11552183833,0.534080232792,0.0909774649143,7.6853069973,0.358028994203,0.10566658793,0.226620193683,0.354515379894,0.263200439438,0.501263000369,0.0665925425105,0.156238545105,0.546396365315,0.0150433343649,0.273157116473,0.163232423216,0.147176284194,0.0980178803205,1.08362144837,0.314014499858,3.07630849004,0.158319106875,0.45303479284,0.269601492584,0.573227080032,0.330765954703,0.683683105097,0.172311307192,0.0481054929644,1.102411924,0.274396192506,0.224964670688,0.0175604222715,0.0156487406977,0.639322730005,0.88336855121,0.0202468205243,0.325673449431,0.0173702455312,0.386618956421,1.09131901808,0.620651997775,0.550878922082,0.432598779127,0.253240461536,0.173244861215,0.428580144867,0.0762363506854,0.0706900975108,0.209554706151,0.00900455087423,2.02831103921,5.02367818594,0.702621088699,1.11007590771,0.35495177086,0.146068594083,1.54090592675,3.20940096498,0.144038200527,0.0855426391214,0.490884470232,2.24929389432,0.832708451301,1.41311472014,2.72660711288,0.560299836453,0.551509339213,0.995501259416,1.51498350795,0.683586545587,0.152041925611,0.112891274323,0.412070760075,0.15230429098,2.6504723871,0.11580507806,0.249250382311,0.169348265631,2.48394891024,0.427583962183,0.546269777752,0.447194044336,0.267429129034,0.0546209502965,0.301885555536,0.108252037419,0.0,0.346292612078,0.267995909601,0.225572708771,0.0855987084657,0.307004676424,0.887625515498,0.152485695891,0.0900885479525,0.227056062743,0.0950639788806,0.131400414929,0.208523501884,0.42274422437,0.0498831574246,0.262097458325,0.633255052716,0.313841073364,0.149429840869,2.36538978152,0.655073725432,0.430679911114,1.51025892491,0.922814672813,0.808811285198,1.93347556615,0.499098816141,0.395282856431,2.65626215339,0.221738929348,0.0116819381341,0.122150861439,0.101579242498,0.659303020276,3.05181365609,0.915184701346,0.360955722556,2.99664835006,1.17587788831,2.08191167032,0.958973078881,0.00402743935585,0.190014356077,0.198937353548,1.49022966765,0.076764648445,0.408886107616,1.98527912587,0.340420564618,0.0113273923099,0.915596041083,0.610725306263,0.3026132396,0.222053680364,0.852879279889,0.739502628106,1.08643759333,0.0825897343364,0.115680842847,0.20738880638,2.29795190096,1.56803556494,0.222539897636,0.0548981010914,0.0400291472673,0.0101755694672,0.0368518802524,0.167851964831,0.251712964401,0.0509568402451,1.10023635387,0.000680776727386,0.52291011407,0.287521016337,0.0,0.573230441958,0.108017425053,0.479806020409,0.0602424282581,0.661354477559,1.42428294864,1.4752051067,0.133300349629,0.45614834778,0.224725649646,1.65489368454,2.297779814,0.215510015603,0.298739520628,1.80918515325,0.401737521216,0.0125646805763,1.5983184837,0.543799108085,0.0794858080894,0.0894950749259,0.496211108034,0.736573649384,0.771236621365,0.318347959816,0.0484225166589,0.342332854484,0.428778227579,0.266452446803,0.531027748529,0.376332859099,0.191350591287,0.0980345455557,0.0294721239991,0.131136568598,0.642254199926,0.0900298109278,0.241158770546,0.50679047104,0.206649899855,0.401499643549,0.88698669821,0.035619405508,0.351777155376,0.32440339081,0.528429442495,0.129318851847,0.0344173078611,0.0660812421143,0.937845359743,0.767993554622,0.204165833723,0.191047248717,0.416505469754,0.122506241873,1.58153560607,0.0808712119795,0.749353221804,0.0305964655243,0.022338346485,0.577641434073,0.853350729346,3.87789917827,1.04671670265,0.507725918442,0.137701638751,0.19817085519,0.448898523133,0.187736909459,0.296949253511,0.117860507816,0.216044110805,0.106313193743,0.240773481876,0.74733022511,0.491800521165,0.0420893323421,0.919319455586,0.0622127014771,0.379210862673,0.33462292172,0.0217453408241,0.0650945685059,1.25608967885,2.12229740232,0.505134545453,0.0570446371287,0.10435536016,0.355703854412,2.30549498476,0.362367194295,0.194820626676,0.0888011618145,0.263271046532,0.110159082897,0.0846399977431,0.149421458095,0.0143372387416,0.489434947396,0.89960911545,0.810191073585,0.0379143854044,0.0405582010001,0.116800538426,0.250608259197,1.64880497955,0.454922357202,0.0816001522588,0.172344755547,0.75338378448,1.16287418917,0.0814455170464,0.0783217006177,0.0699305740371,0.199213701722,0.0917600805685,0.517769973204,0.838400502689,0.349174043783,0.045768192606,0.298244935032,0.0157178598642,1.42615136445,0.025328685753,4.76576298259,1.18503633421,2.30663417548,0.0589834114932,0.622407454159,1.46420550759,3.71319301859,1.39552365861,0.0231027701497,2.60820383787,0.883318004012,0.0503200294822,0.0927927118912,0.0664463913254,0.154529097751,0.11423181355,0.0313153470308,0.737719383091,0.0106205175817,0.194792790413,0.0129702400137,0.233548863539,0.0283419047017,0.142437730059,0.355382370492,0.17401661193,0.266995749958,0.362912222072,0.327559694797,0.0,0.0106524139643,2.34939773798,3.85866924241,0.507536089793,0.243097593598,0.096196295321,0.979399269819,0.000282639879733,0.188032561541,0.916848967327,2.24359959759,1.48979079746,3.45028748534,0.0,0.0835790607333,0.334184537679,0.0,0.332744293362,3.25081656694,0.00893780365586,1.10654278018,0.348230457311,0.0193794865161,2.13112106873,0.00266362249851,0.895938539207,0.0201229388267,0.428307855949,0.389896126054,3.34563133955,0.0,3.24782049924,0.620914850682,8.79394830704,0.00103303402662,0.342476520687,1.90398027122,0.506894712076,0.140249374844,1.38205807865,0.184830636978,0.88928623084,0.0,0.798223625124,0.828293475304,1.72708661387,0.277333727926,5.19068852186,0.0334220939409,0.0784877312183,6.7168443203,0.358937548995,0.618514191657,0.261618529493,0.121860513128,0.817562646568,0.165215143636,0.0240807800554,0.0826169353724,0.250289330184,2.44708764195,0.0,0.237088052705,0.494013209648,0.0658073147014,3.06962884307,0.0492046915181,0.0893015651405,2.34940884173,0.103535234481,0.229721602798,0.238720293641,0.267823625654,0.386541813612,0.865161242485,0.136783053838,0.220010145307,0.062552908659,0.00398787736893,0.96607062988,0.00359202861786,0.0223658131063,3.19357743472,0.0,0.215837592483,1.17661832154,0.00939706362784,0.0634018440545,0.325904189944,0.157599976808,0.866554466039,0.00188496841118,0.120928540826,1.42877194867,0.775479255915,0.0811515538394,0.0265127347782,1.98789007038,3.48052394748,0.0,0.290368107855,0.143176434934,0.0,0.0134993968159
64,0.0156713641435,1.11257270575,1.94936751753,4.82219426453,0.104609281681,0.259463062286,3.36893089682,0.047026207149,0.158320461065,0.755189860016,0.21158536708,1.16310220182,0.197766686082,4.28590279908,0.817811313048,1.7944950068,1.88632209331,0.108511485234,4.48125473499,4.33225675344,0.164573960379,1.90020787522,0.571376865208,0.493586292863,0.0167476499081,0.102354903831,0.0681451700255,0.324471890852,0.103426631195,0.782123833671,2.75150808811,5.05131029844,1.97390745908,0.141444063261,1.64556700163,0.384513959512,1.03838262826,1.92784113407,0.283112331703,0.0882938807597,0.004851130303,1.45923023432,0.916650800705,0.886693206802,0.086053647697,3.76066961765,0.232331060767,0.702230810933,0.623947510161,0.208866477311,0.191335816663,0.881855167598,2.27270130649,1.34667517096,0.748981240264,0.673254056573,1.47835561097,0.999429469407,0.661863869503,0.451893991232,0.700210097944,0.0695776264369,0.195234976858,0.615921603311,1.0298343946,1.48686255708,0.0648016056418,4.13443934143,1.97264714003,0.00693009734154,0.379618010819,4.26866947174,0.00559702644125,0.236833732054,0.514319924414,0.608660386354,0.60114751935,0.274978640079,0.402897641957,0.711654980332,0.0888048511744,0.781784539381,4.41769933939,3.02826075435,5.04628910303,0.114252386317,2.71946385026,1.51316698879,0.256494590025,0.167208166718,0.471932075098,0.0198232883215,1.63610498399,0.854289281741,0.134688860327,0.0412760656327,0.782917200588,0.872341001034,0.691598165408,0.0239370153844,1.44436631449,0.425706959516,0.792591939121,7.62213431358,1.61414724857,0.0268040991528,0.781800738126,0.35098892305,6.5848388958,0.343871214241,1.20766006708,4.08613274336,1.16634959698,0.0556689989567,1.42208237171,0.167552458234,0.140610476546,1.25910458565,6.52895517349,0.119537125062,1.20523035748,0.443605078193,0.152522341609,1.01796769515,1.04672089079,0.166625873419,0.45478804931,0.263466592405,0.0781886546221,0.200845518485,0.00609469950199,2.86180808306,0.885240440965,2.36009211183,1.17190347522,0.420111258253,0.924181181118,0.658837457448,0.162532535493,0.486705118045,2.19907203734,1.20428577647,0.136371763777,1.98395387411,0.393732977062,1.13783568963,0.601068045795,0.54913053751,3.9895442152,1.28420915008,2.37075577259,1.36394563571,0.198964092284,1.01919930458,0.107565265596,0.189303335622,1.04274104297,0.749972856045,0.0,0.00640185058117,0.945777617204,1.00210192408,0.631605322836,0.551797859967,0.1619677791,3.01594424486,3.91933312878,0.458890510648,1.35234549165,0.342693725638,0.301989820679,4.25016714096,1.94886194873,0.965704194903,1.09457326949,1.37933873236,0.461813001782,0.0643434231728,1.05985994009,2.34139323592,0.983246457502,0.268330813539,0.0167955438374,3.66951641798,3.14704901502,0.307215901148,0.209507421749,0.647455732226,5.10101647854,2.89755790234,0.0103676661849,0.625250162184,1.76416768938,2.79248048782,1.46778282776,1.71836871326,1.75466515422,1.45700250316,2.11093658447,5.07734216213,0.0296389940754,0.0748591740988,0.147001435328,0.675973312152,2.66142698884,0.828574279752,0.107061355971,0.883073836081,3.85746753514,5.54864213943,0.231611605212,0.284741958603,0.063686311692,1.64251193583,0.21373068437,4.91821707129,1.27430119485,0.802003846616,0.253907926604,0.501861346215,0.347990526818,1.47707538784,0.033405559659,0.364797748849,0.493809446394,0.153269781098,2.48952175617,0.0481752384454,2.44842276156,0.450356937239,0.410972269964,4.37155793428,0.589330406934,1.78123152465,2.30723038852,0.791305880547,0.213292979598,0.631387023628,1.71199106544,1.37226100862,0.0608179272711,0.340817071348,0.620283928216,1.20311635673,0.0815398836136,0.215207734359,3.62448294163,3.40423403263,0.84726550933,0.169468021393,0.0,0.203289883491,2.43822857082,1.41930622011,0.149172725454,0.775984655097,0.229370652437,4.03925692081,1.21652657062,0.0189505187841,1.1116605372,1.50951775134,0.0863276296854,1.33668183416,2.12159433961,1.1948204568,0.201500695199,1.05137916653,0.0788473417237,2.73785060853,2.22263746373,1.17091180354,7.53563301563,0.710900295377,0.592453096658,0.175983015001,1.42335448503,0.305365110636,0.378052951125,1.03240305245,0.361654110104,0.684923451245,0.481187455079,0.993239951823,0.679774927795,4.30339448452,0.205935861245,1.03718249321,6.86309529305,0.160942057185,0.11113298513,0.598014523536,0.705059047714,0.849838732332,0.0814495061338,1.59247451991,1.32208220243,0.485188368149,0.125772814453,3.9631272462,0.215432380191,0.998738770112,0.0386791609228,0.142684232723,0.057116946727,3.80835422516,0.109022457749,2.26764340639,0.0442945770174,0.236698700339,1.00351881579,0.722081272304,7.48273459435,0.666577140093,0.142946546003,0.0431789086759,0.0386415513163,0.110164300371,0.519382280614,0.216922413707,3.19651587486,1.37892147422,0.58245691428,2.6403902857,0.311242168243,1.71244428992,3.25803284295,5.58249005079,2.2262644434,0.0247309076786,4.60845312238,1.542804683,1.08339483364,0.0385192804039,0.771456477493,1.01746245388,0.0346294394135,0.132303664126,0.409243578985,0.481126983687,0.59742831686,2.25245596647,1.20542032987,0.509825936407,0.0976082627941,3.43257267773,0.379312825482,0.105320136175,6.64604707479,3.91598896265,5.89596651554,1.19409041166,0.983094779439,0.138205873948,0.315789339989,0.109231673032,1.10054110646,0.349059705883,0.208016861379,0.772477346212,0.147954066135,0.148685581214,0.185599260926,0.479518539608,1.19691546723,0.857187546305,0.0721994383913,0.686897297651,1.17298167316,0.323074428439,0.156362640671,0.70238693662,0.226337511539,0.351257498497,0.0658551796339,0.175057291635,0.0751518482156,0.354752022875,0.532773732245,0.802041089647,0.253941392004,0.111156089976,0.804282328309,0.69952412758,0.546346150874,0.526603565216,0.208170228228,0.747246457774,0.551298993006,0.294835362015,1.20660912246,0.614945245991,0.403940925058,1.02797387093,0.0578360303305,0.564814201295,0.863650970459,1.88893944755,0.28507572934,1.13914972231,0.507038620785,0.136221786067,0.626089060754,0.189855103698,0.0908123514801,0.322346777674,0.24221364893,0.400240407437,0.0994228842109,0.400837037042,0.308506830782,0.508747518733,1.6362283314,0.601864518449,0.278600268327,0.275255590316,0.0895917837415,0.670314746136,1.15227021098,2.16840845108,0.062706171833,0.0187128462177,0.632793866536,0.0678497170005,0.203492929353,0.857693205103,0.0027351641655,0.584650039878,0.122130300589,0.686796770878,1.14027926058,0.116769345403,0.648136249315,0.80943644233,0.117115391195,0.749820732772,1.60449620441,0.290509349378,0.86929463109,0.969697743692,0.44946497649,0.0663032929925,0.0729266694188,0.510624100566,0.49764335025,0.379508016184,0.303810579181,0.0900032003596,0.361169258673,0.777144724876,0.248030853588,0.0825391119951,0.371445780001,0.154857933335,0.178093373738,0.371028714515,1.09902570679,0.530064847916,0.395746593922,1.40456637688,0.659504825636,0.693060246445,0.147914247627,0.141326873228,0.1042123992,0.216904837005,0.47720312342,4.06365051091,0.754153552428,0.311048701033,0.0779623920517,0.370594169274,0.103654811066,0.516293351576,2.28221502781,0.428660084903,0.305386079522,1.13019976351,0.00981232790276,0.139329603361,0.47373727533,0.30196992483,0.113784649903,0.338210269883,0.223379901191,0.752720672386,0.307737322208,0.171149894819,0.0713609413803,0.010295984745,0.157961478955,0.593542094752,0.0701570356637,0.664460430816,0.111339478008,0.571495878045,0.522413301477,0.996955600977,0.523513272107,0.511176329292,0.105156014934,0.463386665881,0.202160906196,0.115504678935,0.355750628505,0.721495534023,0.256351247504,0.392083963752,0.236122401059,0.168289049678,0.273650378287,0.191232479736,0.481479917243,0.481542317318,0.256266600415,0.0602081783116,0.556894325567,1.03354083061,0.234985868959,0.169044541251,0.0904631011514,0.376259537786,0.279577435516,1.46784103844,0.990119360613,0.204974641176,0.373251360133,0.73561046347,0.265403769268,0.752309494391,0.205551158488,0.396429482885,0.371455294788,0.238905031048,0.279594298154,0.393542819552,0.319339654604,0.273964698724,0.449876798578,0.280719063338,0.186217068955,0.788044273127,0.37249251835,0.895619570613,0.0996998687834,0.164150808118,0.420870992132,0.888692879602,0.653720448241,0.129562799726,0.310699660927,0.0723300653882,0.20350949524,0.460237954017,0.600315453272,0.556850991659,0.793751647323,0.113554216642,0.045669131726,1.25601189412,0.15042736277,0.0838084280491,0.297836118788,0.138960291601,0.160333554503,0.308400682807,0.185625869632,0.396197977792,0.0910553562641,0.719761172771,0.200984863248,0.0546205073595,0.230339758107,0.075031620115,0.530867329389,0.245399914682,0.0903752540797,0.428732310385,1.09941336267,0.518410405517,0.478550851084,0.236641956232,0.335780278929,0.299667269406,0.231302015744,0.359751664381,0.798884359198,0.329989796719,0.582007926255,0.758434560783,0.658794454541,0.394479907844,0.20848278977,0.101439595204,0.913703938425,0.176041015051,0.130818999282,0.518335068673,0.312503123581,0.44806531895,0.907778144106,0.134677761318,0.297355394224,0.212178176697,0.877752424181,1.02683781456,0.0282517742552,2.43324162707,0.464603266045,0.183297282988,0.0746457518265,0.148001885423,0.338419707103,0.193174976036,0.088146438254,0.106245548911,0.283861593902,0.0391642677784,0.398298622081,0.524375661423,0.219494971484,0.205128052681,0.660266304761,0.679768717699,1.22740689993,0.264040784547,0.304536341317,0.421799518261,0.247199818939,0.475388683081,0.501262314469,0.560960091352,0.320608763508,0.208400064064,0.459622405181,0.0972385308519,0.0519850567408,0.177945903614,0.192446368467,0.765846773833,1.10166135192,0.694064196125,0.197559804488,0.459510686547,0.912242094725,0.510734591708,0.653276063651,0.584598042779,0.563111170102,0.0732131601125,1.18530829363,0.0989304253366,0.110816307813,0.108979891688,0.318758848608,0.444463589191,1.96535388693,0.098371604532,0.25444722191,0.18889006844,0.191118647056,0.257937108427,1.20274982542,0.546511546746,0.228737618532,1.28262155399,0.264519351982,0.477658136636,1.42929163739,1.70920547463,1.15395750131,0.44314386338,1.65095075369,0.395146088153,0.202746973254,0.421719293557,0.0293552245572,0.530069704046,0.00655184306204,1.80476709843,1.31858666379,0.50905797556,0.0380408890359,2.84702668652,1.07125769004,0.484758087136,2.69335914105,0.391639896864,0.00705656588078,0.0607594120316,0.222940326184,0.0,0.286066137925,0.6323184615,0.511037141522,0.0451909925044,0.801356388964,0.955204112707,0.0274232352152,0.0611251111515,0.278372146767,0.0233629267663,0.0188444111869,0.176618166378,0.875994941331,0.0776021009218,0.113479609173,1.30162815928,0.3801038431,0.019226565382,2.44669354066,0.181449334733,0.0660499398003,2.36367178008,1.05732457414,1.20450672179,1.1115515393,0.938883544654,0.338887827809,4.41143812656,0.119189135879,0.041903365152,0.206097482108,0.26422521688,0.136292755102,6.18193401575,1.97592868894,0.0849950503511,3.19008045316,1.67436934024,3.31578754738,0.314864422055,0.0744271007483,0.841367438734,0.153609560449,0.861531966329,0.00170400463045,2.78722068846,4.07508388519,0.106656591296,0.0172642281651,2.07016979356,0.283519255679,0.477637917977,0.317680606544,0.951400675178,2.07645486388,0.391778605847,0.124633985385,0.110900227576,0.344544548392,4.26696798801,3.21621752135,0.340886933981,0.0558907842636,0.0187649980001,0.0076711602509,0.0807694951817,0.122929685861,0.112756443936,0.00163192790002,0.808409361839,0.00252127408981,0.129379786532,0.419512514398,0.00200410924852,0.945068741441,0.0344405210018,0.191953192437,0.0372164103389,0.847187671444,0.612527002832,0.652499540951,0.0371972529218,0.218484275192,0.47442237474,2.35222514689,0.747786976583,0.205128649473,0.56214082174,4.0262378931,0.631504235119,0.0209964179993,1.13019410849,0.941108370088,0.0597540505603,0.0538702895021,0.141781651201,0.418643501177,0.561681089103,0.355592478043,0.00528200836852,0.099468124155,1.17768086538,0.346340381131,0.657056674361,0.0282822209504,0.190970944054,0.201124015674,0.0422142532468,0.0374662812799,0.312013975182,0.259736898169,0.147074447488,0.814907743856,0.0371636052243,0.0751956348866,2.86970461041,0.0547882101964,0.508604710922,0.529567041779,0.614546103626,0.0325880119205,0.0258369654417,0.0236098054424,0.63717513483,1.4540912215,0.165916871857,0.106364172325,0.170203324147,0.48413990126,0.431205455149,0.0511485046893,1.96878662236,0.0294364461536,0.00812092648819,1.68931988876,0.854925596919,6.83330381393,0.217012101901,0.437247119793,0.354239940988,0.205554781631,0.0774687074125,0.15600196138,0.037918587625,0.322384748757,0.049985696543,0.0505873291567,0.0952731920779,2.89319315776,0.778284536507,0.0493856574595,1.5495171538,0.0825105722249,0.678639793512,0.266789609864,0.014547662437,0.0419690810144,0.471106117424,3.47650984269,0.163682753593,0.106729192287,0.532806376517,0.0360854114313,2.09462914616,0.919502093801,0.648021001071,0.014521088982,0.0233282759064,0.0614109516144,0.00393648820464,0.233468991369,0.00892357744277,0.800665339753,2.06761182278,0.221829863638,0.0196928420663,0.0897611945868,0.31251908347,0.0179116976634,4.09392938219,0.925877477676,0.116290053874,0.17356469661,1.68770908296,1.55298320753,0.301194588952,0.391351407059,0.19854802534,0.337152069919,0.124152891412,0.198286252581,0.143703052444,1.29812563762,0.134922402203,0.100619094623,0.0528676519915,2.47352642141,0.00435600893572,15.9366112089,1.00091772478,0.885792521387,0.00576270386577,0.173713311031,1.26396215778,0.734891294437,1.0497822137,0.342717856467,2.55487640626,0.590705586225,0.211547651961,0.322822499424,0.0686919515021,0.105901852511,0.037393085137,0.21926958546,1.10862296395,0.0,0.0305653707683,0.03683244057,0.399460644741,0.0,0.0540959933074,0.447452033497,1.03965513311,0.191519677048,0.784853770435,1.52485898435,0.0210222925246,0.036363786459,1.33244902729,1.2179828956,0.0276019132137,0.150522821993,0.0,0.875220836923,0.0833002395183,0.0490910816193,0.753792681433,0.876012571603,0.374394668881,3.56969874263,0.135634578263,0.0123792636395,0.10661932379,0.00281981885433,0.568106266521,1.31448362112,0.0565252014995,0.409221118195,1.30165413802,0.0639653418958,0.825931657553,0.00771034240723,0.151715804562,0.0035992397368,0.103309320295,0.0292029726505,0.868095071428,0.0283263278008,0.587799514477,0.169654306509,3.02274385512,0.0,0.231090087099,0.505019133366,0.234990650415,0.0386951783299,0.304324602205,0.0,0.289138940922,0.0200191720575,1.25753811076,0.514258093536,0.467936063409,0.255133552151,2.70443070278,0.266033644304,0.228479445893,2.82833011597,0.660325856805,0.385808595568,0.243884341791,0.0170487077441,0.426230515987,0.170809730589,0.148020483768,0.052673360398,0.235633816691,2.53463630855,0.00519934178796,1.0200947567,0.0825541007519,0.201130606271,2.1437868176,0.292931726649,0.132959165573,2.04893575463,0.00207873091102,0.844033140619,0.1627016567,0.0503422933817,0.242366428711,0.680843860656,0.468516841494,0.170139390528,0.0187762761116,0.200841421736,0.4138595213,0.00930081151426,0.00563094377518,1.29338334195,0.010941478312,0.525108504593,2.13075693533,0.323051595986,0.0160474669933,0.00606802806258,0.243045686185,0.507832822762,0.0722044593096,0.233619661927,0.357180593684,0.163170994148,0.389752502572,0.183743389919,0.637427895367,4.12041484999,0.430411363654,0.260246211886,0.184087446705,0.0848554918263,0.11268135244
65,0.229631651416,0.854362832308,2.10165150817,2.55589315414,0.216533889025,0.586420150842,2.98591902614,0.174415585063,0.855086588785,0.905389521122,0.505941426307,1.324795838,0.48100716304,4.70625539303,1.00948529378,0.586234744713,1.49722820312,0.116782742664,4.8299316898,4.56926441431,0.176878241301,2.02161107659,0.337040060163,0.393785818964,0.00287780553102,0.0719501380622,0.203855056278,0.38420281454,0.904390390776,1.89037463769,2.66861833125,4.44748606205,1.46927071517,0.631147293001,1.32647164226,0.847160678506,1.35919184476,1.14014997393,1.04160122812,0.0856657554954,0.0951259280741,2.15359767675,0.978906823657,0.661441541463,0.0997781704336,4.55265014172,0.042199828811,1.82310555607,0.975532456338,0.31504934106,0.325382260606,2.80736154318,1.09183861308,1.75685253084,1.51112646043,0.841340396991,1.52992461063,1.00005029609,0.756925447062,0.323236656487,1.29474309802,0.116691197758,0.597466574162,0.584617269635,1.463229056,1.99498015329,0.121741461577,2.90539496183,0.901644215267,0.0163801419642,0.725154813975,4.8796995312,0.134157954603,0.975378003418,1.47836267039,1.10452234033,1.30257237409,0.248796016797,1.08768610358,0.872820355073,0.404170498699,0.973586129695,5.31876164913,2.17521920681,3.58021662235,0.502185148969,3.14155636549,2.11486983001,0.975819818676,0.177294757999,0.511395335309,0.073738009464,1.69893965662,0.726056447551,0.135417202264,0.359605444148,1.78113558978,1.80330473781,1.498700701,0.0561967542768,2.9242700012,0.527859765887,0.491049928144,7.19145968914,1.48551508784,0.402551205102,2.27797813237,0.0799078849703,6.90870857716,0.200238300227,1.48468213573,5.20009008527,2.82164691865,0.177841920629,1.24737865984,0.203560150354,0.373983858544,1.49067882597,3.85472382545,0.449269239428,1.11676880687,1.01681039363,0.0132403860986,1.84906258325,1.47618767329,0.548409668654,0.100056916177,0.186986986324,0.0685812043678,0.821933587864,0.0295332756639,1.89567044213,1.79067843229,2.41970445395,1.88583517194,0.611980393343,1.49189804181,0.892605862059,0.358361194059,0.783126541823,0.602150026299,0.560357823968,0.457598315298,1.59512064946,1.26110120535,1.54726404905,0.334555555582,0.552470930554,3.46762088776,1.72630504727,1.36676935811,4.57024904869,0.457903257264,2.218962171,0.496175497472,0.282676807093,1.65720180437,2.69921718001,0.00541544303298,0.029490820244,1.32901784571,0.593372438103,0.243259014413,0.695943190679,0.49046120137,1.11405606732,2.7757726112,0.485791763067,1.74644272034,0.186576463692,0.214112564567,5.61141104221,3.08740014076,2.14875790432,2.57719191909,0.876869131923,0.00820468455553,0.0613287243247,0.945423643216,2.68747033834,0.366235964,0.0785614545643,0.0235654604435,4.06520311356,3.41220456213,0.721416719425,0.104221349433,0.582558795214,3.66371771365,2.07695371151,0.0110538792238,0.954762411714,0.55488195762,1.83861601382,2.12664216697,0.43172389267,1.27006591856,0.165241885944,2.40462675691,4.31325858116,0.245130818486,0.0314036208391,0.244838330895,0.442013930934,1.85976959318,1.57649389476,0.285538250469,0.611120385006,2.2918956399,3.1825797677,0.293585716132,0.82716339644,0.282153740525,1.46342263043,0.196465223283,3.33245094657,3.71126300335,0.927268988416,0.840954744518,0.0324584862182,0.160527746864,3.74645825624,0.283820322789,0.534661805034,1.24302844755,0.109135535732,2.97767742276,0.214705896601,1.07407939479,0.108992297277,0.212286863904,5.90322330385,0.970648284554,3.70510918617,1.11300143674,1.59688858941,0.394486771673,0.656266989522,1.80751749277,1.36473050177,0.158694081046,0.436076894999,0.625431730784,0.733496863842,0.110044276267,0.205696562529,3.16118435383,4.36370619059,0.987372730635,0.323048990667,0.0,0.143954147752,3.1984559235,1.79220059702,0.155212977231,0.653936667889,0.243892614245,3.43683573127,1.06309368789,0.164778096452,0.305112840282,1.79687823981,0.675458982587,1.42639305353,2.0106714347,1.75447296377,0.276528454944,1.80157106414,0.280635502934,2.52004446849,2.68607816085,0.838960849717,4.98600902081,0.979240673184,0.403749255105,0.292126865163,1.33528686479,0.652120944709,0.384353540987,1.95025969166,0.350758221671,0.806020114571,1.27364707544,1.07492940322,0.724871732146,2.135687024,0.300372870192,1.93648587346,4.94282705307,0.597030558847,0.317877871096,0.438857129663,0.851759133339,0.771646308675,0.0717705631256,2.4969843322,2.44854719669,0.598441199809,0.00640526503325,1.92183253831,0.861837237179,2.07223715007,0.165025392175,0.0605565172061,0.17237541303,3.16063906908,0.130023096614,2.69867510824,0.470516151111,0.950310647134,0.957008144762,0.464159582108,5.51107650757,0.245590856001,0.165109761953,0.0506469207816,0.248162331879,0.193193344921,0.29890885435,0.00667230993509,3.87486333847,2.01471105039,0.611665181741,3.15481975079,0.713483321667,1.93175594091,2.77606500268,4.12094083786,1.02360752106,0.0539709952287,1.91562121034,1.01221384555,0.549495050013,0.542992272079,0.623350473791,1.14255435288,0.0864766778052,0.252511615455,0.429168994538,0.997009340227,0.357906677388,3.43458729625,1.16541305542,0.833286706954,0.0321169811487,1.81364723891,1.17767256647,0.148740084618,4.6031306386,3.70595919609,5.63204052448,1.10286506454,1.12653902948,0.566070332602,0.540988533846,0.132322418094,0.594072939828,0.211086504012,0.41811891973,0.485761212371,0.212949092239,0.455790696456,0.322544036731,0.43582068786,0.517396697048,0.914304427281,0.660033915788,0.551534842369,0.579483382255,0.911538072228,0.228585599242,2.42536811292,0.199167553186,0.869352466911,0.0397984187305,0.298198328093,0.370472475588,0.444186489023,0.405180415884,1.9261988385,0.145681146383,0.288608981371,0.618861936331,0.946958010234,1.96187210277,0.806769520715,0.420681891702,1.00505961254,0.166241554767,0.648686029613,2.52200279877,0.589563972503,1.74028175883,0.138321059793,0.0105230942555,0.294244490117,0.361224326268,1.9944183889,0.448698281646,0.888146633506,0.465398508711,0.699132285006,0.8635502287,0.452372104898,0.0867714270949,0.353649711129,0.3683033018,0.533340349067,0.081934584938,0.362023725547,0.334170556357,0.645204614662,1.6111231041,0.483477992564,0.264826088957,1.2518080771,0.118810259998,0.777127468996,0.705264343265,1.2759397104,0.0628843969852,0.0296088325232,1.41679781646,0.0345772803575,0.121261712238,0.613408183046,0.0701038505975,0.664981575683,0.69491062358,0.0240603156388,0.247216886804,0.176588063166,0.427727720849,0.784902102016,0.951045102403,0.0416558908671,1.6110334751,0.407466471992,0.328654816644,0.817071878556,0.712004067972,0.661753867045,0.294665835276,0.0874611222558,0.396997113824,0.787090373803,0.528112940565,0.55275924325,0.354138946659,1.46030944616,0.402040781379,0.335874161422,1.32560810325,0.538287876658,1.6091091305,0.37067243278,1.21588447623,0.354867989868,0.253178121299,0.774257925823,1.58120675812,0.404466496259,0.312297654003,0.36163997259,0.393501123637,0.166667757072,0.990489419699,1.44729720399,0.272206871621,0.546829065233,0.268411909491,0.110613097139,0.150845932774,0.743405894011,1.48360388916,0.0514878687263,0.688145640641,1.06290156797,0.0359603238106,0.0503072376549,0.506049473211,0.791608167961,0.702036454566,1.49132872626,0.210663273111,0.506901986524,0.0334128367156,0.766285604574,0.402041456401,0.503882302716,0.140120541751,2.16850713813,0.215093359351,0.0103557357285,0.0853396615005,0.550532976389,1.06025164895,2.1456297335,0.363609018363,0.996170996726,0.10463492956,0.709835266173,0.108362597302,0.45486378069,1.04944458818,0.709156477321,0.377708938941,0.461127963169,0.364398740772,0.170140377283,2.59271483384,0.299177177139,1.41517687351,0.639604362398,0.571542171836,0.0482137430608,0.148089829683,1.23906206846,0.574915866852,0.159278276749,0.340952613354,0.575216699839,1.25408509955,2.34050989449,2.95938890927,0.319066203944,0.309187524151,0.342859166637,0.872360482365,1.63596637782,0.206136860996,0.528210877404,0.408666521609,0.402482510181,0.409589422564,0.622511562966,0.582493479848,0.163405515105,0.619473490119,1.30056859687,0.439027687456,1.33209216505,0.872101995535,1.04624297321,0.322444584332,0.644012216553,2.31527317725,1.50737863161,0.747600280998,0.0932284259796,0.300919864289,0.275579958297,0.608859960819,0.271442087777,1.18320393182,0.481118429231,1.01493955575,0.361502290741,0.194218240175,0.307631900236,0.625494635627,0.0988393235207,0.177976727746,0.389928327445,0.259616815634,0.200910991915,0.182253641556,0.515706051439,0.151857258677,0.0336582535505,0.159383065701,0.338838849813,0.24800774904,0.56427117608,0.265976443812,1.31605737649,0.122008944508,0.296582877929,1.6013642478,0.112385440506,0.430783046186,0.626848994698,0.0253105219617,0.316802451573,0.146286175102,1.22378616378,0.846081525293,0.874745509885,0.869732387736,1.07521789655,2.42439604178,0.34072668381,0.746892287657,0.245950804353,0.38458094392,0.883726709485,0.0775822415669,1.64835578799,0.500756359771,0.624886673149,0.325321518406,0.178374124337,0.0882390740141,0.664538267143,1.93177085739,1.34917233579,0.556219115034,1.02605816675,1.28075072713,0.720319492817,0.501777797863,0.221334823221,0.359465645477,0.157727932036,0.027126307711,1.075608657,0.204070223272,0.0407403391041,0.367613625128,0.198517572917,0.768381200172,0.0359251155704,2.36779647942,0.551603551116,0.832333229482,0.837222275808,0.286044252738,0.431477625446,0.199319421686,1.57357817948,0.405427834258,0.767120429799,0.592255806886,1.71520689651,0.289051389899,0.201949326992,0.00544550152496,0.449026778564,0.43845312506,0.412688398212,3.31770992242,0.117525847331,0.146652076608,0.610668933317,1.09652567342,0.3421553424,0.902951678336,0.487218699278,0.340476171067,0.257507930994,1.43565500142,0.876114609689,0.201845833808,0.128129139692,0.115130229443,0.18733807385,2.58456752783,1.15007851183,0.682032746337,0.48483818518,0.0116867208481,0.19479694631,1.21133522119,1.29849463543,0.431693608016,0.863313305974,1.67468082517,0.379757824773,0.457079010345,0.917458422109,0.559060516804,0.232789793173,0.675004628524,0.309357777038,0.36162338689,0.0936568146572,0.0517047302052,0.686181612164,0.0781066825241,2.49340025336,0.329284150153,0.766145086153,0.636466790587,2.7569572705,0.929471121803,0.517384721339,0.784701871388,0.212780637555,0.0719983938336,0.202733941907,0.402712461501,0.0,0.606426154915,0.576856660265,0.430014465982,0.166630565096,0.086376745177,0.636706086695,0.262861745358,0.241635047896,0.211576106828,0.0357202932239,0.24944717356,0.0935324391816,1.91713296849,0.170826926436,0.185276600327,1.54930639877,0.635415450353,0.241839524284,1.70331396319,0.563856593557,0.0923518453538,0.606541613862,0.185088627636,1.23986127913,0.364077355564,0.479425906509,0.25953430891,3.04219489843,0.0332796251029,0.10894868046,0.120928062117,0.866931691989,0.361477037445,2.7607300581,1.27033744587,0.233701215624,1.61100282401,1.135305738,1.20659096437,0.526314840242,0.0121266528964,1.06837298155,0.141293368936,0.848216665685,0.0402218346298,1.74476040248,1.74529361005,0.116097873468,0.0654292559996,1.71238345534,0.142408625856,0.287688454585,0.67390579341,0.951485653669,1.54776469924,0.437750509735,0.442351338007,0.172325191705,0.0198304084595,3.22328199863,1.38001066655,0.532114699129,0.0570931786951,0.033798050636,0.0695303726941,0.00820637380704,0.515641972013,0.347250712607,0.191029229164,0.820796628464,0.00117954000831,0.272888171365,0.403373674005,0.0941223198548,0.576621128619,0.0801530432841,0.0804732786119,0.0878224467486,0.514150881357,1.10347567543,0.846536353119,0.499778493047,0.213171799034,0.943765877699,1.35138167903,1.62995784156,0.311919374466,1.28324512018,1.72929789804,0.6692124594,0.150567594098,0.857273975494,1.7688894546,0.143263169171,0.0574968197942,0.239684074298,0.429424388558,0.540676519684,0.550024774075,0.0261622193456,0.291005306672,0.180579168946,0.373636790663,0.281179870822,0.13599838621,0.0740207143314,0.295773656219,0.244512927458,0.124227362117,0.24922074616,0.211688918024,0.0935261505097,1.86745849252,0.378336127251,0.280043721572,2.2001471898,0.0423723191023,0.82170442991,0.544861348826,0.385188397914,0.331996288188,0.00912803080864,0.111681107973,0.552575704176,2.0030484568,0.301819481901,0.24445453892,0.395844382346,0.081024492149,1.2012372556,0.120243028067,2.18697712421,0.0432616511732,0.060567318676,0.663515731134,0.53845716197,5.48846557617,0.755977854207,0.39254577335,0.499509649186,0.670979728358,0.291332633495,0.263552875817,0.0302725380287,0.326981654759,0.136767846495,0.0330444489699,0.368052552193,1.48535346352,0.828192804828,0.0607959070802,1.45133259177,0.103035487197,0.711444178298,0.882420581728,0.082684944747,0.130559654161,0.689741259755,3.6206530468,0.196542611346,0.120670895949,0.421837723614,0.110776622295,0.585560912036,1.26240998883,0.11292832966,0.0823462776095,0.0750280490145,0.0105472300947,0.136211109422,0.195137317404,0.00616215684495,0.305114754951,0.817361954823,0.206169735715,0.0625409930944,0.00695407181978,0.328186697494,0.00795714102685,0.451294272542,0.758821241334,0.397252539694,0.234734499678,2.10516189396,1.84959001981,0.188443185631,0.536187441498,0.207766335234,0.442050075103,0.0891878496483,0.322333102673,0.646421724111,1.32592563533,0.343771674596,0.48441295513,0.0384693102539,0.420177447989,0.0720049536228,8.33552754402,1.14170404077,0.537235209048,0.0233123443439,0.247367082648,1.11992797889,1.2893037622,1.14965312436,0.6792117697,0.69879388459,0.206134918351,0.171928890683,0.091595820412,0.0168921056762,0.0648963050172,0.291023513675,0.337068701461,0.634142383039,0.0,0.0359433911741,0.100419396758,0.421475831643,0.0,0.118321902638,0.605320707355,0.814734105617,0.0115997935086,1.70133117199,1.3619318679,0.0,0.0590481878072,1.21949232869,3.77920442447,0.109558524936,0.0160573513806,0.015867651701,1.24603361011,0.00624338999391,0.031880248785,0.523626213074,0.728111380562,1.28766235776,2.90985669618,0.155256773978,0.169637618661,0.00324734199792,0.0,0.766722391234,1.55830898162,0.118902021032,0.191430610102,2.92639721945,0.0158419223689,1.54646707438,0.118519214094,0.169531974196,0.0769993582368,0.00946885109879,0.694379562736,0.750211290927,0.103691451964,1.88246193446,0.033585248068,2.84783728048,0.0,2.09141698278,0.94096730819,0.310422310531,0.014295097217,0.378288792074,0.0508547118306,0.319921499416,0.0721609806269,0.332331420705,0.181192142479,0.644708897211,0.807778606471,2.06033341374,0.131613829508,0.297082405761,2.36427095991,2.22013174534,0.691348454356,0.769900589883,0.107997401059,0.56003292799,0.0161519658566,0.0316192984581,0.397338628285,0.445134544447,4.43585039139,0.0,0.249067730168,0.376086609811,0.472156398445,2.09379333615,0.308334629238,0.146288907826,4.67759528875,0.00509874269366,0.345083676651,0.205879994854,0.033060407266,0.490931179374,0.823148449473,1.41210312366,0.132530057952,0.00236171495169,0.120395718738,0.318668210395,0.0,0.101105169654,1.55587882519,0.04068163082,0.485861477256,0.779961503744,0.145621074289,0.0287848232687,0.0604729862511,1.34908981696,0.052023441866,0.00264885839075,0.24953678906,0.205501132607,0.200216496661,0.309285959676,0.0564710462093,0.732660121918,2.05231916666,0.62940204531,0.833853720576,1.40133000284,0.395734878778,0.0505801182985
66,1.50690222502,1.65911272094,0.886398533285,0.216767720617,3.22592086875,0.202550340593,1.66214860499,0.863970208764,0.167240630928,0.421837282102,0.842225465421,0.53465053916,0.0447008646047,1.14621365398,0.712559198998,1.22500033498,2.39007827468,0.086121763587,0.411326602846,2.85837785529,0.971580030685,0.536883637644,0.617646388281,0.212424622178,0.0210413829982,0.0753308054805,0.60541879002,0.293649410903,0.139924635999,0.365426228642,1.9962492102,1.43814995706,1.56287927926,0.200703364965,0.917860217765,0.0088225376606,0.344425167739,0.867883421667,0.116034369413,1.25849307125,2.59112674125,0.0731648137048,0.406540976432,0.181263335757,0.0124646996334,1.3931512104,1.54844176389,1.48147311509,0.305054990929,0.906669735461,0.155516466908,1.91575545058,1.71742074192,0.106074702442,1.17623844638,0.281900476515,4.37656907342,0.824820345193,1.5625353992,5.28704888433,1.88856090784,0.0789141338691,0.339592179358,0.805951188207,0.03563553432,2.49886750087,0.663226154409,0.736667408347,0.55585897279,1.85670036256,0.429374642968,1.07648725674,0.204498859104,0.435859012045,0.225776999434,3.09909126282,0.973372137845,0.568025057316,0.3874292963,0.202359774522,0.729889679551,0.0766432484984,2.4004691492,0.398340636529,2.98358358867,0.542860723734,0.250445110509,1.41847545672,0.00848415821791,1.77384784043,0.150424736291,0.514174323976,0.358336104378,0.221634901017,2.98094475031,0.55525613755,0.594266339466,1.21362503234,0.0145360185206,0.242298306972,0.461804407686,0.204957966171,0.16703428492,1.17988329707,0.70629832685,0.0121499589086,1.16751834635,1.28718947008,2.17398143603,0.121013101637,0.137705762424,3.43474550486,0.108995884433,0.000691839754581,0.942654724419,1.72480275661,0.0099721513968,1.16834152639,2.5620140586,1.15004125755,0.196758867949,0.0462814607983,0.763453553487,0.498866658062,0.163238503635,2.56290752947,2.63313425183,0.757252860069,1.19662325036,0.108768450841,0.0363876404613,2.93156576037,0.435089504265,0.340190886669,0.716962872148,0.755877432674,1.12621944588,1.42325701386,0.706664551497,2.22385575026,2.02030349612,1.17761858478,0.992649197131,0.0129507820681,0.1935168273,1.32607348952,0.277517404333,0.027931276625,1.96695786105,4.35555461168,0.4856140019,2.78064316189,0.289621343464,1.0140360564,0.129314669594,1.7834452644,0.507274038792,0.258697752953,0.00272332875058,0.0386782623082,2.80753981262,2.33867338132,0.180088265091,1.83373303503,0.329665301144,2.42902138054,1.16110339038,0.450371108246,0.595073293243,0.0337371939421,0.120759786796,2.43989128911,1.1452265276,0.417800916433,2.21585573792,0.444579995871,1.68824728146,0.0676346771419,0.734573660716,1.63932515591,1.30027277626,0.311073190719,0.785188238919,0.86406597564,1.10504247248,0.679704490677,0.498809472769,0.915390410349,0.480422623008,1.14744374585,0.0821672484279,1.43415608123,0.485310347974,1.48885682568,2.38057389147,0.149716031738,2.42446266055,3.18720057011,0.199090382736,4.18035197556,0.0347245297418,1.1444804579,0.00538410468027,1.63607885523,3.53722361445,0.0970090426505,0.0282657645433,3.10117993832,2.2570865573,0.484741975889,0.682067362759,0.0566222725809,4.99638510466,2.06488431334,2.90807895761,2.58409013137,0.645139593966,0.285894114189,0.0290777482092,1.30783885032,0.678835406341,4.60797284976,0.167758198455,0.676442705244,0.344628452258,0.746480955873,2.21322659492,0.125608154237,1.79741376281,1.53174621224,0.196914726584,3.32051443845,3.15865131378,0.376359820962,0.955708191451,0.0826853430085,0.0860325065814,0.243001765013,2.55473209977,0.108966757059,0.0222634255886,0.0944755752385,1.2044780606,0.286123989373,0.1284001255,0.132644336559,2.6010787461,1.74714266974,0.421374467053,3.85010408998,0.0514666473866,0.679892259315,4.03470148206,0.981108387373,0.429284657007,0.572761910856,0.556465604529,2.42429640889,0.525654681586,1.11186449051,1.10646827102,2.16520918131,0.528048614413,0.806811309238,0.549197060317,0.131230878979,0.334971157908,0.516521597654,2.70898677111,0.121057586446,1.35454621702,6.07655713797,1.24797890365,0.0944912972348,0.246288939156,0.0819395335764,2.04947838113,1.10030457139,0.378668720536,1.4264681381,1.60898834765,1.0315037322,0.730044359602,0.389221956022,3.15645411402,2.06833380163,0.527230445892,0.0245140750334,2.35370774612,0.980540223122,2.19537605405,0.267214954197,0.867400789112,2.40803356566,3.114476787,1.1023190679,1.18097120017,0.939330423176,2.207435783,1.59292562746,1.79399258614,3.27077916145,0.244083198607,1.37660604954,0.00367935031652,0.889129605517,0.111819319725,2.96810406685,0.126796015408,0.155856779236,5.07397907734,0.209685068708,1.46802656367,0.515959184356,0.134454868725,0.220993125439,0.11722236678,0.531451429958,0.679551530182,0.0521862279717,2.09261162518,1.59766066283,0.190921122879,2.34086714804,1.36686507739,2.07749205232,1.11694672385,0.659161648452,1.2547470063,0.101564324126,0.847941240817,0.131975387782,0.187201273218,0.0693762783706,0.649489657246,0.417687087283,0.172275004163,0.449033998996,2.25598704576,0.0462213936448,1.99409351885,3.9184931317,0.75059283644,0.765919673219,0.0325303993374,3.0484249416,0.131888715774,0.844488185346,1.23819624662,2.05138088882,1.07401930958,0.490035850555,0.72762188226,0.213829999268,0.65645590663,0.514230409572,0.215992894862,0.0543816121295,0.577929372042,0.42249227047,2.22923923492,0.076566318453,0.232054331198,0.325726048574,1.09002819464,0.390875636414,1.38329604033,0.647999536507,0.159467168301,0.556283316339,0.0146898100525,1.29584529959,0.938687241673,0.0552017571032,0.407661407598,1.61609490477,0.578454437107,0.267427768083,0.678038071087,2.91298831582,0.747508071512,0.354865502771,0.20682249859,2.34458222002,0.323714184016,0.143755597519,0.042851113528,1.36524972238,0.417566697001,0.466412126541,0.397664065883,1.62224548429,0.61858809188,0.495166434254,0.690864311457,0.844412340224,0.129680063315,0.195377397537,2.02887430353,2.83954048753,0.179987232909,0.14285068146,0.243835858554,0.950091564097,1.4933699584,0.51051569216,0.642062793076,0.1174802652,1.12467357434,0.25557655368,0.238556990996,0.394567190893,0.353836704493,0.3673629421,0.153699010275,0.0160278275609,0.906152440347,0.268852514885,2.10859272182,0.187915023845,1.11052522387,0.0992498056777,1.96344505608,0.0600826940686,0.826581037641,0.293688516039,0.194437305406,0.275858751312,0.206087061428,0.0881428808719,0.621890235804,0.84344999101,0.880228674004,1.18003174074,0.0988951428235,0.797139465213,0.720849469006,0.470631741658,2.94715159893,1.14389078066,1.6910008841,0.402662644535,1.19237184089,0.184404188534,0.31875219814,0.300825112164,0.0977890404128,0.498809310123,0.267804924494,0.241139334813,0.881431420855,0.0271173110977,0.276663196534,2.44053974442,0.973947394788,0.0142746310309,0.00916422128677,0.391990107521,0.121033413336,0.549889717549,0.308118550852,0.0663923192024,1.63751991242,0.00563923534006,0.344088975359,0.00838868759573,2.51989464447,1.04082488051,0.290566808283,0.153276704913,0.318538014106,0.972639346514,0.0598120751791,0.15694301784,0.511209034212,0.382739858925,0.395513752326,0.382893733419,0.0,0.00665267832577,0.189805618423,1.08176806111,1.39094269386,0.619971411824,1.76127275929,0.404284549728,1.31112999022,0.403827631511,0.31811881423,0.685884521604,0.00787199465558,1.67994724393,0.23653385222,0.507393208081,1.14105716825,0.744893889353,0.494080874911,2.75047927618,0.140510525703,0.770830099573,0.00589525744319,0.899706841931,0.345947546661,2.6978022309,1.57259666711,0.296561620124,0.807815291733,0.364168502763,1.6347204864,0.649147298485,2.35005875506,0.996561694294,0.385531967045,0.0666915982217,0.199403924104,0.40937620163,1.52835379958,0.481420493163,0.832084026504,0.0417913919687,0.935035135001,0.095878307838,0.792533168886,0.982153749317,0.580037047863,0.284147263467,0.111771218497,0.415709725246,0.619896569028,0.434716473296,0.271373045854,0.834193400033,0.0660288269818,0.673344789743,0.0487176969089,1.04849036649,0.0447117737122,1.1932463944,0.339148353138,0.194562112354,0.105258180099,0.735346365292,0.959530737996,2.35675171535,0.738520664885,0.36362602219,9.33602522969,0.12018773865,0.123168527726,0.27498246856,0.344127992988,0.325438777059,0.824685012773,0.222939361073,0.488751552813,0.0239894596674,0.347172738691,0.920879378798,0.105637408122,0.0958526055329,0.897620024439,0.217512325048,1.00708754987,0.297070017103,0.326824356262,0.807446643552,0.0489306896552,0.646463329848,0.19831785582,0.512353510484,0.314874563236,1.78146751761,0.0734128675237,0.615581691265,0.942417501509,1.60373879015,0.0,0.371854724139,1.13825245574,0.182316112816,0.0838430894911,0.27273149386,0.0329683511332,0.222952053221,0.0126693969965,0.847320114151,1.04990757853,0.620532381833,1.00478357334,0.190944036953,1.25813343398,0.188939941972,0.463437092048,0.220890481398,0.620926062465,1.0268558757,0.282124539539,1.00621031202,0.149659178257,0.47715984154,1.16039236784,2.02603670418,1.58374306574,1.42655003302,0.940274653919,1.01515755132,0.263271367103,0.441742726155,0.331369796656,0.561000730656,0.0891355485423,0.400860117227,0.00141925690696,0.14772798996,0.397355377786,0.585211672373,0.251243750731,0.909206397533,0.02283390522,0.272789691873,0.0791727173328,0.637406147961,1.99870042741,0.213382823775,0.59632233981,2.58859214008,0.346511316914,0.70877124507,1.16551755771,0.291592238471,0.549283195147,0.486971170269,0.25653236497,1.65874608964,1.37694423207,0.297456421151,0.0618234159425,0.399505439461,0.179296048023,0.545776254982,0.651928061843,0.89508374095,0.00157108635642,0.265725406986,0.298935714918,0.116314489888,0.670532003567,1.2585950017,0.532925354987,1.07660015881,0.439671875164,0.213978998065,0.28220011631,0.121514120214,0.312056697831,0.0507643057173,0.485921889618,0.177378742043,0.305809296295,0.0,0.0475635115243,1.00063878007,0.481250375435,0.450426745489,0.362318674847,0.828346959651,1.79014797805,0.0172999258339,0.348318307011,1.44863307968,2.40510343552,0.0301312597864,1.66584712029,0.676546295881,0.655637460765,0.0209458380844,0.647552783638,0.148978260905,1.18258605693,1.42363126744,0.988289812827,0.000654782280326,0.075670438821,0.35666527696,0.227180129327,1.37980855543,2.52516868532,0.571287565529,1.12647612337,0.21168422047,0.417023840733,0.0,0.723525523543,1.38033179656,0.37526859466,0.0516746088071,0.439371471219,1.04078889897,0.0924872140586,0.104537061006,0.371000827774,0.143604988903,0.16431274781,0.315643519107,1.78555334553,0.0363945848309,0.114073465858,0.515424849615,0.626355592515,0.213551582983,1.21507800557,0.891230186746,0.225012137201,1.50487660974,0.565607693288,1.48564571574,1.17014594456,1.00487276245,0.223112414405,2.3349914845,1.31204282993,0.0065118746087,0.628259229269,1.38280666292,1.82206640394,2.9122733438,0.334125538468,0.257551470231,2.16511959404,0.318488996271,1.21186216928,0.457007886237,0.208516391721,0.201308337903,0.230048343148,0.11985777678,0.780942214131,0.956975635067,1.44762952074,1.0785612309,0.322937750258,0.913146116734,0.475613412932,0.110466073481,0.20312915802,0.300144376387,0.345150403082,0.451716676853,0.635594984293,0.374762320556,0.675706315935,2.04741926283,3.56248557463,0.770680570116,0.127594030262,0.0792580774147,0.395611701719,0.201338777691,3.05941577632,1.99303334234,1.7273782593,0.368686646372,0.46702312775,1.67627360672,1.47638836026,0.00772191628814,0.107271353789,0.104432594079,0.327781227231,0.0941100026248,0.331365405917,0.722880286817,1.47256822288,0.185580993593,0.107123500556,1.44705515981,0.469994012211,2.67052374862,1.77711320043,0.770046046451,0.919784131199,0.180910230447,0.744691223204,0.582046508715,0.276501925588,0.184497338748,0.375294673927,0.298226161525,1.55286365941,1.3516219049,0.648046659939,0.118164708316,0.513467503276,0.904852702841,0.257776494883,1.16967752714,1.13013997576,0.396805497389,0.530606537443,0.399313113093,0.702357798219,0.254517726279,0.0636891319323,0.505144576877,0.542956593409,1.59666306933,0.432284707576,0.951855440848,1.02575149596,0.936846062094,0.689696614742,0.0954938672297,0.686038281564,0.0366685296223,0.0296841386706,0.36123053749,0.147048207223,0.54939178139,0.422253639102,0.463042819463,0.327207387425,0.233052988909,0.0594157921523,0.815704179294,0.0525143396854,0.145908126021,1.04499308811,0.436212009788,1.45122598127,0.575658920908,0.124214245077,0.102346847737,0.474890711065,0.43922166381,0.901619997825,0.171931851844,1.64179784477,0.112991935187,0.0330309019936,0.0906624627486,3.43056891322,0.300463525429,0.0240494926088,0.728277466297,0.511346531641,0.136384928944,1.4004997427,0.0315303117782,0.572898380291,0.133902477399,0.488357788306,0.518619699506,0.171663881959,0.00290177909657,0.822746834084,0.725230263814,0.369735285044,0.00718219242059,0.00377840062603,0.145322157629,1.12614847036,0.0266278714314,0.143501052558,0.0295354046952,0.480738464221,0.480054446328,0.792542799711,0.277901000716,0.348107645884,0.487659162348,0.015002858378,3.43860274054,0.256628420245,0.0752069482766,0.684790254384,0.228550095218,0.0987943758862,0.0553183791204,0.40425948659,0.0581474643014,0.21189606633,0.0994650112744,0.53435026833,1.92414470374,0.0826728565572,0.904917455018,0.714209541343,0.212122634649,1.13392952397,0.0349924847484,3.23002477994,0.966133809499,0.815102108484,0.917183540016,1.83432600811,0.968575953692,2.70120823868,0.335791967064,0.22502123544,0.425536341146,0.322539330572,1.43415191862,0.0363604418188,0.569922270454,0.885334352776,8.04460000567,0.0451618298399,2.81005289286,1.08249977979,0.49232331913,3.13540992141,0.135837667435,1.20992266983,0.697506414577,0.621846124725,0.497375827953,0.682806890272,1.93466428753,0.0268922005035,1.46028242826,0.0580219322443,0.446187121719,2.09268170867,3.39899669764,1.45354205675,0.0188093800098,0.0260264004767,0.110707903266,0.0032189026475,3.5914753437,0.0306089057773,0.240928797722,3.20978060335,0.744175184704,0.0,0.277889276557,0.288992401361,0.0464459454641,4.63636417747,0.0798766502365,0.459810442328,0.0926831334084,0.614893050343,0.931678328812,0.299828269184,3.08745061673,0.557671350837,2.04251855791,1.3944166187,1.04734516457,0.000424611605704,5.99906403616,0.432066380382,3.26250633746,0.374940841347,1.94117032975,0.0526768846065,0.219288234599,0.649660073696,0.513595149666,0.330583127029,0.282314796895,0.1703187792,0.743373053595,0.152122151926,3.67360765129,1.57438154414,1.77630956829,0.391365088653,0.0843527093716,13.8717132854,0.0951971550286,2.5282391423,1.49933272049,0.310384443402,3.80128617868,0.0567696727812,0.90070967719,0.485777085698,0.176123080319,1.24358210027,0.169143109173,0.0809596890956,4.46307016492,0.18863311246,1.87412627697,0.00288179278374,1.98946566343,2.6129731182,1.30207248896,0.193800189197,0.919042805657,0.86703828916,0.510683878958,0.0643725323258,1.01732474744,0.16688808759,0.119223835338,0.0146866416745,3.82076368958,0.276080749929,4.32144270182,1.07206073165,0.0565746122599,0.0053496439755,0.131827253234,0.0466218996048,0.540423098207,0.0350255553424,0.40107789021,0.202010594085,0.420413911343,0.00179514884949,0.841926707253,0.0665453529358,0.187370314356,0.197470629066,2.815636774,0.593498481289,0.0,1.39478107672,0.207130979672,0.246252406873,1.20782433465
67,1.17000918206,1.87466542542,0.249968983978,0.113063668311,4.04596888542,0.0706090845913,0.17409121044,0.161178419068,0.509039481459,0.0377645364404,0.112564814091,0.175951949302,0.129464527406,0.0451521974802,2.07623286381,2.12111786447,1.79295116678,0.190608506948,0.364030263522,0.0630762151629,1.53914382815,0.227769303918,0.440102355508,0.223784990944,0.023445630956,0.0213618910313,0.171001617163,0.370476276651,0.0438859235495,0.0393146103621,4.42583172321,0.569276909698,0.465048745945,0.0534180998243,0.200985938725,0.00907456129789,0.181508835182,0.431935546771,0.279032478295,0.811094764993,1.1198829782,0.00556960206479,0.000463156392798,0.0777519002557,0.00405882924795,0.00325691211969,2.25184336066,0.996825133637,0.206209430024,0.793986827433,0.0779489132017,1.26405173399,0.968893884122,0.0757642543316,0.483305829428,0.0155948324502,4.19799210787,0.223780333437,2.06523208141,5.12440126657,1.18212024421,0.0147976429015,0.0492359097302,0.38747306034,0.110388654992,1.99941216588,0.123354333136,0.0294670474343,0.567606370244,1.48442561567,0.0562073048949,0.340916166008,0.0255562763102,0.234812433049,0.0176829259098,1.61234188333,0.0266570571065,0.612007667199,0.0527839824557,0.102997948937,0.161661255136,0.0564110066742,0.53192740798,0.063465860188,0.610762750544,0.451722250208,0.355817142427,0.0526574872434,0.00849065691233,0.976422088332,0.0488136701286,0.0813984932471,0.22979225155,0.0444888553023,3.86940691471,1.0776957953,0.216764285862,0.372527211905,0.00387059010565,0.0616165807098,0.153289811425,0.0475795909576,0.151046447307,0.331274299249,0.134409246091,0.00287658035755,1.01497208882,1.27579331622,0.294956173897,0.0464680464566,0.00134269870818,2.69864344835,0.180655089393,0.00130294844508,0.24658328943,0.301016937792,0.0023503587395,0.0,0.733442394137,0.0308151660115,0.115089564566,0.103096444309,0.676684461236,0.25975417586,0.00340460568666,2.43831303477,3.27497069061,1.47849359214,1.86605489969,0.18919467679,0.490634163115,3.34589897633,0.0906712935492,0.130498085916,0.342870889306,0.369372600392,0.883783591613,0.619479254782,1.81918359637,2.89926540375,1.49315436959,2.55495711386,0.374738214724,0.0579244207405,0.0365666362643,0.246292020977,0.0586315502971,0.0218528224155,0.575054846443,3.87536313534,0.197548469752,0.23878890872,0.00803877409548,0.602126488802,0.159029962774,2.15898838937,0.150160365384,0.0,0.0100980690494,0.0205787346885,1.21574184054,1.26395322334,0.159248768031,1.07388982743,0.112981545068,0.639410300702,0.0700809063029,0.228088619709,0.0983847106993,0.0377505711652,0.20170646416,0.0565119761229,0.231150946096,0.0019639980793,1.56972681522,0.605786385462,2.55579511642,0.13345648393,0.212868507951,0.305041873604,1.07311322421,0.0856436680257,0.47267798543,0.624797032475,0.0281965687871,0.176530213207,0.895450870842,0.283127535135,0.0924667368084,0.269117546901,0.0653733008355,0.75185456425,0.358076211363,1.27268324926,0.0281463479251,0.309221607149,2.56718278885,6.27095602989,0.313006589562,0.724311384931,0.00325878575444,0.824995851815,0.0,0.290602427423,2.48349095255,0.170978434887,0.0511247210228,2.84763440609,0.172201525867,0.800320561975,0.48449026172,0.0682222085819,4.22164376557,0.423238124698,2.88911647409,1.39512842104,0.0380940998904,1.35396285528,0.00861714989413,1.10125332892,0.315069707856,0.989206081443,0.438643796816,0.360020324923,0.519461076036,3.0027090919,0.738493359461,0.0392466861755,0.739024925455,2.78555998981,1.39993746832,0.104795791134,3.01271291092,0.0549738740921,0.048061196208,0.0176636700332,0.17173196204,0.729581859112,1.25352230396,0.118236539774,0.00132407482713,0.0,1.13446362238,0.30280447524,0.0867123208568,0.0236529538035,0.276840580367,0.0270561686065,0.21045569554,1.40794363469,0.053869518619,0.746901797652,1.7734998098,0.865277714729,2.17017932296,0.0254335094988,0.423099353462,0.475530951545,0.0596187856933,0.516087541431,1.3265764305,1.86263899684,0.0545483344793,0.0907127518952,0.377272398127,0.391337100845,0.192745724544,0.0,1.09762364626,0.302444158532,0.739303279361,5.61762264729,0.888779389411,0.00943259615451,0.122378578633,0.0106165881455,0.352905400512,0.0346621286869,0.456254225969,0.320403105952,1.28294602513,1.36826937705,0.599406803921,0.164911208935,1.62699462421,2.91794870257,0.118065536395,0.0,1.27525208145,0.30015779573,0.941275083125,0.615781624466,0.450862016305,0.0548766536638,3.33723188162,0.000791897252202,1.5965308651,0.417273453027,2.88706961987,1.11529596411,0.724907056093,0.100345946923,0.25347883895,2.94253499269,0.0,0.0984968017787,0.0947798150778,1.51204434447,0.120534026111,0.330013058707,3.52151829004,0.120933773071,0.232239413364,0.61040140897,0.0545983679593,0.078467547819,0.233917670548,0.113289381862,0.427117356509,0.434681101404,1.1034915936,1.10931501955,0.241310506649,1.72930577815,1.58551503301,0.603838393837,0.055439581126,0.00764526367188,0.736367179751,0.0899391027167,0.454133894444,0.0465176801477,0.215896955281,0.453840984628,0.103853960992,0.538639522102,0.0563262554351,0.200442559374,3.17775038481,0.0431890139333,1.8260650599,0.0939833962917,1.021617596,0.84373413533,0.114479713994,0.584334134981,0.0562403762713,0.944025946781,0.0,3.23506761942,0.118789792359,0.0223268550832,0.940773519576,0.0435290935636,0.363670231849,0.595940634161,0.123570123119,0.112840937115,0.245282636695,0.506764505696,2.23584003165,0.111559805572,0.374873109972,0.101752622928,2.26901031204,0.204067860162,0.157575068362,0.04266953215,0.229992319248,0.369297235012,0.0460661432147,0.224557297919,0.736151685119,0.0196611504629,0.0940237048268,1.78050524116,0.442951705623,0.132309286296,0.53796856828,1.59662837621,0.781600923333,0.336475862144,0.0357090502698,1.72841307957,0.0136159358919,0.387687347382,0.00629995192168,0.612120113969,0.189201889278,0.100233390988,0.312075088769,1.58407955229,0.00760076086968,0.567436772659,1.68936699986,0.807696258239,0.209955719821,0.077139728833,1.33914977312,2.38569956541,0.107950380035,0.0193038433045,0.0750854643434,0.393850674708,1.4143930161,0.298114410751,0.783028598968,0.114754525571,0.855097590797,0.156337102111,0.35805426389,0.35285268472,0.0311559820175,0.0396369408234,0.132100542462,0.106593727246,1.02967445528,0.0808121037949,2.36615944028,0.406162986611,0.761882104613,0.0401062156074,0.445437167194,0.0636184281297,1.00413902104,0.0881628049072,0.0942392089963,0.103126955777,0.562871497273,0.0634771193564,0.232485619881,0.427406769767,0.00998917186633,0.979360957295,0.0367758388817,0.439663909739,0.140310502052,0.108668444846,3.10161494642,0.438588934839,0.711519857571,0.157660257928,0.591443740018,0.165695220605,0.0615401722491,0.108410040401,0.096727288086,0.119000348044,0.294698032141,0.131270122379,0.10103414434,0.024586596638,0.553582139239,1.37471122921,0.474120909348,0.0863813190162,0.0118890473247,0.304655385837,0.115072878301,0.332101972327,0.262300074548,0.0936245894432,1.70705408694,0.0370910467207,0.128842493929,0.0304818668682,0.587723921388,0.126834260784,0.102480340675,0.0219604854286,0.111550822183,0.172776644528,0.122663494125,0.00253430274664,0.425688891802,1.37734215464,0.0150200174376,0.0589117624424,0.0104814429558,0.0219247925282,0.107872089464,1.43516466081,1.01154011115,0.328581517204,0.549548082536,0.584163379623,0.676982464045,0.0861606774479,0.308842525743,0.021333084777,0.00865258980542,0.602179952487,0.00914578925818,1.03502218881,0.308324486334,0.18442175081,0.221935994476,0.494872577488,0.28074977722,0.171230277205,0.0302521024644,0.928012316013,0.241008058302,2.60181743324,0.755700554177,0.0708411684074,0.343480173796,0.49419687439,0.6242989932,0.450263096653,0.286500154547,2.11355569482,0.494550324343,0.0132385861874,0.277990143858,0.070706731379,0.645763846338,0.547679754877,0.322781485841,0.00556751042604,0.287734136507,0.00712639018893,0.15038073868,0.538257460445,0.0242921251804,0.0803371055052,0.0110145841958,0.587638492364,0.47423677206,0.168723141402,0.199689195715,0.434567031264,0.0173067646474,0.17699314706,0.00323951214552,0.125610906333,0.0127101671696,0.575938528627,0.00528516043909,0.143372678999,0.0961508632984,0.159585954528,0.337336488871,4.17703950167,0.104510156997,0.258896095343,3.82137068674,0.128399535343,0.130907354504,0.00430927494541,0.151742707975,0.18577964752,0.0895397432148,0.139804274417,0.24326169963,0.000905761942267,0.490155092939,1.59767639298,0.216804688908,0.0906331756338,0.122998194844,0.0676099194214,2.0153410846,0.0718621549685,0.41455242306,0.562092121132,0.183785099294,0.393647004925,0.54777985096,0.291226557493,0.0218123311736,0.881356320791,0.0899034353253,0.893060996309,1.09284683824,1.29038857491,0.00333474606276,0.0387342663435,0.677548944354,0.441921601444,0.0113012564927,0.356970101744,0.0664188673347,0.140297557637,0.010211391747,0.528274772326,0.723335582167,0.361701945607,0.200245955978,0.190781576186,0.30542268591,0.0699855132267,0.0770520232618,0.322923649549,0.0471683398003,0.466423886381,0.0693867786042,0.257576566339,0.513174213171,0.248204833535,0.687585141882,1.61175397098,1.91269996464,1.42401673578,0.310694435984,0.317649494559,0.0310148738697,0.259327097321,0.0174908150919,0.181374722421,0.0926580532361,0.0638864934444,0.133148110667,0.105321011618,0.586671731449,0.0486150139663,0.196418285687,0.658867048966,0.0038731648773,0.762839532299,0.042446088763,0.375026558377,1.01290926158,0.00408520225435,0.151934970692,1.68993409169,0.140453025699,0.247323072236,1.53805385739,0.0954906599224,0.165368785989,0.318274558559,0.143119691331,0.345034306049,1.59670648761,0.926299171001,0.0342004271876,2.36155623272,0.135990006998,0.513133256361,0.367437332576,0.935999367686,0.0136892472336,0.15967920348,0.207268470507,0.0594547906984,0.474396904334,0.965726426952,0.481608144529,0.73202949889,0.35687945459,0.0359428705534,0.284012399018,0.0958560416289,0.102749899973,0.0271644184738,0.0802964868397,0.372681641579,0.17067942705,0.000214889869094,0.226006833166,1.95735784322,0.25939882718,0.0459462128952,0.11384104427,0.296306424388,2.16533120411,0.108193812594,0.523981020739,0.350493169576,1.31461993217,0.0554025376728,1.64434642911,0.000364857688546,0.377902076654,0.0596108056605,0.965204361901,0.264230232611,1.92490492135,0.0646644616872,0.621715858728,0.00667218744755,0.277617688477,0.20232720226,0.0414911572728,0.0218012816459,0.385698111856,0.788734584376,1.95771694317,0.190529253585,0.450264526065,0.0,0.410091386427,0.398557177688,0.386716977891,0.0972938258201,0.250385503322,0.75063474901,0.211956590638,0.284180474579,0.736219439832,0.65420440428,0.399160793386,0.349738625679,1.58575510576,0.00586872294545,0.0578567839513,0.0801535512507,0.104101260658,0.131127351904,0.00334905419499,0.958786599836,0.125359929013,1.00107985735,0.499432526752,1.48987793595,0.348459665738,0.840865020752,0.0,0.565153546346,1.16209174961,0.0187674637139,1.63901730966,0.910805317312,2.01335145459,0.565851517385,0.0629268790968,0.0877960458025,1.31096323336,0.0987338500284,0.308255098909,0.359311509617,0.201007686201,0.336033864953,0.141668997258,0.0345592003688,0.242403058261,0.430219720751,0.0175040900335,0.793825242929,0.0755340641737,0.519606148624,0.894329002942,0.287530822456,0.325962764329,0.0450574879255,0.379477743525,0.411129284874,0.500927451905,0.591651004478,0.457731075883,1.68193661213,3.46541640371,0.806276779529,0.237306063175,0.193789302949,0.0432250666618,0.514980961406,3.77903008699,2.99568086291,1.78602791145,0.27577887584,0.561722933054,0.696840770654,0.73369618088,0.0121946520358,0.0525490696728,0.0164195860177,0.309529417306,0.0215701933252,0.0117070116103,0.0948630885035,0.809774137698,0.286115667336,0.0747802310251,1.2052436351,0.434087248209,0.782994319946,2.44806359284,0.171936666667,0.165582969375,0.0791123325843,1.33190331376,0.198359199241,0.190032057711,0.228944389531,0.330415062495,0.276437549852,0.559773661643,0.30214003861,0.642638145797,0.0263621906191,0.132661238313,0.179781595096,0.170238683224,0.125825080564,0.780600022376,0.362799712289,0.425412042029,0.444593302011,0.441297371322,0.101364733838,0.0141077785427,0.845952195674,1.0666289813,0.908133843392,0.243824397475,1.17129935613,2.04818746608,1.09091831917,0.0716530606896,0.0198791263596,1.15177411139,0.0715217123553,0.0388442939217,0.0704712697864,0.00622117258143,0.902936276197,0.220055121338,0.31508081289,0.0605854543298,0.0756684947992,0.0190172742307,0.428712871075,0.0101263480261,0.037136199316,0.637579300851,0.00714567793533,0.947220768556,0.315637934236,0.138563747843,0.541624888098,0.25224205412,0.203665260784,1.115969419,0.150686188007,0.81113722939,0.373918867242,0.0396864613704,0.0643648906983,1.45009495199,0.778726049997,0.0226178918034,0.00193050500005,0.827739945799,0.270075034872,1.03550423207,0.236353124529,0.140605922341,0.0654826050019,0.413817037847,0.00863648088649,0.362404722273,0.00745866492391,1.88990439571,0.395923950952,0.22644564867,0.0270282095671,0.00313035309315,0.113809281141,0.944713688102,0.00797291776165,0.107236728072,0.163979562894,0.198800714274,0.565859100204,0.00953854525927,0.316687056273,0.43852520436,0.327685017847,0.0278364512511,0.17850231817,0.176828730647,0.0985997517873,1.39705049336,0.0758263228647,0.022197939977,0.00763604514766,0.354540746436,0.0585746449605,0.267204020293,0.0801392631233,0.0170446410589,0.191096369363,0.000597229376435,0.97075404644,0.552238544822,0.698170807213,0.85739012152,0.0737683787034,0.240161848541,1.12429757814,0.387565589845,1.076160772,1.89829258103,0.238356166999,0.00208731979132,0.00765290033072,0.317944553867,1.04007727847,0.500821167119,0.95623605758,0.0448754329979,0.686745267212,0.220753033683,6.57396291733,0.0538921123743,1.41903499454,0.326671397956,1.79460641243,1.87989759073,0.138120402377,3.67978697479,0.0259785918891,1.24517084409,0.0191807806492,0.334520077705,2.20955034938,0.192116151303,2.80028198242,0.0,0.113635454401,0.877319622338,1.54864207715,2.38454463616,0.00467713579535,0.0,0.0378834587382,0.0659826588631,4.86168209147,0.0574811586645,0.0360104477406,3.47264033794,0.0733923888765,0.0230859971046,0.0780583046377,0.593521927446,0.0364336109161,4.38721236356,0.0201242408156,0.0144314311445,0.127118733749,0.624098992404,0.305514965504,0.467074046731,1.67396387853,0.639420661777,3.00928291321,0.432976038009,1.0994245463,0.04819865942,1.17139018327,0.0345268871356,1.56373657729,2.03356034279,0.607134084851,0.115369011592,0.0352390052751,0.870965536013,0.088565550819,0.134331711233,0.00521993868053,0.247091700435,0.216738956794,0.0948128502443,1.18942034716,1.19992718093,0.249364150763,0.429881727062,0.00742424309254,5.62080618858,0.427335364185,0.216303885728,0.403522254936,0.0311750290834,2.50945625946,0.176123619527,2.27791770667,0.380835426114,0.201743064839,0.355066505745,0.158234037831,0.344949806333,2.72498711765,0.0314389750361,1.21689897783,0.0348278522491,1.70226433903,0.0483178708702,1.21516023219,0.915897421837,1.52116600702,0.13063229911,0.488135178387,0.0,0.175542883761,0.0150601614267,0.530975409299,0.0333520840481,1.69048111171,0.24714616999,4.71291626573,0.292839271296,0.0186555082723,0.330755836964,0.0,0.0,0.327659741316,0.196863423586,0.15337684229,0.115125774294,0.158382315254,0.0,0.373918707967,0.0,0.118710416052,0.273460599184,1.3296833206,0.416380141042,0.0,1.27830782562,0.0127966168616,0.205324883349,1.1910043383
68,6.0267916441,5.11569387197,0.0342739465553,0.0146045646071,7.73191631317,0.0453134135157,0.00298436969519,0.265311558098,0.41086676605,0.687490626872,0.394498213585,0.0,1.28529660761,0.0128702828288,0.00954738613218,0.142765446075,5.14312390804,0.00278650875669,2.40916103542,0.110146640576,0.692529835105,0.0190341239236,0.176470892616,0.770345770419,0.0227172991633,0.00811949670315,0.665408313796,0.0269730496407,0.0345202209428,0.040582975205,1.84725152552,0.553778919876,1.03592255175,0.340422945283,0.933824375272,0.0,0.0111838510633,0.310633049719,0.0,1.36484395176,1.68154319346,0.00647855356336,0.0171817366034,0.00742633434944,0.0954305383563,0.0330267016497,3.53444430351,0.103212213144,1.93000472069,2.12758466959,0.00118264175951,1.82928456664,0.757453535497,0.258698167838,0.72687118724,0.0373926032335,6.00123468399,0.074320814237,0.91275950253,16.4460103989,0.81928642869,0.0637952326238,0.0225436537527,0.13790340919,9.39594954252e-05,0.966576893609,0.134776919987,0.0105949180666,0.0640844452381,0.994859793186,0.0732523491234,0.363047292186,0.0415348016098,1.32754217312,0.00483451019973,0.990998637918,0.00420177876949,0.771444458961,1.48333269119,0.394072308652,0.178694453873,0.0142227888107,0.960782551765,0.0568761563487,0.368074154481,2.71066519022,0.0979930625111,0.0694098575041,0.106512274705,1.75290165484,0.290459373742,1.15109112144,0.974117491841,0.0840527154505,10.4977202034,2.76701228142,0.108002216369,2.33009453058,0.0,0.137783342674,0.0189076323435,0.000393935628235,0.0648090096191,0.0952398595214,0.178168715984,0.0,4.63218204975,4.976620965,0.0370312919095,0.0,0.0,0.77242066294,0.4781962201,0.0,0.285920297522,0.402125602439,0.0,0.0076923161,1.0418184182,0.0317497689277,0.242201313004,8.95792152733e-06,1.07928756505,1.0358673726,0.0,5.77669521332,5.66283017159,1.43729233384,1.01931254685,0.094103647694,0.00156168144196,5.11913896561,0.00943338581827,0.00202219516039,0.484387484789,0.124387033284,1.40042360753,1.40435078263,1.2673866713,7.72336136818,1.63492055923,0.539483083189,0.0400539067388,0.024066542238,0.120269087851,0.170269296318,0.0460694260336,0.0253065700084,1.79591861218,4.44220652103,0.00498295130208,0.00241867378354,0.0335256217886,0.774330460727,0.360733079761,2.47615564585,0.0333976015821,0.0,0.0118771095574,0.0647810856998,0.954979430735,1.63969265342,0.0882075950131,2.27217662096,0.0738515967503,0.393141687252,0.0656974380277,0.233157289755,0.419196063578,0.0,0.618295188844,0.122156081423,0.236649105593,0.0,2.46749854445,0.0301609928906,0.800182127059,0.250508612767,1.29808993101,1.71731521845,1.04184151053,0.105572737977,1.02243861817,0.32006291613,0.0287064172328,0.110539623797,2.16144618927,0.825406553075,0.157118886448,0.0615489177406,0.0314103316283,2.13037697315,1.12972924799,1.9908296895,0.020148846209,0.540510381237,0.391244269256,5.61203351021,1.02351814121,1.16350406408,0.00134926498402,1.08714032486,0.00303659245372,0.50446717605,3.16959596157,0.044192582462,0.0146050411649,4.13038913727,0.511810662597,0.259180665496,0.366699699312,0.040443434082,14.1251794052,2.45451440573,8.53510223389,1.1643936336,0.00195305917412,0.0208601055015,0.00477242564783,4.88416379452,4.69098752365e-05,0.965662409151,0.0595785985515,0.342184910285,0.106491032708,0.563955231309,5.01525133133,0.00266842658399,0.181583455205,0.527654198408,0.0715221744124,0.00282465070486,10.8609581757,0.191789951697,0.274412725568,0.0,0.0570204026625,1.56139896989,6.50211870193,0.000369813106954,0.074768084914,0.000742684602737,3.26139477253,0.00106173336506,0.0781121441349,0.0434426665306,0.49890460223,0.10138045907,1.86326175928,3.92013980031,0.163620477887,0.926195784211,0.602034992615,1.45646929204,0.907121386304,0.0211208338663,0.966281012669,0.492615046352,0.0334953717142,0.47877078414,0.542911203504,3.47147777557,0.445576691031,0.00601181715727,1.0436044392,0.402293349504,0.00470940172672,0.0012897705473,1.03670913965,0.182613638602,1.40662653506,10.8492808342,0.0647324374318,0.0229358478636,0.0774072358012,0.0890491500869,0.204412614405,0.00220179840922,0.056200382635,0.791005776078,2.73181017637,2.68695227623,2.5932430172,0.227253242391,1.08901593294,0.128321719784,0.462667345107,0.0,1.15757153869,0.0581061148643,1.33774910465,1.85363065243,2.04515657395,0.12729690196,13.0002352905,0.0,1.6230474329,2.3040276289,7.12684167385,5.78767130375,1.39166287422,0.0228902389854,0.285277768895,1.39479926705,0.0,0.344911863869,1.0746455726,3.56815553665,0.70244135052,0.729034774005,9.933951931,0.357038870454,0.0507398606837,0.877462964058,0.0365337333083,0.213362778872,0.827247487903,0.226530770175,1.04841772355,0.0384088663012,0.883980673067,1.1860392122,0.0220272672176,1.52064201951,1.65753736913,0.114834911078,0.120627691969,0.00142671003938,2.5710551095,0.0165182874724,0.0298482486233,0.0555259383842,0.500055342987,0.460010783561,0.00253573485883,0.170134294713,0.00488441437483,0.577390771508,3.53174180508,0.072522559627,5.27200532436,0.222703960426,0.413254608214,0.992242851257,0.0575314401812,0.461365440339,0.00765880320221,2.73887630463,0.0179180112481,0.254966569468,0.0,0.221094410308,1.01684362561,0.23683192879,1.51876103858,0.0479261152563,0.109315861389,0.0370806835592,0.260130740341,0.0140001076087,5.89903258324,0.139355867095,0.0,0.0011400847882,0.30656370651,0.201799648479,0.00220272411592,0.0408309567487,0.113260555938,0.0326840490103,0.106357783754,0.0274413578585,0.113137755543,0.0,0.223115447946,1.09132965922,0.141638680077,0.0917646960821,0.0691865057498,1.03140247524,0.711974371672,0.899167148247,0.00190656200051,0.416138986293,0.0791940779239,0.777915907055,0.00454059362411,2.17811503172,0.00886809587479,0.0267501990497,0.366357616857,1.83030037165,0.0,0.0532496574521,1.3981829831,1.52586718054,0.0783260384202,0.00278232615441,1.3331031239,4.28629355431,0.0539617373049,0.000623331256211,0.0,0.938443314843,1.39076989651,1.12161080258,4.66643007278,0.318715233561,2.55001053721,0.374375279397,0.468562475368,1.71743769288,0.0,0.00342969328165,0.0191747502238,0.00128727346659,1.06243822083,0.0657948476914,0.884370081648,0.0322791968659,1.88074230328,0.0426326526329,0.508489324488,0.000379349440336,4.96039065361,0.0110489547253,0.00120722673833,0.0664571607113,2.3297874862,0.00101704735309,0.648818568755,1.97859606504,0.0613165357709,0.154359996561,0.0,0.444770868272,0.0520457942784,0.0576451045647,7.17593355179,0.201495850626,0.291447021961,0.00093005746603,0.136529056244,0.217702048197,1.16463539263,0.00513973668218,0.0993709052168,0.0113614711538,0.0278693955019,0.0943695226312,0.043051294405,0.00565141648054,0.346339001097,1.40225316569,0.0444847620372,0.460113525838,0.0760228537582,0.030152566731,0.00141432251781,0.73066514194,0.185394508205,0.021450685896,0.156217172183,0.0208719748259,1.60924348354,0.0685722977575,1.48498017281,0.0484314759145,0.0908716754522,1.20622890875,0.223532147259,0.489511459414,0.0,0.115148063209,0.00101975031197,0.0286929750862,0.00938292294741,0.0158686302928,0.0,0.0,1.08545452192,1.34418083563,0.901884794632,0.138513202444,3.13829567075,0.12050682757,2.65715395689,0.0,0.0357023834903,0.00698377817869,0.00200096234679,1.74465566337,0.00164488270879,0.340805016309,1.68169442058,0.206510256799,1.09463056058,0.16847221531,0.164484043904,0.123871227931,0.0369519983232,1.87072333097,0.245795096457,7.78808716774,0.874558157921,0.0914264812134,0.199544698149,6.16301079288,0.427555714287,0.562950147726,0.220858821059,4.88784205675,0.000288520921022,0.0,0.145299676135,0.719302332327,0.895970616341,0.318000080455,0.421492226571,0.0216509389877,0.54799964021,0.000970797017217,0.0132201579958,0.994957702756,0.265333063602,0.0,0.0087431333214,0.000676648467779,0.00293712165207,0.25796883069,0.0,0.18074440334,0.117622906864,0.0343646220863,0.0264608399943,2.00594179034,0.0211759775877,0.899072312787,0.0778739073686,0.0139948793966,0.159392872248,0.410722463094,0.305966163427,0.905766122639,0.471673837062,1.74392650127,7.18862355173,0.0,0.0122636022815,0.00644075572491,1.21491830081,0.399459226381,0.185762726218,0.547373225316,1.10811662566,0.00363233923912,0.0159670174122,0.0315663601365,2.85731071856,0.260502197221,0.227130829995,0.00894517548382,1.47113517284,0.0507573157921,1.9364913635,0.782665724605,0.0270278827869,0.0922324776277,0.00908663328737,0.56837460041,0.00295767299831,2.20710019261,0.0137374720722,0.365357457697,1.63349717617,2.45579297781,0.000976304784417,0.503066699728,0.0704737353598,0.0164859060757,0.00267874419689,0.609650865272,0.115126277616,0.35299248755,0.0133564453013,0.231390886977,0.218373338953,1.56260183558,0.810527775511,0.586373140067,1.73879248798,0.0,0.117542753145,0.0,0.0156554396451,1.9219397521,0.0181312095746,0.0543512843084,0.0,0.00942894458771,1.4442455554,3.89840319157,14.0926747704,5.62238380432,0.0988633571565,0.431278342912,0.0,0.0191974280775,0.0770112788863,0.660777749643,0.106879976075,0.129736712053,0.0610026736371,0.00766282681376,1.36110690676,0.0469890157692,0.0,0.0362864443474,0.0,0.44764427915,0.0672718302161,0.348031546995,1.56793217719,0.00326865032315,0.102230128497,0.75172684662,0.946481876746,0.142699729204,2.41347428322,0.527386668175,0.232549222447,0.225847518016,0.0157286934834,0.0553408614511,3.03886769772,0.000573602616787,0.00909713385627,0.226867258884,0.0238615813106,5.27162822604,0.299193946309,2.13193776131,0.0277740664035,0.165519123711,0.0351393712312,0.305456191897,0.00610061407089,0.583856916204,1.7898110114,1.92664903983,0.00763578221202,0.0,0.0,0.00696860194206,0.177892636284,0.0181646031141,0.339072303921,0.352001701631,0.0660275064316,0.0,0.866066211462,1.35102943942,0.00097897335887,0.0100524050137,0.00657558679581,1.94198213339,1.14124039881,0.149969805907,0.00255940914154,1.65570860505,2.61588380098,0.0605986311287,1.87807024002,0.300632991046,0.146510386914,0.00225325882435,1.08561259329,2.82442914546,0.171902751774,0.0,2.32547178864,0.0,0.003589813211,0.00116330944002,0.0399322839454,0.140231457874,0.720145160016,0.00231202967465,0.007748028934,0.0287027573865,0.317621333264,0.0,0.0131316788169,0.000431749559939,0.0738148298487,0.0145414970815,2.06714984953,0.0537556489091,0.668610914741,0.0368841327727,1.76949354887,2.6383350414,7.59330399513,0.000487910471857,1.81980656922,0.265344627297,0.00348635663278,1.48048457772,0.198287365218,0.374562895112,0.0427179974737,1.72170764267,0.0229803412035,0.0192858111765,0.084727657605,2.97661787271,0.0570373640396,0.121237739613,0.00297239441425,0.0549223911762,0.189712258894,0.0292464993149,2.22504439712,1.06410566971,3.03341038465,0.0813348778244,0.00343774057925,0.350037580486,4.50948267937,0.930690193344,0.0,1.36138914466,0.0,0.0331251793448,0.0114685437456,0.00578392585274,0.499694308266,0.151587085146,0.00576290994883,4.71323620319,1.41413849279,0.683154569864,4.19376238108,1.48584337495,1.2069222033,0.0132110143732,0.0123945866898,0.240777793245,4.40673956871,2.88386336565,2.64375412539,6.27483269691,8.55917277336,3.41113165379,0.0136102349311,2.45549832404,0.0274736830592,1.8318519865,0.705856582858,0.048283484187,0.020923050344,0.0168935150281,1.3149211508,0.00387281805277,0.83870007284,0.0,0.0214501111209,0.0635034582356,0.999125968516,0.0157625070401,0.00101761370897,0.472627693435,0.0564514193684,3.32884135723,0.00734491694719,0.874670851491,0.242671514675,0.00622164487839,1.26999280512,0.488838582039,0.0,0.609116826802,2.78343765736,0.0969344521733,0.0026118997857,0.467258412763,3.38552889228,0.105542701725,0.0583205828071,0.0,0.0247459468804,0.587641345938,1.32187321372,1.19265396625,0.119257548545,0.0310302180424,0.0268313900847,0.706147991419,0.121257556381,0.580334407128,1.8654779315,0.0452088245749,0.0410869123042,0.973313866258,2.88084225416,0.000683257840574,0.474504158571,2.79609552383,0.498180290345,0.0559467757004,0.00107219092082,0.599017174654,0.476699185856,0.292137126178,0.184101553038,0.195737014692,0.115040068445,0.800219371915,1.0599578774,1.97940855384,0.0922995274328,0.0163882408757,0.0577642791718,0.112089828029,0.090966719985,0.24099616494,0.0908892256394,0.00126539189368,1.90673834801,1.23561026871,0.479664699119,0.00105122197419,0.048482691478,0.0957878861576,0.0456315015163,1.91418247879,0.0125550241803,3.65952293277,0.0240565599501,0.75409360379,0.4559108283,3.50290256821,0.0442092023976,0.409772291444,0.0337099446356,0.108477567956,0.424737830311,0.156707100514,0.514863879466,0.00544252380729,0.0,0.00133741553873,2.31967190966,0.0,1.68009642884,1.1619957009,2.73825304747,0.000117917647585,0.017430318445,0.323871013559,0.0553903339803,0.0743874211842,0.00756641626358,0.00597772609442,0.0548976944573,0.389450284317,0.0443572003394,0.045224451003,0.00304576963186,0.0725028423406,0.00728144222288,0.149887481532,0.0238077468434,0.425427146209,5.6075198555,0.0049836231349,0.0,0.123194210073,0.585389153808,0.326350722462,2.14057356954,1.4927311926,0.425431392379,0.00089672411792,0.000581404416007,5.6650718379,0.48255674744,0.0216850140318,0.0208653391898,2.4648395586,1.27413643181,0.250654564351,1.25636959404,5.63128402174,6.21860191345,0.123656384321,0.000357796400785,0.0,0.00325024813414,0.0190966917947,0.0,4.04228060171,0.0,0.183318562582,0.0031910841167,10.1935103655,0.0363821325824,0.444492152482,0.652364019006,1.97351276934,2.28825961828,0.0478152995184,3.66069051397,0.0,0.0,0.0,0.0329788871855,6.55993245125,0.0,0.232570676543,0.0,0.294501126036,1.11405052364,1.74129733145,1.08923981134,0.112935276218,0.0,0.000183825194836,0.0,3.02016241133,0.00201489269733,0.0740381651372,4.22552492559,0.0356462934706,0.0,0.684076141482,0.146368173435,0.0260256361961,8.85349654198,0.0615950002894,0.0,0.0,0.0222437177226,1.03886986226,0.837279885113,5.42311621189,0.901248177662,3.74100069523,0.0,0.441300560776,0.0,0.610823518028,0.0,1.85857212543,1.06520077854,0.426479594931,0.0,0.0308178152144,4.0520637846,0.152537007853,0.00742469191551,0.0363301390409,0.0175966318697,1.0818043071,2.76835575789,0.540254563052,0.225684909821,0.0,0.252191985324,0.0,7.34169598103,0.00370199703611,0.0565982410312,0.00532777369022,1.55205151275,4.25386105374,0.0051124560833,5.62440328598,1.33467462957,0.00159279689193,0.0324959103763,0.115304605886,0.00533163309097,11.6578784752,0.0,2.37883448958,0.0,3.00975833595,0.0444716753811,2.30918219566,0.0562290053815,5.12068220377,0.0449241788685,0.0100592952408,0.0,0.231259172522,0.0,0.0,0.0,0.466193627194,0.59464125663,7.94167087555,0.0331678470969,0.574925786695,0.0,0.0,0.000898525118828,0.121084880829,0.0324339580536,0.0,0.0,0.0490421963669,0.0,0.61210248366,0.0,0.00089265588671,0.0,1.92352342546,0.0149715251103,0.0,0.0869932003319,0.00106718882918,0.293157686293,2.47137054682
69,3.44314148575,2.89707879663,0.181320034638,0.0151809846982,6.18658957958,0.0363759816065,0.110880715847,0.131313138306,0.523088154681,0.370854264051,0.493733385131,0.00628595247865,0.86901611805,0.00662478864193,0.192148780897,0.48542417299,2.71936403275,0.0415574207902,0.762208765624,0.0506255822955,0.869637314677,0.0983056223392,0.641984644085,0.344079230726,0.0326311170822,0.0263557608426,0.62497069004,0.151546865702,0.072792513743,0.0184389407746,2.19169473052,0.620233142972,0.624546860326,0.202226834074,0.660712288395,0.00322620242834,0.0526141684502,0.172517669456,0.0824997970462,1.25449368477,1.19607521147,0.0114093684033,0.0634847742319,0.0618412482738,0.125485006124,0.0581962527521,3.13437105238,0.275142584369,0.864894906878,1.36665001988,0.0108401638456,1.08444337189,1.19697700202,0.118673367202,0.662143900692,0.188191396594,4.82491219521,0.091409573555,1.58894621968,10.1886124039,0.923958593607,0.064505870156,0.0334328420833,0.479445212185,0.0223918826133,1.22033819683,0.269681390207,0.0251430970058,0.312072296357,1.29416502908,0.189685857892,0.191201393902,0.113875985127,0.944779854715,0.00407431483269,1.26192218661,0.0,1.08516466517,0.80851817511,0.199770763069,0.22034581624,0.0165560935438,0.66308471024,0.0150790231652,0.436827917993,1.97708720714,0.13412569575,0.083073168695,0.0306900042947,0.77547902137,0.238752595391,0.462656088211,0.639920671396,0.0403581756778,6.89558139801,2.46917777061,0.154198294133,1.46706004441,0.0,0.189263046384,0.0686684759241,0.0358098162711,0.222523303051,0.110557290167,0.340905903801,0.0,2.48133583337,2.24880748153,0.0418715066463,0.0126367528737,0.000577464215457,1.7133458665,0.306480855867,0.00808199360967,0.239794360846,0.627758883387,0.0,0.0389409521967,0.655928662736,0.0982821497321,0.206252178065,0.00734592888504,0.90365840435,0.919281366169,0.00124916233122,3.80975003958,3.50434404552,1.0994623208,0.763965553194,0.148950143456,0.178700700328,3.6649956131,0.0570002892986,0.0265711382404,0.361136706918,0.32106829524,1.36879161306,0.817655966543,1.21982980847,4.16852535337,1.2258515358,1.22378404737,0.197359449193,0.0613774721138,0.112020217329,0.0965812918171,0.174695008546,0.0330783023965,1.07979328528,4.3220016861,0.0669171566516,0.00765070488676,0.010109991394,0.765845863782,0.376182463649,1.81893168926,0.148368013948,0.00414256006479,0.0241946278512,0.102378169931,1.00372771861,1.00905792795,0.244815247059,1.83445774242,0.135922190174,0.795386756957,0.190766015351,0.159961327761,0.167908294722,0.00384579360485,0.148045744859,0.0511339099705,0.235707307905,0.0262040947378,1.53303654045,0.144881277084,1.32170497477,0.22266916357,0.602023614347,1.11292122714,0.575798997283,0.0771229368262,1.1558023949,0.32438534081,0.0260971853882,0.176567915054,1.11320479751,0.581416908503,0.0528950965405,0.0773574479483,0.0903715340048,1.69200029969,0.789362487793,1.89905082196,0.0,0.366052850671,1.0757565099,4.85202804565,0.645435341746,0.579198929779,0.00372974231839,1.01797436796,0.00383845157921,0.570516918376,2.08728309624,0.0441771906614,0.0210816437006,3.13758482933,0.461902495772,0.542950518951,0.926985576265,0.0342027138174,9.61343365669,1.42487104449,6.2070820713,0.921377234459,0.0303558786586,0.157950846404,0.0194361111615,3.05048703134,0.0790514203534,0.839889982641,0.223884333372,0.212155052423,0.34043144539,0.945214034319,2.92734768242,0.0119318950176,0.247956326976,0.905650019199,0.615699996054,0.015778903272,5.8722390461,0.07156400298,0.0616380177066,0.0096868789196,0.119333225228,1.27561009944,3.25903230667,0.0119628766552,0.138891779929,0.00395089328289,1.38761573076,0.0747775506508,0.0716088018566,0.0544065614371,0.761989824474,0.130636143237,0.789271392971,3.25572210968,0.117620929303,0.906379255652,0.697053335458,1.09755218429,1.3919744508,0.0308786088973,0.985370315462,0.329069844671,0.0407512190193,0.386844916493,0.797039328814,2.39202744246,0.502304685786,0.026600664854,0.873463376593,0.468214322031,0.0172596722096,0.00359218716621,1.28755211055,0.340094660334,1.11191922389,8.57683425903,0.133962463066,0.0122850312386,0.0968053278327,0.11372147277,0.441661740392,0.00712519983295,0.154236943871,0.463474238217,1.71034145698,1.96529821754,1.43209918678,0.125147227421,1.02334157668,0.604323353544,0.773100437075,0.0,0.955890202671,0.0214038710296,1.05220983244,0.921311794519,1.03421530068,0.105209653433,7.47488288879,0.0,1.38876327991,1.28599716663,4.76920492172,3.40363088652,0.8646475178,0.0420637701452,0.255827927887,2.23005511761,0.000359500572085,0.280980046932,0.751263279915,2.83492319822,0.217669974416,0.651425414532,6.48399716377,0.259712011181,0.182050488219,0.970661174059,0.0588355738949,0.0738153189048,0.370230187923,0.345552621782,1.09327492207,0.10223119232,0.663666630536,1.37381078415,0.0349146333709,1.4178380549,2.05037472486,0.117947513089,0.0571045626333,0.00164628788829,1.30344451159,0.0795717613026,0.0930289679021,0.0636286846385,0.332239685655,0.682034332119,0.0298747040704,0.254446002245,0.0253945691511,0.45194120273,2.60047789782,0.0364206947386,3.51222029686,0.182752219439,0.795756429732,0.681953684129,0.176825229861,0.353577790409,0.0594885984063,2.12035946488,0.0269198514521,1.28558227807,0.0109138916433,0.323820249611,0.754417311884,0.533695958406,1.53575005293,0.181407083832,0.132546464354,0.0633502837643,0.634878162593,0.205640648897,3.21557498872,0.187464302555,0.00859678328037,0.0428779281676,0.792691335827,0.507387039242,0.0351396628469,0.0623870477825,0.068845585864,0.0582710628485,0.36516748704,0.115731452573,0.289786179923,0.0176924941875,0.333027090356,0.801966527067,0.438434824822,0.164375091568,0.0994104146038,1.19108979873,1.0759958683,0.533473909684,0.00106682777405,0.838827212602,0.0981036439817,0.599965558201,0.00791836560937,1.78332404912,0.027586902678,0.039775608331,0.661053260341,1.68793924063,0.0,0.197688157298,1.73617514014,1.32837219477,0.199945961647,0.0131956428243,0.913949798122,2.94380084515,0.156978681767,0.0411271172017,0.131859673709,0.465650746971,2.02865509033,0.354605264366,2.46066731572,0.518356736451,1.12505089998,0.293803177234,0.502451570928,0.49129695937,0.00639994159341,0.149035390168,0.119044947568,0.0184675964409,1.92288682252,0.146451841509,1.62554837465,0.0792995884269,1.20189619958,0.197230244905,0.461657892019,0.00194333933294,2.1244372645,0.0161808887124,0.0226150111761,0.188449433849,0.779120043293,0.0225310498662,0.374172384962,1.11356345259,0.0874545887485,0.383467984051,0.0,0.357951503862,0.000330287776887,0.025262571387,4.84697657108,0.603118290454,0.956168887746,0.0,0.12551663328,0.193875999162,0.827735738288,0.0969512812156,0.248163963147,0.0801040606224,0.150822204836,0.13972430408,0.109306063764,0.00269310370088,0.459872921109,1.13925384909,0.237382370792,0.532439709008,0.134156271871,0.137267430718,0.12665703441,1.1847828953,0.338835435659,0.0666767950729,0.403046170846,0.15226605799,1.42372374699,0.00948204338551,0.569324633032,0.0712277549691,0.18703909941,0.441718678027,0.422031621411,1.14829676479,0.0613693385245,0.183748333454,0.0484826995805,0.437777690906,0.0280282043666,0.121833179817,0.0121056392044,0.00218667477369,0.519672402292,1.15893253608,0.510080422275,0.134501945172,2.59113072589,0.171485829474,2.02932087988,0.033867717348,0.0226135497168,0.0249524486065,0.0138938713074,0.613303631246,0.10419337655,0.605149472131,0.928807071149,0.051334532313,0.544340946525,0.0712251102482,0.191402388662,0.171896597333,0.158073340452,1.2849985688,0.0675085813645,4.6183383888,0.524792254157,0.0827955169324,0.661776394509,1.0653988928,0.815502471663,0.960990446494,0.0704999385402,3.0940307951,0.0444158601761,0.0,0.234470303352,1.46831357807,0.758173097968,0.247710274681,0.497081189305,0.0,0.397048461474,0.00315004259348,0.0145158420503,0.729988018721,0.707029516101,0.0189696926624,0.00832276038826,0.0356747024879,0.00960632301867,0.0932945552468,0.0204060797393,0.149470660686,0.0583467844315,0.289041834828,0.310692485347,2.1108102902,0.0183346449025,0.509167315036,0.365690609841,0.115606663339,0.156592217311,0.345774739385,0.319007177502,2.88210311338,0.798104992211,0.937801398635,4.93031128094,0.0313574261963,0.138205439299,0.00807736560702,0.436702463096,0.188354927376,0.245462237559,0.128009063964,0.908163874,0.000243995245546,0.127560748234,0.279950203397,0.74494990766,0.220755992401,0.229067064505,0.0155105457548,1.648672297,0.300267848335,1.28307998333,0.40914454394,0.0617518543825,0.756239703894,0.056596160084,0.546331963539,0.00464809495956,1.28595070347,0.00823662244249,0.77925336197,1.35423529059,1.98800610244,0.00256520744413,0.0213969152421,0.380483299997,0.0526347061247,0.0370513490587,0.479560900452,0.081320840554,0.457582418174,0.233346128166,0.448301375024,0.437979824618,1.06431242079,0.706113653108,0.460275046267,0.700371205539,0.00661442202516,0.422796195699,0.00415342316031,0.0702243942069,1.29091962047,0.141848878525,0.113363966923,0.000705580008216,0.0137072551344,0.746108685709,3.62935128033,6.07179010868,2.81888589799,0.0720495724492,0.361718717068,0.000158368330449,0.41211271137,0.192641697377,1.63118470123,0.328495700434,0.0714604620636,0.14418832425,0.0282022050023,0.92237104871,0.368367753215,0.0314250649296,0.325701120807,0.0102900531888,1.43113793574,0.0289126105607,0.305575778838,1.03164194606,0.00394674733281,0.110350198857,1.14973260075,0.383926600516,0.227375682443,2.51164165631,0.686865107473,0.210722510889,0.508453507069,0.0853115560953,0.181493587382,2.19297433197,0.105171434917,0.00943985152524,0.820896274745,0.104920273419,1.21184841201,0.552526604198,1.59161498308,0.00184272646904,0.403290099755,0.109220864996,0.372692005332,0.0405420338362,0.451301131546,1.55361175776,0.830703145042,0.0303002376854,0.022737937877,0.0658367216587,0.0128451644987,0.33875627175,0.00271063670516,0.233887702911,0.249740583375,0.148718186021,0.0,0.562011893969,1.91424022555,0.0137516028248,0.0942646324635,0.101623202506,1.05439072907,0.695029319786,0.222688631341,0.0142948013917,1.02123491827,1.54029179096,0.175408550948,1.96143575177,0.168234453741,0.210123045556,0.0474796795473,1.24131702106,1.60605039358,0.316012911017,0.00178159732372,1.42769955039,0.0,0.0316317503853,0.0363885842497,0.0840610572696,0.027631045403,0.341319921277,0.0529166795593,0.13629186824,0.0299255921971,0.218983171806,0.0,0.0643011656369,0.0116330711171,0.0798928695731,0.0524844311923,2.04524915248,0.381932165362,0.623587965593,0.199647957366,2.00829016507,2.8554715398,3.56894016731,0.0090669080615,1.75452077001,0.109718987765,0.017162476806,0.879846120998,0.684799760515,0.100292379688,0.0326080986299,0.974372420236,0.0812465178967,0.105074544922,0.182576309443,2.79093733728,0.446302552819,0.159524027281,0.00310579181707,0.0724947546422,0.324166451227,0.03773445528,2.45878021911,0.95090453295,1.94745714329,0.288244316624,0.0157964279875,0.269028049931,3.36100883096,1.11081381708,0.0268014780898,1.0525368458,0.00565454686061,0.0820411958732,0.0762511059642,0.0507885356061,0.495693492084,0.329532396682,0.0211916381214,3.7315855968,0.672415151279,0.387316963659,3.29394757628,1.15075052306,1.18420628726,0.0558008441702,0.0668705734238,0.209009759361,3.4970060654,1.81170333937,1.80262742445,5.31554506183,7.39175189376,2.85345273495,0.0169486396294,1.31066203523,0.0247055907117,1.13638401292,1.77104218993,0.332736213095,0.118975067944,0.212844459824,1.10844879262,0.126389217973,1.20686249197,0.0,0.123493599696,0.0992817199603,0.834666221812,0.202241683593,0.000164398071356,0.213984073251,0.129693498251,1.37680097878,0.0275947174989,1.00456982888,0.154249209957,0.0715482474677,1.93760045499,0.875716524944,0.0410646115383,1.29460557833,2.16093545496,0.147537863241,0.0971051560133,0.399807225547,2.50430259064,0.262673160096,0.0495054315683,0.00508480846882,0.179830555543,0.788561376259,1.48765138336,0.776388508826,0.232648599762,0.0975533341616,0.242216084525,0.435094445497,0.117772798538,0.353335615331,2.03450411294,0.10823379375,0.0274677736685,0.53314770449,3.03908041954,0.0556618659943,0.389953693748,2.29241900146,0.557439630423,0.12332819487,0.00952297772048,0.653950311504,1.147552993,0.106062671114,0.0877001941018,0.142511883192,0.10238596417,1.04446399719,0.730458138734,1.3964150992,0.141088922275,0.0188926580176,0.036479321341,0.16064613197,0.0348802547157,0.16313586507,0.364061611183,0.0037585792318,2.10865324259,0.567156082224,0.564212418254,0.01867531294,0.220961471796,0.0390157477662,0.377161946408,1.64085338074,0.0292604678497,3.0950928599,0.0106999743544,0.427248884854,0.779430134892,3.64606429338,0.136058152393,0.200541080683,0.0550483165681,0.333418510184,0.73898033455,0.146221622229,0.32753465198,0.0803984057106,0.0605788998213,0.00911650005728,1.52193647508,0.0,2.34972713739,1.42410932716,1.51058183372,0.00015447772108,0.0277334037423,0.221071931082,0.0562546050735,0.0274788439646,0.00124019370414,0.0212384686992,0.237167811757,0.459974450453,0.0474311659858,0.0171390794963,0.0145637069643,0.0873774779215,0.0720917404816,0.187143344134,0.0455726377666,0.396352274753,4.29323697686,0.24397331642,0.0282648660103,0.0444668988883,0.298979950363,0.153091875948,1.20522411138,1.33554455414,0.276000822335,0.0424189783935,0.000222505647689,3.93684156299,0.596278772801,0.0548312474787,0.208703071345,1.87609213591,0.727352697551,0.733874206878,1.32432413287,4.77895498097,4.32460145712,0.418317470877,0.210969217271,0.0,0.0,0.124214277202,0.0149899101257,3.17332445204,0.0,0.267478684597,0.000289480630308,7.67777477264,0.0480414750054,0.969184101522,0.998659847938,1.56630572438,3.11826885819,0.148365532458,3.71249986768,0.0321385120973,0.154365651831,0.0,0.319072922766,3.72502905071,0.00723389744759,1.2867118901,0.0,0.631464276896,0.681559657604,2.22066805482,2.44413022034,0.243945536315,0.0,0.00219049803447,0.0,3.62824785709,0.0104684534669,0.0325065988302,2.94300439455,0.0763328815252,0.00523985028267,0.42562626306,0.476846033186,0.0435076883435,6.37740837097,0.308852072842,0.0,0.0419029564038,0.174736580888,0.792370517151,1.07376286507,3.5089584893,1.99255964637,4.9395002079,0.0278764230758,0.428292740693,0.0,0.623508168012,0.0,2.41953180708,1.71276131213,0.369447113061,0.00754346527159,0.289134047925,3.48953962564,0.00784334566444,0.0390323917568,0.298193503301,0.447631263789,0.636177555202,1.41205253914,0.623494008482,0.400271736756,0.00275247186422,0.576440259703,0.00393431961536,5.60770728156,0.0143837154284,0.447912943885,0.0138031557202,1.65906509325,4.04077286363,0.0535655426979,3.5012785691,0.8295267196,0.0730998859927,0.057647395432,1.18992127836,0.113154869336,5.85558460712,0.00119080603123,1.99416955531,0.0220393100381,3.75673900336,0.0322848804295,2.02645719528,0.175802465305,2.51399880923,0.43253974624,0.0733024010807,0.0,0.138189657899,0.0,0.14512148127,0.00301458824426,1.76870626912,1.20450889587,7.15140728951,0.0908782136068,0.533096401514,0.000246039405465,0.0,0.0200172960758,0.549166940451,0.0473679351807,0.00495145883411,0.0132468135655,0.3500184834,0.0,0.777451416403,0.001859902367,0.0390474835038,0.00239050850272,2.1849488458,0.34574546732,0.0,0.806220321655,0.012033777386,0.197407863983,2.64045717686
70,1.68506878614,2.51537399307,0.23522456646,0.240573065281,4.92750039101,0.03104494703,0.409763962664,0.0999074630439,0.376505454779,0.0410738525912,0.0499949963087,0.208299895227,0.213094823929,0.1254499505,1.83505239621,2.82351499557,0.806078727469,0.436804460287,0.960417644903,0.0539023847133,1.62632198423,0.10147873491,0.614776294529,0.272593816407,0.100615192121,0.0595925541222,0.175336388052,0.526905077994,0.0345397894271,0.109196358789,4.81446093559,0.438970026635,0.282226786427,0.0216603333876,0.125585376956,0.00366989471018,0.242719772384,0.48618732173,0.111940645874,0.654701314371,0.648166200919,0.0119908714294,0.0244677309692,0.136307313517,0.00791511992109,0.00180133000016,2.58314392865,0.860784444697,0.483775002267,0.882221373171,0.0573303879797,0.504918020852,1.34246959332,0.0359439647198,0.383218589984,0.0482520507649,3.17734734416,0.145904844254,1.9643082796,3.83453473266,0.653287140876,0.0231352332234,0.0231707124319,0.59555347234,0.307873915751,1.40643112183,0.189133998789,0.0266540099448,0.550343703702,2.21083034545,0.0977776135667,0.243222326972,0.0381446071883,0.529208238833,0.0371710442007,0.918206282109,0.00751291334629,0.415543869287,0.0655947101116,0.0717022552341,0.073613794744,0.106125515103,0.0137020692229,0.118947055712,0.495442939252,0.116347622946,0.475020268559,0.118225610564,0.0356858462095,0.780226189941,0.0520226957649,0.220031223404,0.381394096613,0.154674421325,3.5964440006,0.642953694388,0.0608619184047,0.436979081025,0.00514462612569,0.156537569463,0.159061217755,0.180577445403,0.0940681210347,0.22274886556,0.297188730408,0.0,0.287873136103,1.86973657038,0.172587805241,0.046644733781,0.00328919649124,2.69901775718,0.0903741853312,0.00306334555149,0.16424366422,0.33117611954,0.000317335315049,0.0102542809397,0.967051452398,0.0541642683744,0.0915310775861,0.266126904748,1.41264024147,0.127976227645,0.00607459746301,1.57602855861,2.29768854082,1.66628065228,3.3440255487,0.104419313949,0.29042346213,2.70683931828,0.180501423776,0.174354619179,0.703246819377,1.09720190873,0.376563227028,0.385684082881,2.25837448835,3.41797805667,1.98273510277,3.41462567568,0.0976708011702,0.0948271939158,0.17866905503,0.109915668755,0.086823104322,0.07375147596,0.180206427947,4.66607666016,0.268061859014,0.100114162117,0.000162233617157,0.864113871828,0.0345064771548,1.65689590931,0.153619387567,0.0,0.0377510601841,0.00287427787203,1.00554390872,1.0710711088,0.262107860856,0.863663408756,0.140377257019,0.945536310598,0.294843598604,0.3294702214,0.0579576952383,0.103521402031,0.101244373433,0.103669402762,0.0646031240746,0.00858361825347,1.25458259858,0.641604816914,3.3641564393,0.13109932594,0.4390952833,0.205992676746,1.09653766587,0.152436474934,1.20669172168,0.205745050609,0.00570841297507,0.164999129847,1.13900813475,0.04287802279,0.248135640919,0.162020734623,0.0422777289152,0.285879107118,0.220744873881,1.01580560736,0.0272763935104,0.329165612161,2.98008784533,5.71627157211,0.46332156077,0.364224320017,0.0676831129193,1.49387850478,0.00434807598591,0.270386253893,1.3251694656,0.124183771852,0.105467451364,4.10924784064,0.0998684823513,0.541686352491,0.551388551891,0.139803710133,3.07701719105,0.11436400637,3.30923057973,1.63709280401,0.0360697735474,0.832757212669,0.00929734453559,1.50178881377,0.498099409631,0.237420664132,0.415424801558,0.488409938514,0.557737389803,3.39382367373,0.989735144079,0.168078693524,1.19138010293,3.10012476921,1.07934969358,0.110095150508,2.61589470506,0.0,0.215317848921,0.0440928288084,0.170093891281,0.395352317095,1.89773551241,0.210659128167,0.0575873029605,0.00652866840363,0.70793543011,0.759716604427,0.237236848883,0.0450761248916,0.260513456129,0.201479162429,0.474784483872,1.207776853,0.183825035397,0.791349655408,1.00126383245,0.715721752048,1.60191884249,0.0431143261492,0.320446270779,0.126638453649,0.0406981194112,0.607596202344,2.0238286978,1.3914520821,0.130460934341,0.0301336044818,0.312421490252,0.586160639618,0.0916848883033,0.0067235968262,0.637814697027,0.278366652057,0.874051541239,4.99186706185,1.59798897624,0.0208051981032,0.0478202594072,0.0394644224644,0.623687733687,0.0131614372134,0.747819624268,0.128090219796,0.461815066934,1.0897789973,0.77255835074,0.144020059556,0.668881224778,2.36655693918,0.267380025927,0.0,1.29239356793,0.0469998320937,0.39949357233,0.489373133928,0.574994322658,0.0864349839091,3.36130439177,0.00279473822564,1.27083055593,0.126173226684,3.45754648596,1.85040571675,0.821258170307,0.00111090563238,0.40195179645,3.15423970461,0.00537883594632,0.113768876004,0.12872232385,1.27598638013,0.0308879012614,0.141394514516,4.56279441357,0.120464799702,0.426685256213,0.715854697227,0.387381617129,0.249077891409,0.125730086192,0.0996726139076,0.511018383726,0.457851417288,0.42166286096,0.514077085257,0.128318477608,1.49989159375,1.11248634934,0.836278874576,0.0324723470211,0.016185580343,0.382405775189,0.178944722265,1.06797873735,0.0859803656489,0.468383879662,0.285512789115,0.167294541048,0.613887076117,0.0403988210112,0.0891637789132,2.33652726173,0.031955155246,2.19646142483,0.0466213294864,1.39235274822,0.554464738369,0.160991904549,0.757814775594,0.0710777836666,1.09588732107,0.0,2.98081783533,0.096599833332,0.0467942780163,0.843040046981,0.108995195264,0.326020439505,0.981850213632,0.150813646966,0.127546333652,0.205680089593,0.35752583839,2.65603153173,0.252505697794,0.374332474172,0.201625184407,2.21953264534,0.448659715876,0.127300618307,0.153718437757,0.268942220248,0.0602319403191,0.0824526647292,0.138999663182,0.680982223041,0.0946502023935,0.165864171432,2.22090889476,0.53910734527,0.105064210379,0.73853797771,1.97079504073,1.448981797,0.801286352798,0.0270120275579,1.70948524952,0.0403931236267,0.224866079674,0.0339095984865,0.973936210275,0.170539393015,0.104695624169,0.256980710132,1.57012220833,0.0134087912738,0.915575952157,1.66601515219,0.934610628095,0.245507660285,0.0256984102633,1.35134032678,2.68267276764,0.133334558047,0.00548980712891,0.0557886922243,0.479982006717,1.35125797242,0.565363337919,1.1078099999,0.158946849165,1.58937631529,0.227832967546,0.327233819887,0.396093344502,0.115605579913,0.0657200180739,0.221931348443,0.0565295469676,1.36721192479,0.0623010274861,2.89903147459,0.324786445498,1.32512481198,0.0282315110508,0.384077428728,0.085865681991,1.63590446264,0.156079306304,0.0517452497431,0.0777607418597,1.00857384861,0.0580248951912,0.238777963631,0.59477422582,0.189091277756,1.16870855644,0.0109489762783,0.500599406846,0.0136554746516,0.199322556108,3.093940323,0.482229212224,1.39530440592,0.00712603077292,0.285820463896,0.284660495911,0.106720909821,0.129809016921,0.112990644537,0.192554182373,0.206778272241,0.250636487333,0.113670866191,0.00657969627529,0.479731779955,1.74585976124,0.839491050877,0.021751110293,0.0646413285471,0.131652512243,0.067276524636,0.409332288504,0.315265860856,0.0475537265465,2.1510953331,0.0310507995635,0.34644838281,0.0226619545696,0.945963434689,0.383379718475,0.329348571636,0.21181816468,0.253521661609,0.161172377765,0.0423567007482,0.0312454238161,0.502016750686,1.02975199744,0.156198815852,0.0851166487171,0.0168556728214,0.00935994081199,0.214693337381,1.36895719508,0.773013965916,0.126449022712,0.68545202896,0.53545215562,0.841425193138,0.118873976283,0.306631584913,0.0386493805051,0.00152349367738,0.765576317459,0.0658093321323,1.15330013175,0.949329818562,0.466178299505,0.163086948022,0.48153272748,0.476534962505,0.18344079135,0.0970141987503,0.752018897682,0.542174215987,2.30512265876,0.841644531339,0.0681521663442,0.387220939845,1.25445355386,0.463309196495,0.504343425333,0.196248870602,2.28878843248,0.6655293037,0.0530698001385,0.182254250869,0.127168786488,0.572006416172,0.356561655812,0.743842348196,0.0106633317843,0.345846788138,0.00770861936733,0.137637870573,0.711143499017,0.0924747037888,0.0786479329853,0.0145759839006,0.605177350454,0.38172120139,0.00223130751401,0.229071444124,0.335352839998,0.0221621990576,0.185633157492,0.00411558292806,0.352587906905,0.0910787653923,1.1726807397,0.00720217438415,0.107124717254,0.285089139342,0.178925084695,0.734468468856,3.52744250298,0.290769403316,0.410364413559,3.95531632006,0.0848471546918,0.273710485157,0.0265665401518,0.564929253459,0.409367483519,0.0769020147994,0.260771779763,0.343116574138,0.0288942191005,0.176758782119,1.68085332662,0.581571429819,0.0987704339479,0.23950415045,0.0318957392499,2.0212423718,0.150747148442,0.549079769123,0.724752232619,0.230833222326,0.281251059715,0.536653540879,0.0676021521166,0.0598728058673,1.08780881293,0.0739827324077,0.662620644346,0.777316943631,1.31876875281,0.00721242040396,0.231754983068,0.56087548295,0.722000467298,0.00556453578174,0.272594645321,0.128207103163,0.1136945289,0.0308196956664,0.509771750078,0.971380694406,0.742062767628,0.380691767242,0.241470234673,0.729367408156,0.0706224788053,0.183722811355,0.346537656486,0.0899311472662,1.00878605068,0.0619447528571,0.237773623881,0.310166664701,0.39360720098,0.750965972319,1.71892140783,2.91706526861,2.15090218663,0.444568639621,0.538278882205,0.0120956466347,0.414854673445,0.0255613403302,0.358617186891,0.024425413236,0.0611257654428,0.104135969914,0.317004181668,0.825133043677,0.148266255623,0.251103381882,0.775640938133,0.0,0.705062468909,0.0996021102741,0.568391045444,1.30760182835,0.0834188852087,0.230726207644,1.9831911096,0.241477836296,0.177813149802,1.18147586256,0.0617478075251,0.197016289905,0.138290614914,0.223120272607,0.259723258987,1.93108396545,1.29530271366,0.0872929381765,1.93974511556,0.337003807041,1.57126884203,0.446247692108,1.417501176,0.0163200166449,0.176094469316,0.158552878285,0.203093560636,0.436577471234,1.20224803835,0.571912366152,0.811883183941,0.5941651012,0.0770352304447,0.252719813958,0.113026480582,0.253988161385,0.0564125657082,0.0296130719781,0.383084158301,0.219228988118,0.0,0.327323815972,2.44958909571,0.151511689704,0.143641583864,0.186036092769,0.706010995071,1.60764588058,0.0521736711264,0.533698106706,0.253472879156,1.41360125154,0.161805810947,1.10701081453,0.022308095172,0.293823800534,0.025060098581,1.05489899546,0.418688438348,0.94802324824,0.128025115386,0.377088550478,0.00162872433662,0.409117268615,0.177328510443,0.148853053711,0.028349130163,0.150219920285,0.666726275515,0.789392743744,0.180640502945,0.461173781087,0.0,0.210136210471,0.2394573073,0.145126501974,0.100534511358,0.334659482274,0.144647222506,0.386389780585,0.450395929031,0.806230217144,0.626844266281,0.522775833532,0.174032081105,1.24052862421,0.0119680222496,0.0898723664507,0.116659951843,0.106988100626,0.082153516229,0.014413243439,0.698639333695,0.280924297273,0.852834903883,0.405985847684,1.58592506588,0.178357501887,1.06168471684,0.00788200593088,0.725520159858,0.283246207237,0.0959516230226,1.99739375144,0.401314259619,1.11650458336,0.664163078554,0.0812947370671,0.061524270121,1.12924417337,0.201293415525,0.143097485714,0.349588628858,0.0522898717597,0.164087996118,0.0692835366447,0.0337698824331,0.224452205431,0.567555653304,0.0357788467407,0.509238840658,0.171344794058,0.533129512216,1.41251332715,0.273410172164,0.274986977172,0.0901427997276,0.596988370105,0.257232002097,0.386604598872,0.491651307642,0.197992124599,1.39388729066,2.12732679725,0.62218297251,0.0214338998497,0.288178133518,0.0704718456627,0.518301553158,1.79690147672,2.23830402262,1.27645341963,0.114765093867,0.337177472087,0.314308151007,0.327512833197,0.0,0.0669357849658,0.0526987567544,0.369660628028,0.0391845178884,0.13755353827,0.098738049455,0.549038781635,0.0784746662527,0.197066673823,0.575024623126,0.146166635726,0.649167030454,0.668985467237,0.14558533143,0.156487990096,0.118096697433,0.607873010635,0.193746111915,0.6042143331,0.255067705177,0.24090430975,0.188256619573,0.251625760794,0.0581759637967,0.506870548064,0.0387398938742,0.111311687697,0.096212006759,0.0843539093807,0.122612825334,0.747204426797,0.39997755006,0.159163495079,0.296561161429,0.328874945175,0.19862848103,0.0135383538902,0.535397533886,0.636646226719,0.382791808397,0.180425592288,1.38758431345,0.597679407671,0.27020388104,0.156666948255,0.172882665298,0.804182592211,0.111197913513,0.0155323148519,0.0706241630559,0.00266511690803,0.602178439908,0.21517804293,0.103449053466,0.0764070837339,0.0507132245973,0.0743430766324,0.234873043324,0.0293998794071,0.0418655793043,0.426283072606,0.0493444103235,0.543221897315,0.221714180522,0.175631144885,0.876061404198,0.321521814838,0.433338140294,0.623805152811,0.211211822554,0.55603478238,0.33002047807,0.0562504782784,0.103243418084,1.1433998161,1.12255835664,0.122845990434,0.0108086697757,0.0491591851041,0.158116345843,0.379648193206,0.303770751357,0.0189871682785,0.0559277858958,0.529488723665,0.0169377471623,0.331070799232,0.0172801456507,1.33743030029,0.302231597314,0.222270968147,0.134342241213,0.11194326967,0.0984526058286,0.222479308333,0.0848126070388,0.0246565108001,0.0631398499571,0.308700411853,0.479651924074,0.00385328834876,0.286845741337,0.0614288726449,0.179334957823,0.0387623266876,0.139596999758,0.0948602123652,0.13330778514,0.94018485317,0.155161582008,0.0122756177001,0.0485004874319,0.213697209395,0.0813441676646,0.597301259264,0.193705031462,0.0398799879849,0.101732372418,0.00557089320631,0.615229940284,0.190954392739,0.418191243559,0.600691108508,0.0567354754731,0.363793504685,0.661948823482,0.0802936700406,0.536777926236,1.20698012488,0.197680239771,0.0,0.102543753684,0.464346800111,1.31657465793,1.02372742355,2.09502443844,0.0490989692509,0.92299281776,0.138596145883,5.3165478909,0.00592110227793,0.435851840079,0.387391450554,1.23724942423,1.16290948063,0.0530948634003,2.94351146102,0.0590406945348,1.28736635491,0.0212259237096,0.491434617564,1.83224348247,0.456499364246,2.40922852635,0.0613492414355,0.120505103096,0.169985735714,1.03167658329,2.7735267067,0.0496249742806,0.0267646937072,0.154370541461,0.0935309609771,3.78928215567,0.0536992087215,0.0372428113222,3.83734037802,0.223932999969,0.00522746555507,0.42343094945,0.537238084525,0.0397647105157,3.69927472442,0.0480924335867,0.00155134081841,0.309634598438,0.860167959332,0.0742038549483,0.215222733989,0.90561329484,0.662606321573,3.73281556457,0.075756662488,0.391623254307,0.0393850907683,0.189665370239,0.0440687610768,0.484976920784,1.24615255833,0.211757057309,0.118912652135,0.329334093146,1.23495164663,0.193566855537,0.425989775211,0.0182486662269,0.246870220006,0.365176145136,0.478153164387,0.12240605575,1.16182719916,0.197848289637,0.461532132626,0.0192796683311,2.1188378036,0.425548201688,0.517659902126,0.0960310836136,0.0320471211523,1.35146527827,0.784722292721,2.63211984411,0.503623889238,0.288083399665,0.0174080006778,0.0903360414878,0.466598208211,2.35910598278,0.0180886066705,0.842278287932,0.0267303603888,1.36351563513,0.0243897485733,0.465951561928,0.677891456634,2.66883980483,0.29934666872,0.0281838643923,0.0,0.317562087458,0.0376558300946,0.362890677229,0.233676784188,1.34137062643,0.644010742009,2.52992683977,0.0975373145938,0.353243522495,0.407661784664,0.0359169471264,0.00626581540331,0.37065880239,0.183060184196,0.385276613235,0.229220508039,0.531361456513,0.00156477272511,0.167284761816,0.0,0.116651217369,0.173926658789,1.15215336621,0.285002405532,0.00105439983308,1.49211929649,0.118197909892,0.528737258017,2.19044018984
71,1.49211544439,2.55579426378,0.620237893611,0.990278853476,2.34782736748,0.313866888471,2.10668164313,0.312162265629,0.193929640688,1.13940437093,0.125780076366,0.504207038283,0.317580081781,2.53269887924,0.677710309401,1.66677241776,1.72376009088,0.185421668217,1.15792161837,2.82677743768,0.947457411289,0.731551270643,0.504938681424,0.364704314396,0.0603838808683,0.117446010504,0.124906699546,0.29021838963,0.375630820822,0.589932440789,3.91294152021,1.99997397065,1.40387452461,0.0751267969655,0.928889853731,0.0591707028076,0.314590586573,1.39625662237,0.141809824933,0.153836638518,1.06350064583,0.34868069075,0.499361655787,0.757756048478,0.0259694939107,1.83720290869,1.7967131852,1.20531295687,0.570235329338,1.0575277651,0.3780958609,1.52633093655,1.43154412538,0.43532552287,0.630150766075,0.253003481179,2.39385355398,0.738058623541,1.2198570027,3.30513624862,1.67987880826,0.166483485457,0.333483269438,0.566577166021,0.548466706127,1.89803716786,0.982557233721,2.65814932942,0.682784160972,0.815754672289,0.468853982016,1.81004763633,0.0529989600182,0.385271155983,0.330909019858,2.40560207546,0.640912576765,0.717757952511,0.366253520846,0.678515414577,0.488688324625,0.153158477843,2.60107184559,1.05748034522,3.93851065718,0.208324615061,0.956131982058,2.40073614739,0.0681647481024,1.43106565647,0.232745166123,0.374723928715,0.610785391778,0.359950248115,2.37251224414,0.547541916221,1.19083542615,1.89386137187,0.080213765651,0.0479025858082,1.41990790546,0.503873995505,0.469576566778,3.18525159121,0.528715701997,0.0015867844224,0.726627652943,1.58946645349,3.21831114627,0.314068651125,1.08889014078,4.01439568162,0.333599218056,0.000707293525338,0.58646439828,0.406870908714,0.147859356403,1.50577110626,3.72081078708,1.88162326813,0.692673370019,0.170751997381,0.766983417124,1.445536578,0.476206350029,1.68538395107,1.5528738834,0.899803996123,1.64623914629,0.30284614064,0.0316173683479,2.43586362481,0.832066101991,0.914141580462,1.50440189958,1.19661229782,0.939540992975,1.22309563256,1.0742213719,2.40602046072,2.5805673337,1.75805839803,0.642516109645,0.156653791219,0.333588239551,1.19712657183,0.672670773715,0.0153214707971,1.67288185537,3.01873424411,0.611429118048,2.38584863961,0.588688973412,1.77681978136,0.216347942594,1.14821709059,1.0181948085,0.869739621878,0.00995560776442,0.0725273000076,1.61433797888,0.472854318768,0.326357733551,0.647809369266,0.425095789731,1.49430973563,0.920682629906,0.22157425046,0.824515710697,0.107767143995,0.544121242091,3.30113906085,1.18988963774,0.474606812652,1.28275142042,0.395075622648,1.5313068819,0.108358282857,0.603821979463,1.59278108001,0.863171101958,0.0737708909437,0.618565581813,0.98195212964,1.19531683803,0.289504662901,0.900603332296,0.516335219527,0.953401251286,1.95911207572,0.0626736919023,0.954752259871,0.562182806805,1.82792863861,2.02757284939,0.567480019033,2.40492048442,3.29211644799,1.45403329164,3.91084722713,0.0673768215836,1.40989275694,0.011522051394,0.755284483768,2.28200628161,0.589724343866,0.0541302577034,3.05068539321,1.22961465001,1.04671933457,0.396827426106,0.106781122647,2.81772272468,1.6517715501,2.37064131025,3.40772270422,1.47783064514,0.301274880916,0.0455830748379,1.18669344187,0.415034110248,2.64747383777,0.263404156864,0.584793011174,0.63122859899,1.30999309488,2.23638462331,0.151921791285,1.36516849414,1.61640048932,0.445923177935,3.4532156086,2.44349150062,0.622192786336,1.31629056558,0.168488135971,0.377190966606,0.677270389721,2.33276513696,0.524862427656,0.0636693551112,0.319037010074,0.74343781516,0.561774560921,0.145154739562,0.214230259657,3.34889021397,1.87786608255,1.16100642487,1.0862042223,0.084343797639,0.417956780046,3.46738304213,1.23692399845,0.393398885019,1.03429556072,0.66053767547,2.0759409368,0.583118114312,0.436340143979,1.674739528,2.04319484472,0.206743652485,0.827341840342,0.506695199758,0.614862375576,0.193622851036,0.976358083934,0.711019764692,0.5684687379,2.46141766548,3.60550985873,1.72661263943,0.769166459888,0.392947968431,0.0733827245235,1.63999823272,1.47178103238,0.358375827074,0.601607572511,0.520451500937,1.64702290207,1.7351883265,0.217587134689,2.22226890564,2.16009312391,0.223160871714,0.213852086049,3.05778732896,1.17805584449,1.0027174399,0.302489902824,0.956578797996,1.96170348287,2.68564246788,1.78193957338,1.74838767707,0.276691772342,2.17504187673,2.01192188591,1.57344719529,3.21167065144,0.247418074347,1.55853972822,0.0278048282862,1.89272844777,0.186981281638,2.96330680758,0.534114612192,0.58300311856,3.92451943353,0.260385158304,2.30387919426,0.59850317575,0.236103625447,0.320631966889,0.335031116605,0.476823541708,0.74047506474,0.149129530024,1.07938951859,1.47234899759,0.288039573357,3.36152369142,0.934863173375,3.28946200043,1.27070209022,1.61287614271,0.735828199983,0.226440905838,2.0937383163,0.218275283022,0.406956428736,0.226281331927,0.686333096251,0.397850275226,0.135023007244,0.326777070239,1.40406710476,0.211105479375,1.5873792237,4.27623425484,1.03506753787,0.452174395025,0.12548335433,2.62701930434,0.30311868987,0.864672076628,1.14689634323,2.71887140352,1.85297567293,0.481319146678,0.853625835618,0.187356703579,0.519839565288,0.987735247836,0.178048449494,0.119925048612,0.180577268414,1.04343550398,2.46317169398,0.412700290084,0.155865899324,0.392016442567,1.7753312096,0.215794406175,0.397579781408,0.978911438561,0.620067760535,1.46868005261,0.0253532989003,0.431669948529,0.411772567369,0.238622935358,0.204184148461,2.00639805827,0.303821669817,0.292342960984,0.210600032061,1.6009870404,0.390045995768,0.614887025654,0.141930284202,1.56262973011,0.556103623807,0.58946857607,0.153519301893,1.01684092775,0.387980325427,0.446414806545,1.20174593806,0.816916477382,0.0884588974714,0.715947679877,0.711798362285,1.04124671392,0.225743105616,0.768814058639,1.17938622475,1.87864988767,0.0746661354904,0.102439722903,0.345384084433,0.651597921774,0.483685350947,0.441535124297,0.778488752171,0.614535593633,1.16656588733,0.164488305524,0.318683737144,0.462852481455,1.56342375726,0.693952434473,0.239257172616,0.171381657077,0.185523602432,0.238634243759,1.22234837592,0.547273326218,0.998556122333,0.0348059471347,1.79302607066,0.13492242232,1.25551901255,0.41540070184,0.0250064645708,0.302472787136,0.653538085259,0.200037690392,0.957784102224,0.434830005541,1.19017241539,0.630854116585,0.0481981616095,0.282665681168,1.21037509602,0.466169660911,2.03815540196,0.505049145445,0.381090730339,0.618978626728,0.650827440619,0.33850943666,0.230580765512,0.288199022347,0.095220935531,0.17205784265,0.426796501055,0.398909326531,0.441385068558,0.0107512483001,0.191075896174,1.34494160444,1.00674111068,0.113501965906,0.0817992102541,0.430367899984,0.403986245655,0.945332487756,0.415422310382,0.667140634879,2.98472708979,0.0420206008852,0.22177762331,0.0214059693739,0.855978365727,2.2641200427,0.208602365591,0.192931939587,0.318370364718,0.159471945651,0.0762545697019,0.273719873745,1.53626038346,0.189667628538,0.169609449506,0.16225632811,0.0290283823013,0.0360344410688,0.319376170989,0.688667609543,1.72768918801,0.497778469417,0.892980235713,0.969443654902,0.520275901239,0.0411624195613,0.386394932446,0.606049573452,0.0359582186677,0.934587073848,0.0956515154149,0.677544322163,0.858061742447,0.28643870851,0.257433997169,1.30580082685,0.490064034238,0.771428183243,0.0914571535727,0.540639474988,0.356455651745,2.59334604561,0.697564124968,0.456011453127,0.426881482033,1.04542497054,0.259312480558,0.442178033441,1.94276166037,1.53234216243,1.03540576614,0.724873400368,0.0584980271128,0.178091064878,0.558694977425,1.04432910666,1.08364637916,0.355652400777,0.34313377142,0.492619527336,0.275353089375,0.728007880952,0.845150151327,0.172777618542,0.1083348236,0.528588606566,0.463049537167,0.568579541221,0.193155174628,0.396019201204,0.082332617864,0.26125112012,0.0619764855132,0.559169380367,0.424926629757,0.749393681102,0.129666488171,0.361693918635,0.144900175035,0.468370996648,0.352368696462,1.37949905165,0.134524634331,0.40336236407,2.16347362012,0.263642448187,0.440331134321,0.0972837814316,0.541440947056,0.568338319957,0.464037074968,0.167782395923,0.441132248938,0.482742613932,0.778038852261,1.01391314454,0.474942861013,0.256916873343,0.142398781972,0.162129194885,1.22278801784,0.334393117577,0.739124261737,0.525254058689,0.267509396374,0.278511732593,0.166596776089,0.0723805341963,0.0316087669837,0.734338367432,0.303816200625,0.245539481996,0.382078599911,1.02180198729,0.0124266964197,0.145115544945,0.886201555356,0.257895534895,0.0587506498024,0.119261909164,0.187928693816,0.313639770895,0.0446898438781,0.236895030513,1.06294514988,0.320685192198,0.336882131975,0.428563638926,0.929434461147,0.269186060996,1.2485344385,0.489378646761,0.437884880528,0.679973697923,0.0481003316119,0.482916789126,0.201786189079,0.293527628928,0.635672848895,0.578131848872,2.67891639011,1.31572108775,0.574101499319,0.394398245066,0.376675362363,0.881084490791,0.272150480598,0.138365681861,0.0730825879425,0.0497396832332,0.0638901895285,0.61062469393,0.408316658214,0.417148492787,0.287046260536,0.319475708706,0.0958872043155,0.335484414971,0.221399364248,0.28543571308,2.52978571378,0.0732287217164,0.816803347412,2.28629744668,0.167994238855,0.741835349929,0.525698348656,0.451323492955,0.708353024023,0.743149055131,0.318915281743,0.44598501191,0.822581807319,1.06998623259,0.0390028453246,0.910071548112,0.291922362093,1.18360304289,0.73011775151,1.0691907078,0.0693342235126,0.368384371176,2.0340858826,0.118214495825,0.915411938038,1.03761133187,1.43110346057,0.629327986427,0.174143207036,0.0798668519035,0.180255072322,0.0933357698098,0.115685721012,0.41287042059,1.01995631918,0.397676096037,0.275362568628,0.110896030962,0.152063641911,1.23854311407,0.390489997044,0.182287641615,0.0311958173476,2.26683703706,1.26267275754,0.605662756171,0.826587948278,0.653468480185,1.48160609305,0.173883959595,0.99444382377,0.540040539652,0.386530843601,0.184372492284,0.393852581866,0.229847546718,0.602031789813,1.63020624593,0.519069937095,0.2902745975,0.11128861472,0.80810750409,0.332588995844,0.853272814415,0.953264157437,0.544493331732,0.370192308351,0.207905834168,0.359023764916,0.0,0.372829718366,0.466524556391,0.164879951586,0.0342038123123,0.327532458715,0.346329694614,0.104549016878,0.121847573007,0.248413991332,0.133322358411,0.236027612947,0.0869944838062,0.585115548745,0.110207603462,0.612757926548,1.00277216419,0.379330491468,0.686576416939,0.727736244109,0.829333685637,0.345386959836,1.25979095533,0.928690797016,1.28073262632,0.829958521277,0.578893046789,0.154038413772,2.06191854063,0.549844329208,0.167181558833,0.499911001916,0.179693829343,0.619365075044,2.43257875323,0.364677807055,0.257200428098,1.58399813503,0.44927365981,1.01824145386,0.971592546022,0.0451625304297,0.154833707809,0.250505245849,0.19781093949,0.269419671991,0.795211029872,1.22967673151,0.365309517402,0.624433875084,0.62375608556,0.351837965623,0.474001273513,0.0781552459672,0.502996938676,0.406955062002,0.425226033893,0.149673068592,0.409309079759,0.167885977207,1.49468074799,1.53885877877,0.484484510695,0.0417118327972,0.182878777236,0.551408421919,0.460873181149,0.769040356278,0.791190261533,0.701628619935,0.113731270783,0.157458666787,0.737415859997,0.439478348717,0.00351907432079,0.161087798513,0.12894197153,0.475644492935,0.0377610920742,0.402288893815,0.392200907329,1.30384631269,0.122355928421,0.540826900234,0.312764724493,0.420070166481,2.59285329692,0.311635671109,0.444536967427,1.08138366513,0.289111144543,0.350457479507,0.864669039436,0.478479676822,0.237870771363,0.286760406024,0.90698457025,0.402139853984,0.970302633382,0.317608268335,0.0378828170151,0.330359014533,0.773091249391,0.405986620933,0.485491186958,0.372193179927,0.571943584383,0.393026169389,0.267646866366,0.192997916117,0.534472848326,0.0905120888539,0.474957014374,0.29597750081,0.340210600011,0.356295947693,0.997234859392,0.585156043991,0.528059795774,0.781164027266,0.532344642431,0.155948903784,0.0678750151396,0.1519845137,0.371723717563,0.384028789732,0.476099366881,0.219617949175,0.157743446191,0.453709389493,0.215944049936,0.246586454436,1.12542510904,0.148683471903,0.121153466366,0.56858762187,0.320476102307,1.94194562107,0.557567071561,0.2156760359,0.15154294085,0.615676683625,1.22602703512,0.36790877074,0.143872362077,0.58805503618,0.0908244007826,0.109865471125,0.628386844546,1.72945100635,0.549693717305,0.0435465533659,0.601395675242,0.310971449837,0.283904860589,0.276698830724,0.159383401051,0.305632581422,0.507226976231,1.20034727871,0.254835221665,0.229377868958,0.149127076864,0.711362783238,0.903163024802,0.365383713376,0.0640902072191,0.128761585429,0.151968813278,0.53031171035,0.154020742085,0.105967750559,0.0514664198086,0.459798867851,0.833292445391,0.909634344224,0.236093559917,0.127328742298,0.290217091162,0.057856955817,1.20792313647,0.643641161695,0.318999869656,0.610803092569,0.487622604053,0.628698916007,0.356579831811,0.316248385441,0.241607596017,0.248162161172,0.0913700521924,0.33397151202,1.25423031103,0.230811790302,0.293555057533,0.288742969409,0.220031337216,0.750837536892,0.0549602393061,3.22152161404,1.03774779355,0.407902292516,0.512975693913,0.891515878811,1.25058918573,0.369893752411,0.35057998348,0.186535182185,0.935188679397,0.149771082327,1.49311967298,0.0242174947262,0.740817215443,0.653910111487,2.22814452946,0.00589708089828,1.15094895646,0.341828091424,0.969635199308,0.272490145937,0.356091557452,1.82452700138,0.206652555242,0.253115985915,0.496977007017,0.174350969493,1.42391214322,0.163367106207,1.07592535824,0.0633426530659,0.70936015591,1.19538813591,0.939852821827,1.01488936592,0.0,0.197562352568,0.198520205691,0.0,3.47213773243,0.148151186124,0.270271182172,4.08840846479,0.0882927196473,0.00413028817391,0.142157564536,0.410521395802,0.0701829761785,3.11486487895,0.048514556922,0.0978817787208,0.309868443757,0.563680805713,1.20482760671,0.304209666736,1.48373823479,0.162350813746,1.20979082227,0.790009816363,0.974448074531,0.0,2.08653112188,0.421533001699,2.14378652781,0.605837675929,1.28816685624,0.251429076344,0.267757512857,0.453802051097,0.712974202903,0.166339697242,1.19645792037,0.038708415255,0.720356295109,0.192166234553,1.5158123377,0.517179284357,1.27009169489,0.346278177127,0.00593535587192,5.96144319296,0.554187000394,0.71349461019,0.900237948522,0.0997033435106,0.489985532686,0.172450892925,1.94978629112,0.331476023793,0.101996891,1.40613610148,0.108422511965,0.510283087585,1.71762157112,0.193878454603,1.88282949757,0.058679857254,0.202273950577,4.15325245976,0.665790982246,0.638760929778,1.79228138924,0.260189581513,0.392314569764,0.134255599491,0.465430371761,0.0506773902907,0.0337120354176,0.025482384637,1.74684341624,0.216268767118,1.80007760808,1.8404119581,0.106019080868,0.126623540856,0.412477844935,0.0461152412742,0.105395915955,0.110831131935,0.485638684481,0.286664733514,0.218453467637,0.0124268162251,0.2713302055,0.0685315653495,0.32762659017,0.25688487649,0.840698367422,1.32021024764,0.00259956203401,0.198862304687,0.501688843146,0.166508570183,1.22199965686
72,0.0639784931019,1.55347320497,2.11634690896,3.13359500885,0.126209488641,0.53607851088,2.17847151741,0.272940282002,0.251015761234,0.456662484854,0.362235360742,0.540329997689,1.20750320673,3.26866560102,0.145374916121,1.03834381551,3.74177354813,0.165882175425,2.65014479712,5.60192323208,0.153390372843,1.7393591217,0.496304637264,1.29680794332,0.00252897173166,0.115083945021,0.101523254216,0.596972683519,0.698866596334,1.08226259351,1.90029394865,5.95014548779,2.93034178853,0.242539650481,0.651160141639,0.0363185209781,1.08361987799,1.18418094993,0.106969841556,0.357905528992,0.672710758671,1.40130895972,0.633635016046,1.28755571723,0.166444791909,4.76231768131,0.110464805365,0.724673033059,1.24290006086,0.350636653602,0.140881423317,1.13498081803,0.904314952809,1.16609754197,1.35179307938,0.606647832468,3.37339345947,3.18621593475,1.15531788781,0.940713531673,0.715324532315,0.0660912049818,0.640922563076,0.362127208412,1.75388329625,2.87737573802,0.193689678013,4.55605918407,1.30382650316,0.0576073953509,0.550743646324,4.76882518291,0.0290549147129,0.757124656588,0.441177368313,0.757201523185,1.7898139938,0.447948562056,0.508017699122,1.00309640646,0.553245199192,0.553563055806,4.67056621194,2.10351026654,5.2769559741,0.657132218033,2.67846480072,0.964651717693,0.14216391027,0.433749779575,0.372251455523,0.160302477404,1.27900853693,1.00822482631,0.809030296803,0.277503283396,1.902270886,1.43550955005,0.266092143208,0.118145286255,2.01552828707,0.156958873421,1.63417550087,6.78291530848,2.18505660832,0.030424311161,1.76393890724,0.209587799162,5.88281473398,0.977965951264,0.388912768662,3.98513616502,0.919068248123,0.0592894223332,2.69493863761,0.196964583695,0.153370849686,0.625361080375,6.7883554554,0.329897218049,2.31216867089,0.345563009977,0.173624234824,1.69791539136,0.496198009998,0.458315089643,1.41537084058,0.160887569727,0.180605369373,0.27975541234,0.000272397417575,4.25168946952,0.536586365253,1.03634945586,1.31285886928,0.618009833023,0.924420308433,0.750502171293,0.172708994001,0.587988235354,2.42963087797,1.2991204872,0.10794315815,1.38400817519,1.6870831725,2.915907057,0.712446556687,1.29300944194,4.56347523212,2.56421767116,2.25007741272,0.785904036146,0.508688323461,0.855034364462,0.400114711467,0.762950127237,2.17121182561,0.752222506404,0.0,0.0146832276322,0.774408634156,2.6218552351,0.318209081367,1.87786242008,0.111546490905,2.892833848,4.72567964315,0.253343796805,2.61078439116,0.20752064202,0.382194490284,2.9263474822,1.42986445554,0.648788686395,1.80219059557,1.28054635903,0.0218708236981,0.429666793384,1.11545588938,5.06307929039,0.888248908818,0.935736944228,0.0891672157124,4.18794100285,3.11069564521,0.236022413224,0.645914207324,1.50296036005,2.64239701957,4.03935047746,0.0171599858603,1.43711014122,1.17866771046,2.49029020935,0.502493081391,0.874562461525,0.928962045312,1.28406357497,3.03974943757,8.82641670227,0.0804274192452,0.0,0.0171096661687,1.7935245708,3.74194620132,0.855983558118,0.179395814538,0.863185538705,4.17595734,4.23709108949,0.303551140726,0.276551185362,1.78978030346,2.62751970172,0.685922454759,3.91618924141,0.463280153126,0.279468397498,0.374037770517,0.142949292228,0.315836654902,3.17312348962,0.145181096047,0.785688211173,0.218900612416,0.0559804435074,3.23988864899,0.120589176416,1.43517429531,0.340102948919,0.166236314774,3.87602781713,1.10387177408,2.31778539896,5.21561746597,0.948099386096,0.94626659967,0.90691198051,1.85364684456,0.677910320163,0.104713480716,0.233415190764,0.586739519089,0.489902017117,0.110597624555,0.184311712086,4.59364360571,3.49653037488,0.546586344838,2.12622755766,0.00247173160315,0.337728768885,2.75363254189,1.84284571931,0.0519779240713,0.525479777753,0.759893740118,4.32370779037,1.10355754524,0.15169527458,0.213312096596,1.97685436904,0.238902102374,0.97772678256,3.15453656137,1.68014471591,0.318521908969,0.743039913774,0.742465762049,2.11513736665,3.36310102373,1.9678854546,5.51669145003,0.586571211591,0.525430834452,0.0832786060125,1.51031834669,0.626165972464,0.260243471079,1.63026540279,1.42825905859,0.392061962038,1.20590829685,1.42458948553,2.99850470111,5.12443592072,0.580502914605,0.372074880227,8.24736704826,0.432082257271,0.561527947579,0.330155195892,0.886324260309,0.445935885608,0.182791589461,0.58114428401,2.36662823245,1.42465484306,0.188518634811,3.28556900501,0.943508672349,0.871076788455,0.194258149192,0.178152324408,0.181964165866,6.69077859879,0.191363889379,4.89737089157,0.22166571632,0.32971339412,1.08039352793,0.889346318096,8.81926717758,0.728845041394,0.127713695988,0.0799742698669,0.199280032497,0.445691525461,0.789346413389,0.0468015243858,5.06767759323,2.04972280147,0.4879964488,2.71377703786,1.16920758694,1.5848383671,2.48402443409,3.82506088257,2.78101233482,0.027704125084,2.81760902137,0.994789821506,0.262519308925,0.162445395702,0.214604624622,0.349258496352,0.191839502007,0.734440331161,1.47978652881,0.807111329697,0.398325131536,3.82870937109,0.191323522031,0.725744233003,0.0131051920354,2.94709836364,0.834835784286,0.117604022734,5.01422082782,4.1169618392,4.74720626175,2.27323518276,0.126228570314,0.466454985403,0.976784560643,0.052691026628,0.72546823198,0.111547733396,0.821341281119,1.11022865275,0.692538616359,0.413150038198,0.0605541820824,0.993487715721,0.334165540407,0.208243900817,0.273581046835,1.04068012286,0.840142387841,1.52551850149,0.0257995526493,0.758374499753,0.260313369483,0.136107869744,0.0381840698048,0.115185320154,0.228781662469,0.902173448801,0.342852555513,0.536740375864,0.780443509817,0.0901458079368,0.773444036357,0.572424347904,1.04436645076,0.284263606919,0.108212389946,1.68954391897,0.701003856361,0.254504117966,1.38006460071,0.624215964542,0.995554152466,0.326309267282,0.0345213531516,0.996653714329,0.741633664034,0.978705063649,0.210664965278,1.94722632013,0.304190302165,0.322043616697,0.263692482859,0.405108493157,0.0322593346238,0.379082434969,0.104253061637,0.348542356528,0.123564890921,0.707022386529,0.50889109672,0.784785167798,0.228646359388,2.00042161763,0.137663243972,0.0603257364035,0.410639641378,0.476230559959,0.811815533168,2.36373808801,0.0885627011955,0.631327761672,0.493527036756,0.249791357219,0.112381812073,0.567981272191,0.00154720664024,0.667021568604,0.219501095051,0.0598987561464,1.5078048715,0.431726450697,0.869851699509,0.614309532568,0.0769077767432,0.900413857698,1.4994381094,0.10861395739,1.15803780146,2.13987190837,0.404781687688,0.100290590525,0.258836916983,0.220742475316,0.0780721176602,0.392784198634,0.638847584054,0.112570368797,0.320526527017,0.243481267691,0.215894002728,0.222232755125,0.344304162394,0.157537794039,0.377344568223,0.559136345088,0.485808239093,1.95243206596,0.556555709541,0.417847213,0.100633282065,0.233602409512,0.25331652917,0.0717635475844,0.450259639025,0.0842114843801,0.250952306651,2.19531315774,0.380667854846,0.254907246046,0.0512429274619,0.337438387126,0.161001886819,1.08038233563,2.94734785438,0.0515185579658,0.387137638777,1.21264956132,0.00989006876945,0.119040343352,0.464146334641,1.10401686169,0.601426332183,0.472525754053,0.333534139283,0.329336417094,0.515997339417,0.214171250612,0.120332455169,0.24811808452,0.18903693974,1.08665357642,0.133156523407,1.09739796892,0.0926039788313,0.360567858405,0.848264421225,0.672897237148,0.214826874509,0.414722873215,0.02820629461,0.256742349938,0.74798506394,0.713711103201,1.02418082577,0.494211757481,0.61574661253,0.133201425623,0.603558681607,0.0437507594004,0.421233760752,0.561598895416,0.0699724353105,1.07346481845,0.207510870174,0.532856203094,0.381399930529,0.542572583919,0.583804339319,0.737449918054,0.452101134434,0.298928397894,0.429765222222,0.649367623478,0.519981198013,0.165602910817,0.686321085729,1.23161431365,0.532276592478,1.26059221111,0.0988144770265,0.377734180819,0.07919749327,0.378079710156,1.14448156767,0.673006510139,0.453275782242,0.264835890597,0.187217962295,0.42309433125,0.235658635795,0.597434648797,0.701596680805,0.817844746709,0.46850936085,0.435269949585,1.69720488846,1.04019850781,1.26351966902,0.606029737443,0.37111372916,0.348067331761,0.302688554572,0.238794313949,0.231865396053,0.550683882535,1.17927085578,0.0799850651622,0.015892598033,0.85972103335,0.300581589118,0.030911864154,0.0940322332922,0.706381660029,0.276661729324,0.13245504301,0.0622419144586,0.16200815348,0.0243990493845,1.39197893888,0.61503492862,0.115049754381,0.269890627265,0.491473878473,0.517154624946,1.48435526788,0.0323203089461,0.237126669139,0.669677786687,0.562222319911,0.147973677199,0.675252201334,0.10392481287,1.26119966914,0.219789609089,0.23913133271,2.10404280409,0.543942449782,0.217373590376,1.29086652607,0.721833227724,0.994570942745,0.642963595092,0.355352808833,1.83900026344,0.76295902729,0.0614426329732,0.364108212097,0.102713463157,0.175856886171,0.936943326592,0.0768438822031,0.385609265044,0.118930065166,1.44888209656,1.20396434307,0.444978039227,2.36940352367,0.327771358091,0.0929392269254,0.465548315942,0.18072837784,0.0669946993887,0.250211833641,0.0310874252394,0.61664288342,0.273065749654,0.0765825891402,0.0913917505741,0.0632231130893,0.118638787568,0.174778040946,0.608670976008,0.592346321195,2.17435422525,0.327458804976,0.610790238976,0.6373378509,0.306434890851,1.1372140044,0.532294445634,0.602566827238,0.151308661252,0.642851144513,0.18678731285,0.0209526114911,0.0135499244928,0.135414788239,0.199190905495,0.185536054224,0.900158848539,0.108278468288,0.0267770272493,0.275709874458,0.663108002571,0.2541978921,1.64912073446,0.417589625679,0.123239149004,0.266209324896,0.425747005939,0.0373177154735,0.0424194563925,0.100180271119,0.108421701916,0.605915244736,2.01396125704,0.636776455976,0.177783318534,0.0481876714528,0.0193246480823,0.199318044304,1.15279120177,0.183734935373,0.385717970431,0.309834763855,0.86972728014,0.35457161339,0.334121934976,2.78250312567,1.29304491581,0.323699903553,2.67310484797,0.25625740685,0.216235699318,0.302709003314,0.0247662292421,0.422107042428,0.278791227788,1.82579357617,0.972527725901,0.451073643491,0.154735361654,1.70179274932,1.04587365896,0.55581748601,1.24494660221,0.0402822639793,0.0278810937703,0.323789046369,0.11113585596,0.0,0.0422300731484,0.58780545176,1.07391146101,0.0927408191189,0.625035687815,0.519940521698,0.505198464766,0.113687454402,0.225930825211,0.0997291963641,0.165033363234,0.0467016299069,0.422143028155,0.158950273506,0.143217450874,0.380349012911,0.532216951232,0.466312018698,1.06032402331,0.668677942604,0.153630237794,1.02072935859,0.0576877482235,0.958983285725,0.769876682824,0.996663662262,0.235015387163,1.41903783683,0.101648875661,0.131034184806,0.394049652517,0.625151181319,0.276663566399,1.71342929333,1.1894994653,0.468112589419,3.13437015519,0.730938030537,2.16971072519,0.620703087077,0.0337858551741,0.510863318071,0.77164086286,0.748355289996,0.0263837134838,1.68895868257,1.87625621305,1.31721065324,0.0599137884774,1.43128526136,0.676120375162,0.281472850675,0.289805309745,0.334131740928,0.989290621057,0.18038055971,0.0573596091755,0.394566945266,0.151962263919,3.59478385873,3.42482205056,1.16707020797,0.0181128754467,0.0229468112066,0.00663642264903,0.17207329713,0.735210834201,0.514827748463,0.0135316198319,0.833293479457,0.0557798600942,0.502477579238,0.129586434308,0.00253322333097,0.710038486216,0.0390321850777,0.123285379224,0.192359972447,0.769586508702,0.517877087891,0.819601491615,0.0616691632895,0.221465802442,0.813045350686,2.41812406927,0.865140372366,0.179839878678,0.986654308327,2.23390731164,1.24490270734,0.181011230382,0.518125038296,0.442782676965,0.190604141504,0.125569335073,0.468059151918,0.661497667059,0.220399989337,0.814345857576,0.000831070691347,0.163242067695,0.526358882105,0.0899626532849,0.543807236254,0.654852521382,0.0700658310327,0.077369613573,0.00310535699129,0.219234687537,0.113276866153,0.0560867232643,0.389593103565,0.863958152449,0.478443268798,0.9118310453,2.83070631286,0.231783605427,0.534949299395,0.381451900154,0.161904587746,0.130077138338,0.00555007815361,0.218622095063,0.425651940871,0.642219757754,0.538437744956,0.229163972251,0.127379710823,0.131637331918,0.710084879212,0.0532927933708,2.34649380092,0.0479616335314,0.0933724280074,0.409160030521,0.23589220684,5.20462989688,0.280302814878,0.172026130632,0.192695384501,0.758307878617,0.386922464296,0.539352750778,0.0625566614233,0.556440229544,0.19316760337,0.0133659117669,0.288578815802,1.88960657128,0.494559231964,0.0323923663795,0.569844448483,0.0541136608273,0.507357375305,0.990067687929,0.0555152255297,0.137062439786,0.323520646989,2.11818363428,0.507872789502,0.168152074814,0.435923593678,0.333475917131,1.49887742817,0.844240194522,0.578596843369,0.0117927247658,0.190668743677,0.075111954771,0.228822425018,0.673003671579,0.0294722066913,0.255444838181,1.75144983781,0.0375161453336,0.113475689888,0.0358505146205,0.158462825788,0.0171722118556,1.50315591023,0.404872490354,0.311984396023,0.373611947596,1.13173175335,1.28144633934,0.162392071686,0.202330497168,0.0981422887975,0.462058895305,0.197173376381,0.569371210933,0.223722829437,0.689813494645,0.0831873831153,0.2287081974,0.058861321304,0.964884988274,0.00714656069875,10.7785274374,0.732503797216,0.609718770366,0.0659461133182,0.431461496269,0.645626619831,1.51238516882,0.450375737399,0.0639711993933,0.540302823447,1.40278232843,0.117221500874,0.197952613868,0.00182022351543,0.481502834707,1.07967875093,0.0738263493776,0.996424884184,0.0196177208424,0.62717573449,0.0342549565155,0.438095248826,0.0303281145357,0.232438883483,0.945078110881,0.358857481778,0.136228824109,3.60649699897,1.11894896537,0.0101877307892,0.000507788173854,1.49575696886,1.56279392242,0.666009474993,0.117921880037,0.0115316511691,1.12201659814,0.0924662529118,0.0194991219044,1.09991023242,1.27012835875,1.07301013589,2.29178845286,0.412286088318,0.258241943121,0.175458977148,0.0035588145256,0.0166144546866,3.13144648075,0.0161440458894,1.6474463293,1.93830981597,0.234844396785,2.27783666825,0.0173756140471,0.598611192256,0.00729337990284,0.17162142206,1.2111007984,0.654800932333,0.0201310634613,3.49833869807,0.167667037621,3.8992340678,0.00664340376854,0.238479042277,0.10054486271,0.288290719911,0.0984946104884,1.00706676304,0.227584616691,0.236554210093,0.0919285666913,0.118533595055,0.693726427853,1.39509969056,1.06431318402,2.38283156633,0.0912445285916,0.831016296456,7.04347742677,0.230407545697,1.77680941388,0.799893957675,0.897830042951,0.746772450865,0.281314451545,0.203299796581,0.317708772048,0.0488683401421,1.02937869772,0.000283503234386,0.489659524746,0.817327598054,0.0649610117078,1.58524563596,0.0579324751906,0.0795821757615,0.943679677397,0.0642298138142,0.940957407691,0.4976524207,0.949527325109,0.494755450189,0.785269126594,0.637468495369,0.276830417495,0.0607212620974,0.00864273548126,0.939269598573,0.0,0.288788786083,1.88606327842,0.0159669262916,0.441463837549,1.15224040803,0.00863112278283,0.194871182684,0.0292537541687,0.250849784613,0.197961992323,0.0528594007995,0.10157916449,1.07817310207,0.590208601952,0.616973921512,0.0305586357042,0.467247467171,3.13535938844,0.368472605944,1.10773238771,0.285328418165,0.00327169418335,0.287456187755
73,0.401476333141,1.42949520051,2.39290573716,2.59928519428,0.218815809116,2.3682360059,1.6592128063,0.844734789655,1.85019337069,1.23747651637,1.12457579464,0.458272819817,1.37226607114,3.80776381731,0.649590772465,0.272555531263,2.6263699168,0.48409582749,2.8743253684,4.78073197298,0.47153419889,1.35178871349,0.48317969244,0.820673371255,0.0208009923249,0.57166554248,0.18575284645,0.851817968935,1.24701943636,2.24803453207,2.93460221708,3.84024329185,1.9233332327,0.494449338727,0.88936646834,0.965684387982,1.03175563864,1.02563165754,0.349609609433,0.239325558469,0.444758457206,1.16759663671,1.11336708695,1.61364289999,0.57692883499,5.92434956074,0.128115778416,1.35262622863,1.29032932479,0.372406141758,0.297842245549,3.06541080654,0.658610578068,2.17309970051,1.84125193119,1.56504757702,2.47447510906,1.05735604938,0.615482916236,0.910314769149,0.68882502526,0.117067802921,0.687940680981,0.437965913489,1.33399943583,2.999989627,0.121934147701,3.38837113857,0.287232232019,0.000690159723163,0.231409083232,3.05047683239,0.164826957136,0.718693865538,0.43835633263,0.681868852526,2.54031143248,0.799418543428,1.3058868219,0.903389573917,0.425344923399,0.323253133781,2.77852430344,1.4089706099,4.62380657911,1.59552447379,2.90855053931,1.27932914196,0.543726561442,0.213324394822,0.115971661396,0.220214944184,1.65505965635,0.757189055085,0.554447187632,0.340909364577,1.83280965626,2.36331218272,0.930722769052,0.32698736364,1.56976146966,0.426291166246,1.46831939727,6.05930524111,1.69784718752,0.455347164571,2.63683493756,0.167183683813,3.19322084904,0.432199004721,1.95566846505,3.64335439682,1.93414702177,0.144649826996,4.24349933624,0.564389011711,0.565082350224,1.437613094,2.45015063286,0.691772174835,3.07259146005,1.02880321932,0.194336518273,2.66462510109,1.969638872,0.118429546952,0.5085930527,0.227124199569,0.210907112882,0.413254100531,0.0166699878871,0.704695456922,0.622357117236,1.36538380831,0.93353614999,0.535297157466,1.05984761684,0.306670066714,0.350522972941,1.16336538568,1.23632656515,0.680076809712,0.283940619379,0.51388841629,3.01932395279,2.29702551454,1.15951476842,0.982979787886,5.01557255268,1.41765713602,2.61414981484,0.857690452123,0.861733266953,1.36445209801,1.24662926912,0.290549528897,1.57932993226,2.50719603181,0.00871318787336,0.0549886137247,1.03588246219,2.73747368544,1.25051418006,0.872367627323,0.0637911387533,2.3773638951,1.59723964274,0.711032566279,1.53651613809,0.704764947072,0.239151361175,2.70314486027,1.39712539554,1.3286676538,4.14960927367,0.314596425649,0.0121179968119,0.0651173687074,0.815233038468,4.1105654192,0.671468707025,1.37463316344,0.0392601815611,4.05676357508,1.21586271256,0.339844268411,0.192108086301,0.672614432573,1.66483954519,1.5749172163,0.0363079762459,1.59250076741,0.25062805254,2.77516745925,1.18509949937,0.702071111202,0.569518128037,0.289565177858,2.8013516587,3.91039351702,0.033287478172,0.0123366558552,0.236355427578,1.03831664958,1.80815245111,0.85675601773,0.325369343758,0.544952988401,0.767855322659,2.00359860495,0.602494032588,0.23083985541,1.09165262166,1.9439033471,0.377024302036,2.07374164462,1.47574218661,0.9306603688,0.767281127721,0.104754300751,0.159001060091,4.09963413715,0.696728617698,0.736618830115,0.450244859569,0.111490259916,3.18967881203,0.107518428378,0.448593218699,0.00911938928068,0.0500550566614,4.01111920118,1.41600048915,5.21293605804,2.71023985147,0.63277739346,1.65905219531,0.626220535487,1.89514859943,1.44805376187,0.184151135832,0.532113102004,0.293670611419,0.193861328587,0.12854583431,0.404084646702,5.91347810745,2.74397654235,0.513711990118,1.50286414816,0.0,0.734596928358,2.1762552309,1.2942721571,0.0144734047353,0.548564166384,1.31508457288,2.15044364214,1.10148292564,0.0859837851301,0.0673660831526,1.89878370613,1.02007812491,1.60812987149,1.46023927206,3.3554852435,0.200867264494,1.32426513247,0.692683813646,0.999854182955,2.31447215438,1.6735445714,2.37379982471,0.79081855163,0.570501206666,0.384032794535,0.422281340659,0.245833780095,0.25025964886,2.6220021978,0.667518241853,0.486856715828,2.85353965841,1.20868141901,1.8788740395,2.56050116971,0.517868658602,0.514503706396,3.22825270593,0.16939136371,0.483683327734,0.389196964391,0.966519440748,0.671447193176,0.322053966988,1.31192706786,1.79580078751,1.7411337686,0.222191537172,2.74486255169,1.22230848819,1.27282132745,0.201663441211,0.355578944534,0.179294947535,6.17536294937,0.277342065275,2.04475940913,0.478759752624,0.568420069581,1.12333382256,1.22997175276,4.50182565928,0.532776348144,0.15477459304,0.0336594823003,0.386312164664,0.32048949223,0.33963419272,0.0620070189238,4.20767779589,2.01824746728,0.65534065593,1.6311149155,1.59853157759,0.919294508398,2.09240733922,2.55242399454,1.6260006094,0.0284266810492,0.559284787327,1.62050451756,0.44727284044,1.28683277158,0.684667140841,2.27562246352,0.0924818183482,0.610518841445,1.16900944844,1.35076678157,0.744705300787,1.42905163016,0.498692973331,0.286381221712,0.0400304365903,0.615806997269,1.20696892641,0.166102640172,3.41153353333,3.11584817886,4.93568449497,2.18732290149,0.677472101301,0.25040771652,0.181601897329,0.0439822882228,1.34894543976,0.270592899621,0.153393874462,0.0599510827661,0.208996949224,0.240500666294,0.430288822651,0.548889744133,1.09836646317,0.705504458547,0.0729582596943,0.0767724200338,0.629631642718,0.972857045084,0.256460833699,1.77008651763,0.216347166859,0.43838052135,0.124033200666,0.524121745962,0.133723587617,0.24605382435,0.536902400181,1.92116218719,0.205761725362,0.276529052705,0.525305856988,0.547727967165,1.02201914549,0.719701809846,0.411457533203,1.06648708642,0.731025470467,0.515653953552,1.37903671876,0.692580101192,1.09054411694,0.564284438705,0.0508607636392,0.585139886625,0.815826636553,4.38821782663,0.350234332308,1.00869233556,0.464600740732,0.629724277928,0.80298078686,0.392990318164,0.0133712220192,0.543035988584,0.711634546965,0.382607668266,0.150864777323,0.210080298483,0.288972596824,1.04911407504,0.159079982638,0.910291587412,0.422878187504,1.20738345983,0.401788710356,0.432421821407,1.25963281812,3.94392812669,0.165029122867,0.0189231021702,0.2604298646,0.14112534143,0.202411608789,0.258814973664,0.0522060060501,0.861741222292,1.35977015503,0.0319821682572,1.37317714751,0.141462878436,0.362532109916,0.701768963858,0.75867361268,0.525399898151,1.37444829009,0.324095516205,1.58836284474,1.49035132784,0.60327669546,0.186356105953,0.0746702628583,1.17996706709,0.641869104356,0.192648983435,0.781601043269,0.0511200278252,0.256162045151,0.92093753539,0.291309450753,0.432508256361,0.848047665097,0.397346564084,0.144056127667,0.772814413756,2.34830175839,1.41274886161,0.616358725056,0.837359737828,0.929842147529,0.239092746803,0.0980329725146,0.0599971410935,0.29281134963,0.480561815649,0.426940331608,0.610495834053,0.493582246304,0.226917760223,0.0339662149549,0.218363323659,0.0325576299429,0.261175691038,1.53921959579,0.0302026151121,0.721891220238,0.827925581113,0.0139893853851,0.0794591234624,1.15301713936,2.08882823944,0.899064166248,1.10788327308,0.49148132965,0.633978827372,0.315283970311,0.426983049605,0.147584523018,0.00918461561203,0.154296079054,2.07507488802,0.00411432877183,0.963398191482,0.0216526608169,0.584728793334,0.969231947958,1.04147749498,0.75884359818,0.552284992002,0.268280213848,1.38781259775,0.0464767167252,0.952184357382,1.39436535155,1.25472460416,0.365218206197,0.13319900699,0.524692045152,0.184852390327,0.663829894587,0.51233029305,0.231265384331,0.463310830668,0.204895317852,0.057119275704,0.198480514027,1.15555169225,0.10831729155,0.998401607871,0.18324217245,0.275047390219,0.596516793086,1.48100907579,1.09356974822,0.40489995772,0.700506154913,0.0798001309484,0.446625265236,0.919762505293,0.0467137907818,0.583416311527,0.440930742174,0.190102471411,0.276939004548,0.537301022774,0.599551338847,0.153152451543,0.848617202267,0.755101984991,0.870506988438,0.234350256566,0.981056407094,1.88722516909,0.503398983739,0.646239403859,2.45729061097,1.59476947232,0.616276795603,0.152725167871,0.28513739327,0.101240755245,0.300156661123,0.331638937155,0.310204636194,0.161796208648,0.674641211033,0.358225120045,0.377332129143,1.38460562088,0.539181587547,0.042639939338,0.286068665236,0.524277689112,0.449661509693,0.402809670419,0.341542048231,0.084923928231,0.144205805361,0.819640119523,0.059671664536,0.302217953447,0.230731274113,0.262221468259,1.03924730122,1.87728138462,0.175371513367,0.257419005379,0.123219087874,0.152601210326,0.137171455249,1.54384965494,0.070424150303,0.373359862263,0.0298679305054,1.36351752345,0.411672076955,1.070948027,0.72357039433,1.7706761767,1.73930562269,0.197336979732,0.926927455068,0.233211118802,0.161736099422,0.536381651573,0.320946484208,1.35653700586,0.225187366754,0.0945844862983,1.30147917569,0.0508347803354,1.38445806533,0.888022767529,0.976273219958,1.81400206769,0.02408586137,1.47877095932,1.13482918173,0.298975058198,0.287001905702,0.0987346569449,0.483658941016,0.149842468752,0.126808808744,0.0260854376107,0.676429780852,0.0713231252506,0.737361208797,0.295789377009,0.446526630661,0.472946089208,0.497966858055,0.382959653586,1.73756722331,0.331401690654,0.201215273254,0.448911160082,0.636899043908,1.77393412758,0.0326241490338,0.700895206928,0.0764812166989,0.930742757755,0.264683573361,0.102604232728,0.0490242840489,0.514506242238,0.249763203748,0.717106356919,1.35351535711,0.173537538871,0.342921654135,0.520958715081,0.673169163484,0.114260002719,0.361634755107,0.13498436898,0.331271413192,0.261241994649,1.31146731486,0.108154821098,0.0714396387339,0.051693533659,0.563809914254,0.262435155846,1.37829122365,0.656204782389,0.331028062422,0.373166844733,0.0777258172398,0.189116058759,1.20539636433,0.717161472561,0.316471465975,0.778740903307,0.0826069346443,0.580986936688,0.773827735968,0.948935678126,0.793775704019,1.32694837719,1.89522869274,0.068093200922,0.353939416392,0.244015641212,0.131997806341,0.869444177537,0.136188368676,1.15347303816,0.0017277848348,0.766199553907,1.21039782537,0.763318546563,1.01139172994,0.520041207783,0.458269469123,0.152393905856,0.115689479113,0.471886005476,0.261666755965,0.000157290287316,0.435316453576,0.0248913623393,0.47817544641,0.313309325278,0.0175733201019,1.35793362146,0.0138893863559,0.630206210092,0.0306003329623,0.0782939826511,0.0272198738344,0.266669054106,1.41367373399,0.0173955713585,0.23051191505,1.34470919088,1.82902063571,0.671842324901,0.409114476647,0.236965386905,0.116439808598,0.199800549767,0.0169271344692,1.26238182679,0.0345235220343,0.0618808722286,0.730620650202,0.739259769134,0.214023263627,0.588856583908,0.142850207128,2.19363935336,0.0465092441067,0.576627260095,1.37482349768,1.00207973413,0.682517318949,0.503981950544,0.248734411299,0.470776911257,0.0190023060516,1.80929766912,0.658285206854,0.987791544981,0.0150789475441,0.256909205168,0.757925971628,0.60060677778,0.0608720107749,0.527988713495,0.352779802661,0.634578850977,2.74869242113,0.245328272814,0.264408121556,0.0090007597208,0.727843623497,0.286221098732,0.0903731666505,1.53457303714,0.0910829301132,2.69664374828,0.0268123648316,0.115574204922,0.0222704322729,0.0969468617439,1.69396321241,0.591533944514,0.0492115448415,2.05243835896,0.0700770069659,0.434362486722,1.24546448507,0.467762735263,0.529992451966,0.0177960726991,0.24018981386,0.442273936048,0.0858076233789,1.40115784414,0.5803905934,1.59833426353,0.263896922432,2.22785148963,1.43978878113,0.967022586055,0.318102243356,3.51462922513,0.714726877213,1.15666232198,0.348651457578,0.285133529846,1.15443743955,0.303266191073,0.202567401901,0.933158918023,0.30535849652,0.136145764094,0.853758464307,0.000229039676487,0.0334612335265,0.262827970898,1.02766065322,0.184115867838,0.225248371772,0.329679397941,0.0551131307171,1.09749836352,0.108316855254,0.361351555809,0.775925784931,0.0176295247301,4.74615795135,0.00949667602777,1.05243724629,0.293868143931,0.428135319129,0.532736941874,0.419750614427,0.248899768665,0.288664837368,0.0605398206227,0.0221691126385,0.115207222132,1.41514675722,0.415333323143,0.622929259893,0.567351623923,0.269782963563,1.58724056091,0.184386842586,4.03193377256,0.187945007775,0.0255860166997,0.519045528434,0.223828990459,1.38632639825,0.248090998307,0.249609908033,0.0868959970027,2.0451519376,0.169105729591,0.891944827018,0.0441625213251,0.0477785238624,0.0343128402531,0.0123010834493,0.892219298985,2.78579575896,1.46202101683,0.124721322563,0.592593603618,0.00653257265687,1.03547114339,2.41851071253,0.951925431099,0.157471894622,0.275874635885,1.97182322644,0.129674093798,0.171276344433,0.559145280593,0.459653222784,0.320771034956,2.70284315348,0.119817373678,0.165058624744,0.119818431512,0.0713780236989,0.133242964447,0.537105724178,0.082041658219,0.201643110747,0.943510933965,0.0430076101422,0.228023323901,0.0258088369668,0.635114689618,0.0520748304948,0.526074727573,0.382480522878,1.39335901611,0.989413851202,1.65822153151,1.02771313551,0.36900647603,0.657036643028,0.194326637182,1.47929310113,0.147865127437,0.0104409798235,0.160832756471,1.29176485006,1.32186151673,0.281632997748,0.0187894283235,0.512959824963,0.0513750041462,1.37144906126,0.898911231607,0.0216889512539,0.0439101475477,0.398964770241,2.33110611543,0.854296765402,1.17829518385,0.279168054089,0.179611887773,1.18655849508,0.560501756109,0.156011693031,0.128637069259,0.0202275073528,0.376485352721,0.347489413768,0.40415345937,0.00211627453566,0.265272625173,0.0704147834331,0.650433986634,0.0,0.268851780295,1.13775731442,0.124587087594,0.120962840989,3.08596735062,1.84090410497,0.00132024616003,0.302894029692,1.75438948989,2.32345903657,0.665152076706,0.293427936547,0.0192474794388,0.457091462836,0.206874907613,0.0285351034999,0.681264334135,0.106796872318,1.4300567171,3.14734321415,0.359439224824,0.751063984185,0.178063899763,0.00215262776241,0.420066974759,1.16211815059,0.0624815461785,0.735621985383,1.65725791357,0.303705515079,1.63496371344,0.048409126997,0.216049117148,0.130532191936,0.0386831432581,0.325977449026,0.0151906978339,0.360134430975,1.75430029705,0.00391919419169,2.2711770907,0.0,1.22397113994,0.339692611992,0.143950054944,0.0745493575931,0.445567852706,0.0904590046406,0.0564073650539,0.125472866297,0.763992176671,0.116215931457,0.294832189232,0.263758539946,2.26607689977,0.247182324976,0.40959066689,2.82624665946,2.08603344202,0.675907691717,0.0661141131446,0.288207911253,0.531686606053,0.385719455779,0.108299605921,0.65369598737,0.0873101603985,0.946645612121,0.000539865083992,0.233396777251,0.162408572361,0.708903832436,0.933084487384,0.349678319842,0.0312919562683,1.60801121466,0.0447109079361,0.410896038264,0.844057564698,0.365940415263,0.568951721452,1.42982131016,2.42485647485,0.646116705453,0.0411161818728,0.17265331164,0.349555271203,0.00523735940456,0.194678911865,1.0179198689,0.0167114007473,0.40638057977,1.04271378089,0.0281821466237,0.0611245813966,0.0749498558044,0.266007554606,0.0119534527883,0.0,0.500254934505,0.480981447063,0.713717100658,0.994784130454,0.0391753940284,0.00221792887896,0.259748386554,0.356799581945,0.606511272341,1.15996410131,0.0977886550128,0.0212801353633
74,0.309480302967,3.47862267256,1.89448127342,1.35778784662,0.372448227108,1.23780569769,3.0188650322,0.363621055121,2.31955676064,1.01931588948,0.80924115032,0.695829693899,0.875061530042,2.46407038689,1.24970331371,0.356014747694,3.03122691095,0.307646308467,4.04781851202,3.68529140711,0.309529386014,2.86864254951,0.602045761347,0.738346300125,0.0101895907894,0.146806358173,0.102405284755,0.526178245395,1.09563326031,1.92434621096,3.95319739342,4.15672647715,0.573829248548,0.48752623979,0.973272932586,1.74651917458,0.556261707852,1.44248981893,0.284888721444,0.118074874505,0.0509989652783,1.86171874881,0.587675216794,2.31323572874,0.925725669842,4.25759349346,0.205688024163,1.65445344359,0.67297626446,0.206545709521,0.0488487549499,3.4330736208,1.38892772853,2.31976182491,2.00131259188,2.28922199428,4.69150935322,0.590463347137,0.909494867027,0.314422419965,1.12710985728,0.08849151209,1.0179174215,0.868626598418,0.740625682995,2.93802318156,0.155542517304,2.2969848609,0.362411720306,0.0,0.659826217424,1.55021296605,0.0384255904518,1.78935392499,0.273933037408,0.318660769872,0.497730260715,0.70095104076,2.17913057268,1.13431184512,0.607088841051,0.318658710346,3.30916105747,1.77159698755,8.04459203243,1.16936505214,1.49291207045,1.12513856385,0.807814045642,0.174986106157,0.285394594856,0.0642348424345,1.72435651779,0.352437400222,1.28381173462,0.306420274824,1.66381938189,2.27202616692,1.39239982963,0.00484571856447,1.55958901763,0.566950682998,0.456888511628,6.6784809196,1.13129346535,0.375845205188,3.60219165206,0.402686965577,4.18324576378,0.174723470211,2.65816523373,6.39545547485,1.38948707923,0.359144749083,2.45026273251,0.282959935814,0.179696467686,3.15331909418,3.73420314789,0.596920101047,2.12612089455,1.77446032643,0.144338792786,1.63975386083,1.15236992896,0.230082943793,0.5530470597,0.460004257988,0.316709674075,0.748136185184,0.00233782872558,0.834481161535,0.733850172437,1.19832147233,1.58857531071,0.885313244164,1.56508893013,0.726021353453,0.296403094642,1.30482289881,1.49936880648,0.792659319937,0.319531197995,0.636398899741,3.87300851628,2.52327718854,0.295475472212,0.627949460838,3.43773360491,1.03882211871,2.69892080665,0.991026225239,0.561917676628,1.89309340656,0.616822621431,0.0470680641383,0.748936920464,1.63052876309,0.0191733783484,0.133571737856,0.748156216294,2.50763051748,2.00596768439,0.278467028812,0.0559106888622,3.11563450813,0.95966902636,0.661208821535,0.670066883191,0.385157360211,0.157182396427,3.01930324078,1.23247390095,1.6087233007,4.18994312882,0.286710390523,0.0152086799592,0.332267224938,1.24297699064,2.68755380675,0.893319941759,0.440770930387,0.384541424513,1.53485700279,1.14677968889,0.283252002075,0.742680549491,0.711691099964,2.78556134045,1.05454813212,0.0362953881919,1.1020784015,0.23929392606,3.72811993718,2.81050358713,0.43941638587,1.40222962379,0.433145998158,4.64041403979,4.714138937,0.0688532082667,0.00161559864879,0.0791186420619,0.786384335831,1.12210280776,0.764025460258,0.459249992892,0.665577972978,0.665725307222,1.62494410053,0.711814164668,0.30879190281,0.291090850718,0.700870459527,0.413561241254,3.92001192093,2.29694773972,2.32620136201,0.480647644699,0.181016703956,0.426481503844,3.802162292,0.984509818507,0.646593957543,0.831836978495,0.113796003796,2.83177501678,0.113155487478,1.49246262729,0.0231123642437,0.105553964004,2.81749381423,2.07797977388,6.326720047,1.69264796413,0.741058156788,1.87952452362,0.694850084037,2.80352820754,1.28267064754,0.394655588721,0.277900666893,0.358842047825,0.381970222443,0.112144869417,0.521705573909,4.89037734985,3.11918197215,0.427542888422,1.23206256818,0.0,0.665005696379,1.30594179034,1.84756951317,0.0289461830258,0.236108361185,0.991288624406,3.24227167487,1.27676372424,0.0278801415861,0.231941742152,2.95107018083,0.264270065501,0.562416366171,0.714158250093,2.24551365018,0.104692742676,1.8521765244,0.546121495515,0.933543099165,1.3777024617,2.09625296474,3.89007939845,0.932222395539,0.291863885485,1.19933007661,1.04175100476,0.386487474255,0.381681831926,4.7354960537,0.704078787118,0.24638965386,5.15301253319,1.69188402951,1.2575684242,0.562439947184,0.101856578924,0.439287676886,3.32400229812,0.0354239086062,0.499762188345,0.777101888806,1.27605564311,0.933302512765,0.219473476261,3.55337094426,1.43116015039,0.459925437868,0.195089232624,2.49466944993,1.20495336682,1.2953721121,0.617813543081,0.145990730077,0.183646402918,2.74532819033,0.392665345371,1.60473860085,0.197884942926,0.210096293092,2.02533242941,0.771367865801,3.40495351851,0.367561725676,0.0989055520296,0.0657307549566,0.369527812414,0.386068086526,0.467794249225,0.00503781884909,2.93741175413,1.05379359066,0.502885388325,3.46617637873,1.35349371187,0.699907026887,3.78363446474,1.7983853896,2.80309303284,0.0341323173605,1.336024988,2.04224453151,1.06665926993,1.60145037338,0.972652166486,4.44934657065,0.220960794501,0.708192244079,1.90365017146,0.63040487662,0.761488514841,1.80343289064,1.17342074104,0.192832667641,0.0474009224866,1.32427753568,0.727852832526,0.180242167413,2.68456881642,4.13235159636,6.19587824821,1.18305973649,1.11843528878,0.116392761096,0.162745315954,0.496976297647,2.53075788379,0.205315299891,0.0840778805967,0.125711412691,0.225186285228,0.041910093464,0.299217022299,0.206568000615,1.60389434237,1.24151055425,0.113256104002,0.22608828716,1.97002814997,0.608265675008,0.189991391972,1.87117604747,0.144811972603,0.471515670866,0.0775640828419,0.106548064277,0.0105785020813,0.797272390947,0.846092267856,2.07761906385,0.176430375874,0.1505993181,0.0741146932542,0.4117966979,0.386941390643,0.781463292873,0.482577382103,0.390754065206,1.66815513998,0.33002612568,1.06864651963,1.27592973176,1.87743210942,0.818647560626,0.0227167984517,1.45124254376,1.26387903005,6.14795293137,0.961190314442,1.2493077904,0.892377790725,0.179415818034,0.621531017125,0.26464054253,0.0303397218883,0.371811005678,1.23143024296,0.320726494743,0.243211331144,0.0290185314044,0.758081001434,1.2173137176,0.0218905476853,0.0779570191726,0.369832122996,2.20930331945,0.569631247283,0.628393678619,1.55584640741,4.14875506639,0.0904174523056,0.0190532932431,0.133290029876,0.00695934176445,0.344467766732,0.172463037912,0.00789648413658,0.599648206569,0.402370963842,0.00758793160319,2.21851523489,0.117471586429,0.193691592689,0.322410620749,0.475131263472,0.864098325968,1.89831778176,0.191614820026,1.54587294742,3.78173893332,0.5627613586,0.0072851113975,0.0226750839129,1.90114464715,1.1958751034,0.387944788672,0.357083272189,0.0386463564634,0.189300342016,0.670128944069,0.43679545559,0.330027605444,0.712472133711,0.0498547622189,0.0598134118319,0.631992319822,3.25851973832,0.735734256431,0.26987284068,2.31003754109,0.688436793089,0.131653447039,0.100387896672,0.137100228183,0.381751386435,0.660221374211,0.18595189482,0.525969057847,0.683021501154,0.149304144606,0.120660704887,0.361503956169,0.0674198236316,0.153929135762,1.41539213946,0.22421677016,0.177299457714,0.321991715953,0.0,0.10882068753,0.593924099542,0.999978986382,0.521215358591,0.502509259395,1.09202347822,0.394733329192,0.241821448784,0.630555070303,0.0674951932579,0.0479407739639,0.0950650452636,2.81764505148,0.00160126511008,1.32327125065,0.0382401224505,0.685453430489,0.333077978268,0.324186174273,0.234416208011,0.400837596506,0.151535853744,1.24770200542,0.0063142627012,0.158351149838,0.583957016468,0.844792485833,0.123877435215,0.326352456398,0.438051474541,0.195772850625,0.866637101918,0.188858544305,0.338411441818,0.402503736038,0.418104714602,0.164416494668,0.356023313552,1.13673164129,0.256246932168,0.120584760308,0.108537608832,0.31832415171,0.344507815391,1.97702124208,0.674880107567,0.483436712511,0.789280730858,0.208747636992,0.903726231866,2.10754082084,0.200207559038,0.869454582334,0.378915553391,0.0889257419109,0.241438377611,0.634228894413,0.280741444118,0.112087890655,1.68030419067,0.626134660374,0.800232048929,0.511214283407,0.818336157948,2.94355414182,0.317916765884,0.500377248786,2.583286075,0.214929820898,0.42186134886,0.0386345735192,0.739397965744,0.00147750332952,0.592128846049,0.219037033841,0.218516604826,0.303762156004,0.59947887304,0.573102219813,0.167075919397,2.81420246899,0.902577646673,0.299757805169,0.0725052669644,0.171060582064,0.46815334186,0.109607790671,0.210582629293,0.0887649873085,0.199621653035,0.969104215931,0.127703556642,0.189344463944,0.156956114518,0.211925642155,0.633254296407,0.725604572594,0.380655115917,0.137335466146,0.340130336396,0.282637710541,0.66914657658,0.900994506106,0.137659702813,0.119115192508,0.278951026276,1.7611800256,0.307534708059,1.37121697053,1.09570480168,0.513775873482,2.36412389308,0.118082987666,0.856012179628,0.23278360188,0.337042023465,0.0728644289053,0.0592130557075,2.00186594129,0.246690252515,0.182669347152,2.30233148634,0.00570091962814,2.63378932436,0.397273731306,1.09246589959,2.97001603171,0.103219050169,2.40327620424,1.70129832581,0.351368143931,0.590677583516,0.444233313706,0.692500754986,0.0248298849538,0.0708730639634,0.0876260291599,0.736227228045,0.114715865243,0.38737858355,0.689083716087,0.136724106967,0.976845175689,1.28026662299,0.72451723082,2.87771555051,0.180494407825,0.347247066908,0.374240698405,0.828470220566,0.603721772134,0.0908110301197,0.393289114404,0.244755280614,0.343209435083,0.989687538818,0.0848421089025,0.00537810280919,0.174612602703,0.338948962213,0.861315112673,1.08026501496,0.119293367267,0.448879156336,0.687224058434,1.53566905901,0.184277465492,0.220369505174,0.164968763217,0.664265839756,0.493722659647,0.644764350504,0.242096436918,0.055211915113,0.0293310119025,0.249765561782,0.524994773567,2.10315998673,0.931442328691,0.366733451039,0.215781719824,0.163763855696,0.337142460942,1.37088312373,1.17372301131,0.337065789029,1.06222108819,0.210956462026,0.288464174196,1.10556810254,0.496350425966,0.995913031325,0.278075173534,1.29479419678,0.179470068179,0.282259910218,0.209097791463,0.0546588215232,0.778117042929,0.148668139162,0.883428769149,0.0954120524786,0.584631191865,0.364993899819,0.284356511673,0.47982780762,0.300406145724,0.826840083143,0.0879343949258,0.300843439195,0.191197597764,0.408234688386,0.000614485647529,0.199427454993,0.0241660075635,0.289952151924,0.353478081115,0.451725370884,0.349941851639,0.0229010166507,0.475670500239,0.0431268293783,0.0535617502433,0.0448300978541,0.482543666512,1.0680557999,0.0263139303937,0.0847080314206,1.39598551489,1.22201410227,0.28283071883,1.21787683763,0.258711453825,0.218829149976,0.0727504459582,0.0405397109152,0.941696979254,0.12768559373,0.113239832893,1.13152222903,1.22561480608,0.0741863027215,0.761871536132,0.67816096222,1.25841523647,0.0785485216789,0.847140226634,0.877025513649,1.44845880582,0.994823027849,0.458517200798,0.670053188808,0.635244159102,0.122640321106,0.703724037129,0.196623858744,0.946983210631,0.0916601863503,0.657946522686,0.340208249907,0.373514161361,0.181100112125,0.154535703398,0.22616200719,0.736217153296,2.36971743286,0.12032417357,0.219151054062,0.0302988480777,0.466543245018,0.397954911329,0.0348252769932,1.08098902866,0.562587745953,2.20917373598,0.027986046318,0.179649428204,0.00542985498905,0.127580590993,1.73293491267,0.408549394123,0.142839195877,2.17417162448,0.0656725568324,0.321644291617,1.7265694207,0.814244960397,0.27478639422,0.0111893390631,0.384471984571,0.418072083518,0.23652583885,0.909215378819,0.347969406657,0.827203237414,0.336593457982,0.506186246462,0.762769785817,1.12659008026,0.222486441135,1.81298854485,0.733877012581,1.38115916312,0.0713997455686,0.783736789711,1.29318817902,0.0541914733686,0.217262088526,0.474466404244,0.370435783193,0.134902563971,0.524674527645,0.0656251005363,0.104009068608,0.666812509038,0.66925859604,0.233051040396,0.283460895792,0.137266613245,0.0350820152834,1.18567335306,0.178414338659,0.30191480957,0.342886906415,0.0461180622596,3.12258162439,0.107428225502,1.03164957639,0.682191329305,0.410023654401,0.265345039926,0.163221982066,0.666303954273,0.169650769792,0.0117132044584,0.119526512288,0.341165845972,0.656361084878,0.442926093787,0.509560470954,0.866183218583,0.387268164125,0.317086714655,0.68551528356,2.22164957732,0.0696197868045,0.291210589968,0.277382155377,0.162786289491,1.33244745621,0.398301197216,0.211023816466,0.0740176792257,1.99074724078,0.240160892308,0.409741864223,0.244880240783,0.0870279973932,0.234428881647,0.00219271921087,0.14863392204,2.63769970477,0.674048900604,0.237296545058,0.380655824002,0.231368861793,0.566195490053,1.1213927108,1.11383837312,0.0231671840325,0.311141956672,1.71344060495,0.13407637652,0.168823445179,0.367529176148,0.248553387113,0.4234330469,2.08384004816,0.00741569127887,0.00618451461196,0.112723071259,0.00406108189374,0.176486053504,0.215248653106,0.135538649452,0.147680942714,1.09106201574,0.127666635513,0.103856401574,0.0104733347893,0.444218479712,0.172521272898,1.05112551693,0.294063145109,1.96365166724,0.576097178534,0.465475320704,1.21039462656,0.511791672111,0.552763728425,0.036619684766,1.48087704748,0.390426908508,0.0253710593283,0.349911324605,2.07622228188,1.52221023977,0.060096424222,0.0190786790848,0.177094403803,0.0471288460679,3.22622816173,0.584567653281,0.353182968134,0.0448829049617,0.200985938851,2.71843511701,1.43638861477,1.6986612225,0.450094824582,0.621604559794,0.729131718539,0.076776590962,0.336196248457,0.0566863062233,0.0,0.172864149809,0.371860747477,0.242517973036,0.0,0.0578268222325,0.156344362646,0.83866890803,0.0,1.0254822582,0.37825652292,0.519340265989,0.177777080461,1.15176090479,2.33697006822,0.0120908415318,0.724176477939,1.40772825431,2.39584748626,0.017402485311,0.154209007584,0.130487500648,0.333298299769,0.201761028618,0.0334598040581,0.879901893884,0.108184425756,1.80190573648,4.70714069724,0.0448405115306,0.861747025549,0.115776461079,0.048510555625,0.305228259787,0.876211935505,0.00811930477619,0.186956094094,1.88399489343,0.0226208544523,0.707323392443,0.0133719587326,0.0100532457232,0.255251177102,0.0979285479523,0.966016853452,0.386707343385,0.166543792114,0.928073325157,0.00465369045734,0.422475228608,0.00202360078692,1.81428094879,0.767480897903,0.0701927500963,0.0414282427542,0.627506355345,0.132570737181,0.15698377882,0.0194544632547,1.75453006707,0.113709417557,0.287978477404,0.231964013427,1.11979366295,0.4185329023,0.253714191839,0.907912117599,1.81858694039,0.206115687042,0.0138539457321,0.0946403645724,0.881386818588,0.203633962274,0.0330260764062,0.963188446835,0.0584418902546,1.06185214892,0.0,0.319884352833,0.115221260488,0.0882932466269,0.480674278354,0.235895932317,0.349193012465,5.93557671845,0.00582061320543,0.0911805011332,0.357713638023,0.0,0.723106197715,0.705493071899,5.68649243236,0.0660255862027,0.0298857563734,0.411351640448,0.115070376762,0.0,0.717202638071,0.893696616143,0.141975342929,0.202038430953,1.36027928069,0.118162288303,0.0806697522476,0.0872082042694,0.442723863721,0.0856565588713,0.0215134246275,0.222813512832,0.354439497292,1.01189377129,0.320083070993,0.0,0.202163959295,0.420709752142,0.291388381571,1.16988523178,2.64803681672,0.201296503134,0.0554252703488
75,3.71001484588,4.71280892849,1.36843643403,2.32148195922,0.244527293593,0.646695136428,3.99427147865,0.0901733377576,0.330287480205,0.776292026043,0.546790532488,0.763184845736,1.39265460432,2.33545134932,0.746926825643,0.769304760545,3.55333784193,0.150422480479,5.68732239723,2.31878608227,1.1808215433,0.908816538751,0.968586274087,0.214526199102,0.0103271175921,0.359835243486,0.029469788447,1.05133061182,1.2170034641,1.14443426862,1.85015189767,1.99641503453,1.28782746702,0.113783481969,0.134859536365,0.0834141992871,0.942027930319,0.987523386776,0.0962556323409,0.098973362539,0.123725732146,0.411636663526,0.717259842195,1.95626104534,0.23949876532,3.91095422864,0.524123740494,1.10482711464,3.05764360353,0.196618841458,0.0883874167886,1.43462020755,1.95601636827,1.01952213228,0.471139649525,0.683173333779,1.58478709042,0.746639733375,0.250162985893,2.96936645091,1.0376291842,0.073679183647,0.209808316827,0.28108723633,1.57743785869,2.33061107874,0.11906422127,6.18031897068,1.62961804554,0.0147401034832,0.204789323509,1.92628919721,0.0115854023769,0.532850657403,0.123358426923,1.00437418699,1.49318738282,0.881645825505,0.718981399089,0.233607184691,0.283808598612,0.187579445373,1.17825444385,2.49653691053,5.08945872784,0.192851687819,1.52230535597,1.2999187085,0.244176337644,0.91910567224,0.239896019101,0.0726190470159,2.47976891756,0.427062844988,0.400490614939,0.144821653962,2.09063367009,1.88947924078,0.235652150065,0.0701319549978,0.821982884407,0.490577993547,1.06581873031,4.72645819664,2.20208181381,0.171768080294,1.42096016735,1.71824258447,3.56275425911,0.22179282099,0.403628240824,3.59262672424,1.2666638314,0.296699383344,2.00678581834,0.307015856365,0.0560930976213,1.16278061233,3.01384777874,0.268442715555,2.5974048005,0.188359561265,1.19345778823,4.2685299921,0.529212425128,0.174230743283,1.19195413828,0.228406752571,0.572505530417,0.230416791141,0.0437332323194,1.55221232891,0.564363678473,1.27501363233,0.778453675807,1.40174153626,1.01388606966,0.366963063627,0.911397649944,3.33197599292,2.32542503119,0.886833943129,0.295806585699,0.574607725888,1.61176032484,2.74634156704,1.36148348808,0.782847416922,4.21334207058,1.81300749183,2.421983307,0.629777636528,0.40551728338,2.60439421337,1.25788762212,0.275639896728,1.19192654923,0.967226087451,0.0331108834851,0.00870191529393,0.946960698515,2.50722240567,0.305250460654,1.08883100629,0.050470064953,1.97459270567,1.9896094656,0.279953412311,1.20742497025,0.330121751279,0.27132097106,1.83795349479,1.11657960415,0.528862839639,2.66925552607,0.878795457371,0.00212637200952,0.1545236954,2.93373527408,5.10847700596,0.565540565602,0.70455101952,0.077513171481,3.92472511768,1.36511653602,0.24836533837,0.887394169569,0.672685094178,1.01483349793,3.86448232532,0.0209239560366,0.949777512848,0.53868588075,3.76099913836,0.927112200579,0.568155380189,1.25002169095,2.93796370208,1.47200611174,4.27581026554,0.0176381766796,0.0617298752442,0.0066103444621,1.08589796007,3.70458596468,0.361811864302,0.0619706689753,1.80716595016,1.02441952884,2.05619627863,0.310027567046,0.184715407465,0.591854074448,1.23326949596,1.68266609192,5.58494360924,0.604572629333,0.575025440231,0.325941073895,0.160872968286,0.101886155009,3.98024360657,0.191213247813,0.342224831209,0.248290247172,0.299219257645,3.33813998699,0.11808825016,1.26211207062,0.0439479245618,0.0611559969187,2.96482062459,1.3195429948,2.03393675566,0.819935687184,0.462552113011,1.56044702053,0.921530935355,3.14376035452,0.896131776813,0.0714700003341,0.113819820285,0.342635546401,1.04501341673,0.110788967572,0.35385211885,4.69305410147,0.779519306421,1.22010891557,1.73592698634,0.00533812457696,0.625040124431,2.37704428911,1.86147264838,0.00922042056918,0.451916558146,0.43401569875,3.13182655931,0.677679528184,0.0858987336606,0.168490956947,1.13925054595,0.599187934808,0.685918933302,1.93874999046,2.13765653551,0.131789814159,2.36881243229,0.26406876646,1.61568428844,3.58472171307,2.45702332139,1.66244845409,0.745234012902,0.311973783225,0.104402160794,0.496972413063,0.144424463827,0.674060690105,1.34955689549,0.628671583682,0.652084542047,4.11513712883,1.4677802439,1.17144373566,4.06684594005,0.154464236302,0.087918826919,1.55876885802,0.189706806075,0.376977406517,0.162552634571,1.71176742911,0.988695117608,3.46846751213,0.660607628506,1.98630450405,1.62931285799,2.80087350368,5.79850737572,1.69983302951,1.19134084731,0.199652808849,0.22608246997,0.0469243973494,5.49523306847,0.271194361746,1.8410688448,0.0243904531747,0.178949104499,3.16499672651,1.35405142963,6.73546906471,0.219395062998,0.243658857802,0.0279667723924,0.220111269504,0.0671006913483,1.77348401785,0.204127440974,2.57861702561,1.45970654219,0.828428792953,3.27544578314,1.10958632909,2.51540086806,2.60843154073,3.81882650852,1.46797446609,0.00686899975874,0.928230567873,0.970862690806,0.358655962609,0.195267015845,0.682241231985,1.21079646565,0.0211895854771,1.09413426995,2.02952287555,0.833490864784,0.754341450613,1.68901043788,0.287474182025,0.255311064869,0.00670216999948,2.42026418924,0.581890500486,0.847615876049,1.77726349741,6.86528914452,4.55048700333,1.07109839022,0.283365759361,0.321575835645,0.531533308998,0.102207528243,1.13791413486,1.24425157661,0.219888138315,0.162487318125,0.639014626145,0.307919291556,0.46096894715,0.386003974229,0.730749582304,0.0918492276361,0.305321778506,0.418011295963,2.62106630206,1.2988964209,0.119909651577,1.15586276665,0.682372101918,0.173367378861,0.143728933316,0.590646187691,0.0606196075492,0.907396038175,0.543772594631,2.91939977422,0.276362245083,0.170348231979,0.448247139249,0.675084634516,0.820977765471,0.745653034374,0.593864692505,1.11019648276,0.842176426947,0.693370160535,1.25385969754,0.411432007216,1.29622888654,0.232282306915,0.0945941491425,0.999372504205,1.27240172744,1.64887010433,1.45662916999,1.4152434361,0.206883396506,0.113934557782,0.304743184522,0.0579564903304,0.0560263498127,0.652422997369,0.186963398559,0.654673011601,0.70892369058,0.691905200798,1.06807602109,1.32304705828,0.608740396481,0.708052458465,0.173053620346,0.210072609037,0.212161706612,0.406483841911,1.92801683158,3.63905464053,0.256899935547,0.064728351254,0.585993293822,0.0965599840134,0.747010759311,1.17024001632,0.0721672701836,0.866425667554,0.514819191769,0.0253398118168,2.03919387629,0.584529498518,0.216395575292,0.656801141348,0.711967878118,2.34767262757,1.82963567883,0.509217298925,1.14852513745,1.67830702946,0.699841675162,0.182792540118,0.0456902420241,0.573976637181,0.684792672172,0.425698887706,0.448302271664,0.26868138656,0.295933165699,0.677095469013,0.842716974542,0.681366187334,0.675373573788,0.483669230342,0.178193683587,1.06782640129,0.578283848614,2.0911110881,0.469432173446,1.19813539244,0.529602627009,0.384905717373,0.0564964470267,0.0756280344911,0.158382188194,0.0579843281023,0.542418842241,0.935716685653,0.151357122064,0.386241941378,0.102089145966,0.505385766625,0.140180654414,0.385357558131,2.83532683492,0.393918002769,1.04228754193,0.882753762491,0.00785828843713,0.147102875262,0.927835281789,1.12473822959,0.526861874759,0.455653727874,0.567082907669,0.608162761051,0.356383391619,0.473321189806,0.299495485835,0.0319677513838,0.105243245102,2.2955801551,0.0199143144488,1.82558132537,0.512719573379,0.658593900986,0.82903237164,1.49623705818,0.328385812864,1.01537505139,0.0279668265767,0.802782818681,0.417268047631,0.444597500488,1.31374771461,0.813132052757,0.459293956216,2.29070517123,0.848160956539,0.254456339702,0.612699621543,0.219894132186,0.112020578422,0.556620229781,0.0833278927207,0.148695792779,0.8898978539,1.04730537981,0.367677399777,1.02590839028,0.399266600311,0.208925271928,0.776210644543,1.32702308983,0.879048662037,0.115632277923,0.484823881835,0.525058946609,0.533771953415,1.22330349684,0.139073165953,0.983175127283,0.2299197568,1.08773483455,0.01232220456,0.525989862382,0.465017901659,0.4348897627,0.92652113976,0.280563180503,0.328455228172,0.644380845726,0.62399390392,0.618371308632,0.612978952955,0.856404194031,3.68915082783,0.166069036619,0.642474172115,0.334312639832,0.967054097652,0.119770754501,1.68293953536,0.136304955184,0.250699370424,0.342591539621,0.676278132349,1.0075892184,0.142646747595,0.941178824306,1.10994047731,0.190035592299,0.0456192901358,0.208286655359,0.835947176889,0.891169525385,0.126260722429,0.122652915083,0.521218053922,1.08211891143,0.120858127475,0.433843453862,0.100945522487,0.694147531427,1.44090845615,0.804549837857,0.199010209441,0.328553681448,0.215321323834,0.179238131437,0.505720909387,0.656024847627,0.0638902713358,0.32730440693,0.0264720493369,1.11679380655,0.834474566226,0.599327140823,0.796858812571,1.07541324496,0.680640730001,0.470648264616,0.229042148665,0.38403849938,0.705903460383,0.502583812028,0.156518000513,1.67195198771,0.0891858130693,0.321677651568,1.93432205437,0.0463630005717,2.85875746816,0.817106555626,0.977642862536,1.01045018852,0.221929459721,1.80542931139,1.32153022574,0.222634984776,0.487295001913,0.123831078861,0.567931249123,0.051052722577,0.101192919761,0.15774562493,0.669244350046,0.139661838114,0.577991043329,0.0760095945187,0.417495761421,0.231552003697,0.856813592911,0.474746471941,1.63196655493,0.834124480188,0.431249025017,0.885844756663,0.876990531348,1.33680526376,0.391000255346,0.512088967562,0.461245503426,0.648115056567,0.17980679756,0.107753229327,0.0268850807846,0.104971462488,0.236969076917,2.51693142474,1.24976406164,0.682210284956,0.442775881886,0.323600580208,0.540592098795,0.109444556367,0.706007594988,0.467528122552,0.146726004295,0.375654365867,0.963469982706,0.217375603635,0.0693529450893,0.0498777868785,0.177961923257,0.752238627821,2.39962396502,0.788835476637,0.458280498061,0.252876525708,0.098836939577,0.420574878212,0.633695466667,0.896448986381,0.0591284149885,1.41891205519,0.50818586622,1.22068290081,0.701295126192,1.51534652352,1.00671900332,0.684358587712,0.66944389645,0.478816685434,0.380853916127,0.146665694863,0.062466281876,0.339436430968,0.0760778165236,1.61782748044,0.10377865389,1.40488136388,0.337315188423,1.12325261027,1.37296516804,0.581429654956,0.442857745392,0.146694194973,0.15678362146,0.5122037559,0.224333045855,0.0,0.144703368082,0.0828007379174,0.285179597884,0.0468152423855,0.0585959542356,1.15817364473,0.294379274398,0.227407364286,0.0971000613645,0.127963953242,0.0730927394703,0.362824703828,2.04603671312,0.321108274907,0.203436372168,1.3490894749,0.984266786682,0.373444829211,1.88737632301,0.497860171925,0.335426291935,0.105909152115,0.374704929986,1.05692771633,0.771480322406,0.100761943937,0.593414474726,2.70525534555,0.201884277426,0.472842238918,0.0418891237164,0.902124709785,0.310091017187,1.72427218564,0.97519723475,0.308743105568,0.536863808697,1.53078427024,0.159060273181,1.90018542767,0.00893541201949,1.71653754681,0.295064566992,2.675714259,0.0226134736836,0.150391937643,0.736097259112,0.214956380911,0.139406752009,0.830320886672,1.02537282072,0.826406611111,0.589872797932,0.768942027688,0.364018531591,0.301684137024,0.150520803556,0.614799317718,0.182501085363,2.29696346045,0.194969145469,1.11512223549,0.100437509865,0.0217810547631,0.0843783693947,0.134229105562,0.253579594754,0.163715898851,0.0103158332873,1.02707964676,0.0815601442009,0.592541308254,1.08615983125,0.0931610606611,0.307172300145,0.0801031210274,0.950752411187,0.274146657661,0.219849283639,0.803023884501,0.771999250054,0.405019021593,0.088504865407,1.66246788681,1.42461507142,1.22127942186,0.157328978719,1.08523160324,0.214046170264,0.501987752467,0.150029413402,0.357705908029,0.585391163812,0.350843008459,0.337353795096,0.884308326412,0.292188338898,0.234764380567,1.05769779963,0.0101332870126,0.171213314338,0.503180205729,0.382617843435,0.378714476526,0.143926357478,0.209008355299,0.259443297088,0.283879148513,0.13064051196,0.796758574294,0.905869030692,0.0551392415166,2.78222973108,0.605879866183,0.498688217055,0.218231389076,0.135209239633,0.481037389413,0.408833180591,1.10008167937,0.356781327911,0.00894002487883,0.0161539330333,0.623787810653,3.28586215109,0.860125698447,0.166225344092,0.42184499234,0.178631791845,0.849991128594,0.193910899963,3.17080566853,0.225754433336,0.0365574683878,0.533998253196,0.293182753846,3.05321277291,0.63514306426,0.428355592303,0.112191055976,0.576631689947,0.179169201255,0.659062729478,0.383106536418,0.111464483989,0.31423777774,0.00754971371847,0.656641551964,0.53456403641,2.28187219769,0.0153354854323,0.698990527242,0.0216366099566,0.897347294465,0.901876475811,0.281401370466,0.0602946813591,0.841145273447,2.75083805971,0.558603528868,0.594027632028,0.237149340212,0.345800487772,1.30025442496,1.09829642969,0.0894043812202,0.197618222125,0.0172134285048,0.143835166767,0.395881888904,0.452789907232,0.0493858680874,0.144617012963,1.02454632161,0.959048332572,0.22065562418,0.0247916907072,0.411838618233,0.325733687273,0.68540265114,0.91851015511,0.302382332943,0.70871846146,1.06104658294,2.25104878604,0.95539031446,0.35352163041,0.786190949785,0.439030649405,0.148777563125,0.0436016372591,0.90297564812,0.639139169976,0.509454847127,0.171150949243,0.133042091876,1.40317940895,0.0475066764466,0.508797357455,2.27045938671,1.36037125088,0.0838831580803,0.789162724391,2.43423873886,1.5627013161,0.826898947954,0.131702852398,0.949161109868,0.628961605579,4.67585004732,0.0875328671932,0.0891781919997,0.0716988537088,2.36109533951,0.357892303392,0.235069510788,0.0317706871033,0.723391421214,0.192761112489,0.225337147648,0.212827040628,0.0765494039655,0.542925343998,0.0495576127619,1.5384520828,0.932623381242,0.730210272968,0.0,0.126058287323,2.89550289512,1.94776709318,0.191363513377,0.670022422075,0.132003608011,0.347369850911,0.153757104725,0.0134097990394,2.47197884351,0.479225492626,0.618935581595,6.19043534338,0.209157756492,0.59251904197,1.88017537139,0.0154412031174,0.292499739006,3.57009250402,0.221415213048,0.949290615804,0.602283610702,0.126112646759,1.84199166154,0.0244249099493,0.182923700232,0.016086974442,0.169088363796,0.682634727061,0.337881273231,0.018698618412,1.35822898969,0.066130460212,1.97038669009,0.00712582051754,0.325617346797,0.324526184201,0.281027550314,0.924381735567,1.42608403489,0.0202499743365,0.499816245437,0.0379620488733,0.696812864095,0.448338448945,1.58723089971,0.372504809499,0.706951558031,0.470753474534,0.211515701264,1.98916805401,0.903849778473,0.481194805298,0.0265061616758,0.0398147663474,0.274776436575,0.341165190032,0.121430858374,0.58398496531,0.104355512476,0.693451761901,0.101650362909,0.624139263742,0.850244374275,0.0568392235041,2.04160143971,0.195289429426,0.150221869685,1.10820508942,0.0335690826178,0.0338796046341,5.73249075532,0.227385270372,0.77151632091,0.708192594647,0.676412694501,0.327997265905,0.0558413612843,0.113746063709,0.334339697585,0.369956675787,0.205726032257,1.32311811253,0.130854273513,0.747384126931,1.80407038733,0.182325883061,0.498634923492,0.454546415806,0.0486249881797,0.345946648046,0.076498875618,0.0800163968187,0.535566703379,0.164641819,0.296826880816,0.207800589204,0.416221824186,1.40509875305,0.0175489065424,0.162847674564,0.235239160582,0.0220193955302,0.333545238376
76,0.601016635895,2.92643652201,0.547817937545,3.93550673485,0.262673173649,0.0719435150968,8.19624507904,0.0380577307194,0.0458785140142,0.643917212784,0.211952647233,0.307403825112,0.273731390871,2.25240527347,0.718532454744,3.83606240034,4.25553987503,0.0351150482148,2.82908673495,3.49919430535,1.01476216435,0.636493275166,0.661007635444,0.0227450786531,0.0,0.0726582837105,0.0409880307736,0.692851900458,0.328511644229,0.843625018001,1.2482744956,1.49095714927,2.80522264391,0.0172888783365,0.153479457647,0.0330395632982,0.831811960377,1.40294378161,0.0367648348212,0.133336463626,0.146698153615,0.400384965036,0.279217301011,1.05832301725,0.0135634668171,2.23189224839,0.204377383851,0.270490312278,1.24378575504,0.229940291345,0.0243410380185,0.386915374948,4.21984395504,0.905788787901,0.433582716743,0.359383614957,0.509088771082,0.88808449842,0.0534621479735,0.60981244117,1.15451723076,0.077914122236,0.119401116893,0.219213945419,1.4943549452,1.8628160429,0.0532777117193,8.37197202206,3.37728556693,0.0,0.370649919193,1.95224906623,0.0,0.55173714336,0.0621426122636,0.483366013169,0.661401759386,0.395437079184,0.361032347754,0.856105356365,0.0795182147622,0.0976811237633,1.15276528344,2.08784035444,8.99872028351,0.105462326035,0.511170785101,0.641383813396,0.0198643568158,0.675790130123,0.288095606938,0.028690135628,1.52642770767,0.311585124023,0.502532736901,0.342529512458,2.39235878706,0.868720736429,0.39379308179,0.0195187218487,0.702796945157,0.326595738381,0.462579463772,4.94471979618,1.32809571788,0.0,0.74619900763,1.23831262916,4.77299289942,0.438908516914,0.0549100387003,3.9324774611,0.378122818172,0.123423603773,1.95366470337,0.224917640537,0.0476770472154,0.823692737222,7.16539441586,0.207273791246,2.09298000574,0.146302736998,0.494930151352,1.36175750904,0.34992841471,0.112932933569,2.36663604811,0.194799821032,0.0862414102163,0.235634434484,0.0244778525829,1.00073813224,0.265779272318,0.594369961247,0.576300949603,1.40009992093,0.555103398263,0.426722587296,0.142300621215,1.22709930107,4.2188301301,0.248604929671,0.151645067185,0.256850843467,0.33432790041,3.83125075102,0.859827115024,0.469362853728,6.58841665745,2.23881932676,2.68854643822,0.236797480658,0.188569396138,1.03796914965,0.197898987252,0.241413489878,0.661841379758,0.182375051603,0.0260636998713,0.00464777234942,0.155493150104,2.13853947252,0.127554774135,1.03916064739,0.0058303036727,3.56859810352,4.07722520828,0.080907179527,0.765649959743,0.0757622279599,0.975469248118,2.9356950736,1.34926538646,0.113975103423,0.772278532898,1.36849092335,0.0188829280064,0.494421492144,2.62383360028,6.22444351912,0.161503849067,1.09534614332,0.0353516253084,2.76852161705,1.35747727334,0.118159428388,1.66185728073,1.11437446535,0.71459858492,1.89415193558,0.0,0.381932898462,1.02091262557,5.38647192955,2.41568718307,0.260575627759,1.91943871498,3.52892173767,0.714821010977,4.56321507931,0.00839227229357,0.0269900755957,0.00125539153814,0.983204679191,5.59193375111,0.134639036357,0.0237261803448,1.92060611188,1.51206854999,1.36790415533,0.0886713637412,0.0639877763391,0.929706731886,2.13751577139,0.802048131842,8.94040406227,0.300238102749,0.106330665872,0.109896800895,0.723434913605,0.0720959627628,1.74907717377,0.0119920106931,0.17939834673,0.0543432315066,0.0590832357109,1.60336624086,0.067741394788,1.77754818708,0.0461920718383,0.0557351028919,1.01559989542,0.618852995634,1.39347120345,0.791316810995,0.582216898575,0.272308776975,0.782245535031,2.42134007059,0.472185438797,0.0328301604092,0.0776377665624,0.223875660598,1.89426474512,0.0868337562867,0.397283906192,3.52127254725,0.421163808554,0.543049614727,1.42782383859,0.0202310481668,0.240061871558,1.22973210067,3.54274820805,0.0043838045001,0.743807950318,0.561233445928,3.7663092339,0.550734009072,0.0635219474137,0.351191891432,0.77015390709,0.225776954889,0.506558636102,3.78598359227,0.556326747164,0.0683240646124,2.56027758062,0.139879110754,1.0561545017,4.64877487779,1.37400402993,5.15317684472,0.11956737265,0.0984809681773,0.218936642334,1.12765286326,0.127140511796,1.27046725132,1.38247015312,0.403124304339,1.43659567028,1.26858395427,0.829057011604,1.13771855849,7.05188246727,0.330662706457,0.0542077664286,3.20973968178,0.284786272454,0.60716967538,1.28695645034,0.733727039546,1.07069840237,0.979847542048,0.712299158499,1.92011400938,1.50122466445,0.483395410776,3.17091166258,2.08051430464,0.429397924263,0.077428490147,0.148262840444,0.00108944058418,5.07185807228,0.21824501656,1.88492760539,0.0995490467548,0.13761402918,1.67020121127,1.04207978122,9.30565207481,0.264661330394,0.142493798509,0.00306252762675,0.079962970838,0.0461066185683,0.990723103061,0.0878342412412,2.95906921491,1.28125626445,0.257110190839,4.5271475029,0.524167740643,1.38382430752,3.38409466028,4.79428625107,4.43441764116,0.0,2.58592334256,0.214689483717,0.393832577132,0.0500083522918,0.328203856423,0.988509866893,0.0558969763247,0.416062629707,3.30909190178,0.53260550335,0.298604314774,2.4870375514,0.294317738004,0.511703464575,0.0293917131424,3.96234092653,0.579880986214,0.143558403254,1.0763637048,7.25469593048,6.45316904545,0.716829646528,0.280146844722,0.277177265733,0.263634933109,0.0603885481879,2.24515136242,0.962721254113,0.430141745136,0.486181589738,1.18163445163,0.14958077848,0.174416324813,0.235272837281,0.677167918384,0.182873621625,0.0357608688623,0.542865390182,4.2707730937,0.294529359564,0.0880090123415,0.493752935771,0.543612451246,1.110723878,0.0255379271135,0.367457662225,0.147588955308,1.528482669,0.510141258202,0.470131573081,0.189617516696,0.0446232053638,1.22118937694,0.837611781321,0.299258525856,0.234367134343,0.426312792078,0.372439937619,3.29224502191,0.0637347325124,0.944906133749,0.238373913914,1.96882300079,0.289475834183,0.0197043643735,2.56935366599,3.46841429532,0.938378235735,1.47767871726,1.4612422502,1.11895471521,0.125392361982,0.183341327906,0.017281648051,0.101907903105,0.682411106825,0.0795764889568,1.16968587413,0.461666689515,0.700933486084,0.613718352318,1.96273113877,1.38564977229,0.431407896872,0.24061216116,0.16345326215,0.680242676064,0.159972402509,2.3272340548,7.51150115013,0.0750883331336,0.0645361305587,0.750716945464,0.312971544024,0.466196620688,1.13526606016,0.00920542620122,0.45378929073,0.273326584175,0.0907950361544,4.0920588965,0.28686964497,0.538601908088,1.07672768518,0.109508684352,3.79660028934,3.21716991574,0.275455367416,1.15419254497,3.778687374,0.462004539743,0.239909547323,0.0853290273715,0.631820004471,0.156732529076,0.20437129688,0.319087524787,0.162281169966,0.179164115157,0.757556870058,1.33880474925,0.0138956464082,0.170460691452,0.398209672812,0.281726037711,1.631355156,0.126124079375,5.64373946369,0.260310427053,2.15985449195,0.098688795846,0.406971869841,0.331985916197,0.253308532499,0.100827192571,0.0677181197703,0.29643581952,1.3476896799,0.432461335286,0.182012191415,0.276330652907,0.910383969992,0.262787012863,0.2644111,5.30190480322,0.12672117386,0.431816738099,1.07040593173,0.00648091755807,0.567393540768,0.456053484157,1.59682574868,0.134955716729,0.13067057997,0.576849423945,0.187161060721,0.1113716724,0.336378360167,0.916841981071,0.0339804565907,0.0342118135095,2.23728273056,0.0566012859344,5.96499853656,0.597017909721,0.341999322621,0.566989254709,0.313216838837,0.124863116778,0.209374757051,0.00883844465017,0.150428089872,0.392940989388,0.523177574575,1.27139296383,0.104199190177,0.618494989574,1.44553896308,1.65281703815,0.396087122429,0.22417238567,0.398868397474,0.22236124035,1.01041800022,0.140052741617,0.311003559977,0.774098819494,0.423271293147,0.485909932479,0.561178080514,0.204984159637,0.0936221380159,0.409123998135,0.971901256144,0.209268577099,0.031111150682,0.132554078104,0.351628288329,1.09430573739,3.22164934158,0.152718339413,0.548390933573,0.0120053329319,0.756814482771,0.00501477062702,0.388530450538,0.355830685347,0.700720658414,0.0222861976177,0.0827364821732,0.356574084316,2.13827234626,0.661691322383,0.496669398099,0.234592762794,0.372865920216,0.523679305092,0.114778538644,0.40868442215,0.195558860414,1.22652209476,0.284958438799,0.846710348874,0.0307222528756,0.587896559238,0.972191840112,0.784082153216,0.179325538026,0.0562662293762,2.22943003803,0.655454446375,0.233313963227,0.166295767725,0.650072961897,0.574893291146,0.994793416336,0.157085800841,0.250947906948,0.0738155511767,3.18741110086,0.0664340981841,0.139282490462,0.187060805131,0.0267654946446,0.180021343753,0.625348302051,0.321871932875,0.364579868466,1.18836478457,1.59768040016,0.942639804482,0.953405041397,0.233823606111,0.0949642656744,0.0462140381336,0.371149297757,0.98848586075,0.0416154325195,0.636308195591,0.29945980452,0.252621803097,0.698871308565,0.179199225195,0.0986764931679,1.9050643073,0.433497836143,0.0172268372774,0.45988052737,0.0058484518528,0.633856900632,4.1973725915,0.034417963624,0.745462992787,0.345623396897,1.40913919508,0.687633159608,0.198049659729,7.29291664124,0.661698266156,0.0575792833325,0.279932872443,0.889187463587,0.0748386777192,0.175233760639,0.300571205907,0.256350104176,0.757719836216,0.0786378327012,0.165498836339,0.0690212596208,0.0890705639124,0.0306400924362,1.13415637769,0.602084600884,3.2859316799,0.567447384186,0.456443161741,0.482094593793,0.959266177762,0.353846157566,0.299108331986,0.0444349660352,0.101640551761,0.520921980441,0.331602733582,0.065940479897,0.0293059825338,0.0251369652897,0.401608818173,1.84705529988,0.374330107272,0.612723310962,0.0415331068635,0.479920971319,0.707360805348,0.626821534783,0.236677765064,0.370166914854,0.101266401559,0.111677496461,0.216825376675,0.0552028663829,0.0386893067835,0.00475766092539,0.0308293255232,2.27592420995,5.24602791786,1.0802473858,0.193309317399,0.19644073084,0.22783494167,1.67160366595,3.34960790753,0.383644609898,0.0771501087118,1.08645452462,1.6675161916,0.816338100471,1.02445423685,3.36299225092,1.6897663331,0.199739009868,1.32993830353,1.25716034651,0.107703441381,0.0915085033679,0.0425828038412,0.303466990758,0.280515150717,2.112611624,0.0324502760172,0.526732793339,0.13767048277,1.94067779571,0.444666684489,0.459670279138,0.461693063602,0.154156066068,0.0368154852092,0.408013948649,0.151827583387,0.000852535218,0.0843838290125,0.0750952218845,0.027750768289,0.00456508250907,0.128867587056,0.321588794291,0.198855100237,0.157642127834,0.242889874317,0.0691706548561,0.0254088350385,0.054696214213,0.24505351251,0.0678967071557,0.253566824479,0.868898331299,0.353567280509,0.370790312281,1.82320539564,0.571815713495,0.229328101776,0.51375786528,0.452126432722,0.872123803273,1.47455522031,0.347974002659,0.292885124935,1.61217975408,0.277725650929,0.404786383063,0.0996946965333,0.0379445988685,0.559546098933,2.1842001009,0.329896752685,0.522566336095,1.35561430275,0.914777900204,0.694947503703,1.37159935892,0.0271706397831,0.204482138455,0.354754040018,1.00938548356,0.074046786055,0.165261301522,0.884170348514,0.625710164085,0.2758056283,0.733836166151,0.693601962328,0.542261355035,0.00838927238481,0.322346272841,0.309082965143,0.674089274285,0.0153336838074,0.626254458535,0.197403184995,1.87417102873,0.758746874724,0.7201501342,0.0556251085922,0.162139509898,0.0717295783339,0.0180106934905,0.441610804796,0.163959673084,0.0608515366074,0.470836283639,0.0090035314858,0.380788144544,0.534895938992,0.0321679264307,0.280651944578,0.0599579308927,0.374710440822,0.00539975449443,0.134397185673,1.10817037575,1.95546273172,0.143263372201,0.122794219609,0.080614734292,1.3696130386,1.52664205186,0.0790590467677,0.286350021381,0.620339519568,0.198323704228,0.024116782546,0.581355879642,0.310478382721,0.275272448808,0.111968077198,0.62666359311,1.23061022371,0.36200283438,0.30858242549,0.000964915957302,0.328863039352,0.497326831222,0.0925981062464,0.642455589066,0.261899409281,0.342965102829,0.0392944050021,0.0138256498147,0.0551312976703,1.13894272441,0.0389812182635,0.0127022242546,0.889567745626,0.275481716264,0.547424924374,0.407133914456,0.0445884629479,0.0828097175463,0.378153849575,0.448942194125,0.100820330381,0.0599995667441,0.00882991284132,0.364377389885,0.651366852187,0.151120258719,0.113362745754,0.319956245068,0.142098202985,1.15651933417,0.25613456361,1.50908756018,0.151024234742,0.0829610520601,0.297199641149,0.205667306706,2.49614402413,0.703208184538,0.432892511487,0.0185089276917,0.157713991608,0.202448534516,0.149494835136,0.175072158752,0.101474807784,0.165075668693,0.00420095190406,0.563220904134,0.803743002936,0.894437087558,0.194530875385,0.604342679195,0.104405476805,0.157416137513,0.576034609359,0.115863465965,0.0240783328842,1.03326900974,1.4035813655,0.509309537597,0.129008353353,0.066529751569,0.634424038184,2.41591136068,0.496639387272,0.0963004808035,0.0622540706396,0.000585590098053,0.158376754094,0.166356158378,0.0861284808069,0.136842499021,0.216454759073,0.736743906178,0.631818195581,0.0716795353498,0.0552008765936,0.208204375729,0.0608152985945,1.40527997088,0.225688565001,0.153457993837,0.62946063254,0.294573265458,0.833492498472,0.253652368709,0.320251776539,0.252096527219,0.187120896885,0.161318411343,0.191084837914,0.877381351292,0.219738137498,0.0776858343184,0.200449016902,0.0584111654758,0.889491923684,0.0340792194381,1.8554353949,0.784952513846,2.14245851994,0.145145326648,0.499531811848,1.98009764964,2.23520851254,0.32666775655,0.0720666089654,2.76097954154,0.388946950566,0.578136056513,0.155675566723,0.104900857178,0.162584963311,1.10684341013,0.00899545926601,0.932310903072,0.0168302559853,0.186669682488,0.00180946484208,0.0829732875526,0.131483213902,0.256095091254,0.582050830722,0.0182116422057,0.366345621329,0.719644201869,0.342884829342,0.0,0.00628829583526,3.13517673537,2.30739986904,0.244146140069,0.267660958902,0.0288060712814,0.201093782932,0.00227411001921,0.0,1.60577532679,1.09826956434,0.231718348535,6.02636463642,0.202117736638,0.210154159665,0.450587711334,0.000538726337254,0.436611183097,1.78176835552,0.000308032520115,1.40267321398,0.306829390023,0.019249586612,1.63746462312,0.0262633883208,0.692179796919,0.0,0.334554834832,0.368688903653,2.7156347391,0.0,0.775151282214,0.0582182061533,3.69274003327,0.0,0.191434682608,0.896056410298,0.0947469577193,0.703677750826,1.90608095542,0.00804374009371,0.701388038583,0.0392285351455,0.71797166029,0.624645560607,1.6566300258,0.209878781438,1.42079186201,0.131243385673,0.140974235684,2.89061239183,0.106614472209,0.32970872581,0.0874644324183,0.153397594094,0.362614677856,0.444093668237,0.0513291382045,0.0449169824272,0.128517334461,0.197153746858,0.0,0.477393738963,0.968433576226,0.00994747417048,2.01838650182,0.0318553885072,0.006281783171,0.995912038386,0.0874064450711,0.222338932455,0.721549784057,0.13223123014,0.396825389639,0.255023496747,0.314963763058,0.095729072094,0.0,0.00429684847593,0.553595104218,0.0143864363432,0.0068786418438,1.70435814984,0.0442512669414,0.094856479764,1.09366779089,0.00192747816443,0.0538112828135,0.00682905748487,0.136780987829,0.217736479267,0.0350611938536,0.0,0.427662512884,0.0549816212361,0.179773620665,0.0959142144769,0.853644163981,2.02090755671,0.0,0.174612104762,0.331868688697,0.0,0.275902687516
77,0.0752840346657,1.23922687516,0.718205051422,3.12410841465,0.0628045001626,0.430986551605,3.51942822933,0.1594250305,0.0161703678407,0.215365823731,0.171777526289,0.19122528892,0.57409092389,5.59487314224,0.601909142137,2.13771975458,3.03215393186,0.102707020976,1.88898812771,1.84232340828,0.333801774234,0.768730889759,0.635557033678,0.296306950897,0.0,0.121470731199,0.0386261675507,0.563682193011,0.368984735571,0.312660740875,1.1198878178,2.44395572573,5.49116384506,0.126206846512,0.0781799412519,0.0172414910793,0.801675447226,1.38419264719,0.0229191651195,0.066026866436,0.96255505532,1.20974286094,0.566957049817,1.41962509167,0.0288537979126,1.77445865989,0.104269412905,1.09159337431,2.34447194636,0.152382436693,0.36169045106,1.37000875384,2.44562072277,0.920600262359,0.461953349225,0.00189757868648,1.63054540519,2.61203059554,0.2451147753,0.32213165611,2.43359303683,0.206316465391,0.178144609444,0.315933684353,0.988631432364,1.85625641942,0.234171916246,10.2120664597,3.0523119688,0.0,0.281523770746,7.6315836525,6.39191456139e-05,0.644952866733,0.331733652055,1.24741351411,3.89533624351,0.368064605296,0.162724608704,0.328701047897,0.0844046049565,0.351737415344,3.21792448044,1.38816250041,5.07730906248,0.147295758873,1.41229069306,1.39664739311,0.0603027568106,0.639435060546,0.275065660514,0.146585395336,0.45855115056,0.529376835972,1.05971966863,0.24175210122,2.33927583694,0.202395522716,0.460015621111,0.0309111345699,0.861301871147,0.141223825961,2.16654290032,5.53876569748,2.59117175341,0.0135058641434,1.04166501418,0.112529567331,9.45555171013,0.395872326083,0.47159909308,5.86623688221,0.601852566823,0.0526289591193,1.73892682865,0.0586928024888,0.0599570543284,0.588471182287,5.49990808487,0.188394616097,2.6095542269,0.153078155611,0.471490414739,1.65088528045,0.932140638828,0.356670485055,1.30526448369,0.879002303444,0.0474868400395,0.0988963101059,0.0023527982831,0.663443116769,0.309583977973,0.437101444416,1.12287004679,1.38180528333,1.52061735898,0.554987953082,0.068662385894,0.464614365622,2.47108796358,1.12298561037,0.185266945884,0.617816723734,0.921609000266,1.40725418746,0.622935386263,1.02885025673,7.71103857458,1.47618650347,2.59937408149,0.648045291901,0.113077513054,1.56113292933,0.0752323795855,1.61918845475,1.62001538936,0.351631907448,0.00282914191484,0.0228076910973,1.8440506395,2.21034847975,0.214304356761,1.50654391646,0.0834792049229,1.47499725878,8.69537837029,0.22945532795,1.23969556632,0.280624072705,0.711416101158,4.51611696243,2.88967139333,0.0655717041343,0.893764736541,0.891784413494,0.0351573387161,0.0679177157581,0.788211920857,1.94397265047,0.141638045644,0.539488047063,0.0342789920792,3.1727717182,3.21822375804,0.282086662268,0.383207027651,1.02128480338,1.79637892677,3.96304746389,0.00147665917873,0.950260201246,1.05117663463,2.65254030287,0.382001651227,0.556598861888,3.33091584325,1.13179962933,1.12172967992,9.52258299828,0.107263274491,0.0392873499915,0.0,1.98866263807,7.8952087307,0.285435346216,0.265024175413,0.870947445631,5.16238185883,2.45586655387,0.179947852455,0.644624122977,1.28884589169,3.0923274231,0.898679453172,5.24168922186,0.0822896942031,0.239801944047,0.0704084159527,0.546418089643,0.120178903155,3.19573253453,0.00462938733399,0.32085819114,0.140580361076,0.0507234827173,2.77235358298,0.03717048347,2.93578339577,0.18236246556,0.0326975731552,3.59612852573,1.74007129997,2.17344833627,2.13754302114,0.931405973481,0.46238908872,1.00113066316,2.3051714915,0.866262227041,0.10822190322,0.0798187764094,0.375554148629,0.814660849571,0.134859127637,0.126520767435,4.5023186779,1.04433372244,0.527419627025,1.25837074727,0.0,0.0205586388707,3.72453771591,0.704311379194,0.000332643166184,0.206209890675,1.13341046557,5.31262170315,0.4523455704,0.121445743926,0.278528482243,2.07776558399,0.0316776591539,1.10268733323,5.47334809303,1.32349178284,0.059447530238,0.617368199192,0.620625900328,0.995537807345,5.55026667953,3.3176436162,7.75877485275,0.483623487502,0.10442284639,0.00502193585038,0.681269859672,1.73585661158,0.878122282922,0.0641286028922,0.440881114714,1.70546315908,0.954573083222,0.421190805882,4.65641355157,4.51847303621,0.170649006907,0.360782408565,6.51331896782,0.979831117694,0.491415364239,0.742329373881,0.221510361955,0.566094485372,0.125871743113,0.514472033903,1.32191295143,1.26528015375,0.0680793623626,2.53992116476,0.466038548807,1.0189498955,0.0490307226032,0.170699707791,0.0322926804423,4.71417022705,0.120181373656,3.87004135728,0.041147559993,0.0171130224317,0.812136789188,1.63511321485,8.9688343811,0.353240790758,0.229473617002,0.0344719051756,0.024700264968,0.151468297392,0.639222443104,0.0804728779197,5.20870605707,0.654683910087,0.676527664885,4.13467772007,0.693544576019,2.89684073299,1.49930319421,5.05468081832,2.89498541728,0.0426793318987,2.93947449803,0.650690169483,0.511447595134,0.026971051693,0.60172476856,0.250678909533,0.116341472864,0.133530945554,0.676281897128,0.114755859859,0.136518315598,5.13106415749,0.526250628307,0.0460828123987,0.000402855761349,5.48289125443,0.599786539078,0.0759270128235,1.63467871428,6.46984004974,3.70332743764,0.612609758675,0.373127793595,0.294489019737,0.662456040718,0.0497742259875,1.04984218702,0.332944997996,0.42681611076,0.985069159679,1.7233989089,0.234529355401,0.11985849686,0.618603384411,1.43746168483,0.180853259712,0.166151723098,1.07758878581,1.81572939761,0.994325348511,0.0380108021758,0.64197360523,0.110258825024,0.264607435092,0.0395925624669,0.23994567968,0.0108694578707,0.805846691281,0.661017529368,0.23993655921,0.305437939093,0.029129498261,0.566356129125,0.729058828428,0.354262607694,0.400125009584,0.338119565211,1.19954296682,0.865362865627,0.0707982746325,1.18124604538,1.21575474935,0.780901085585,0.847578854486,0.000812322581187,1.0810893216,1.01079282399,3.86365331948,0.652766439561,2.48492946863,0.336970145497,0.0370739884861,0.593915615947,0.31440124955,0.13775974106,0.395148320273,0.210350217763,0.404333319895,0.242093781903,1.28910900261,0.341708202865,0.245369047523,0.61081280902,1.43635908552,0.0458373459661,0.00747529879212,0.533610421354,0.211904392801,2.13738837659,3.10819724917,0.148365944894,0.125767364837,1.20811358094,0.22368806839,0.157335359659,1.81829644181,0.000422770045698,0.687037954032,0.200807765368,0.231160857705,1.48477777928,0.163348830044,1.97954677038,1.05477094948,0.0287147296965,1.08724701837,2.55135756582,0.185173196774,0.470220590141,2.12255375683,0.184191925442,0.356260140315,0.157274789959,0.780304376483,0.152001648173,0.609266085941,0.260330482125,0.111342783719,0.0234066309035,0.185537681617,0.281485190094,0.0,0.43054259479,0.272926968411,0.705115747005,0.718693546862,0.515017693825,1.84197667331,1.15099258155,1.04450548083,0.329714258909,0.459164033905,0.919603214189,0.0238601829298,0.174469791576,0.18312828213,0.0592999181151,1.14158406794,0.253540791944,0.208746257965,0.465130846947,0.536998469085,0.420337502956,0.723988293018,3.0936834836,0.488176281233,0.217839177102,1.07031066604,0.0169733972964,0.0895518376678,0.17891699899,0.404202796146,0.693080790513,0.287021038532,0.382327881604,0.704941770285,0.0823341220617,0.0788428165903,0.171062752903,0.657471429482,0.102432159558,0.628078694753,0.00611822783947,1.42847974267,0.207039833665,0.691579301059,0.233073861003,1.01954290718,0.236452533267,0.506126035601,0.152716832748,0.212889160365,0.482922340184,1.3961489372,0.382849262282,0.275017279163,0.32028237436,0.331557459636,0.350246417318,0.216612586491,0.804069008827,0.211930427691,0.241163452193,1.60517856739,0.0191080603283,0.133377831271,0.348798862025,1.12622714035,1.01391007389,0.313479980342,0.520246534385,0.19199580919,0.163255595565,0.0576936648041,0.116592047885,0.0318054139614,0.745665087104,1.60647132035,0.53065896444,1.42017479107,0.102679827008,0.173478622511,0.0395407153014,0.434157530665,0.0889350206405,0.599194299802,0.373106796043,0.528986375928,0.0497461293638,0.231487973214,0.0756019985303,0.834271584302,0.60484745577,0.964309093878,0.0809908935986,0.391942531373,0.223073049486,0.364180832903,0.581364487503,0.194125542119,0.297931486797,0.31697502654,0.590782672381,0.116207153946,0.343054757342,0.505106525421,1.43320597429,0.0644019123539,0.0429972943477,0.998548440998,0.224755309522,0.0960209609568,0.368481777534,0.237743520401,0.408003559411,0.29596857883,0.100109524569,1.06671556268,0.00502254888415,1.04601671666,0.194639582075,0.0199962968379,0.0991185503337,0.00836465395987,0.17504850788,0.398726930749,0.0216569550894,0.441125880107,1.53379462071,1.1712995816,0.264089915888,0.603292341381,0.293438487416,0.929774559028,0.0643075057864,0.0300027639419,2.2975810881,0.116318012737,0.154554647915,0.656864259904,0.532786565199,0.418930412009,0.773133268403,0.310642679222,1.62127836791,0.519909464279,0.0,0.191513650976,0.000183296594769,0.0789824657887,1.64985739559,0.0328810583055,0.313287160844,0.102580887228,1.23396008492,0.952307890058,0.516078842431,2.74616191715,0.313326480677,0.0704338773713,0.492716718093,0.319560928047,0.246206334624,0.547787686288,0.0116522973776,0.875380100179,0.439441658705,0.0576270643622,0.086437486615,1.00198520423,0.013658043975,0.209570658766,1.95951832741,0.173266977752,2.15598829279,0.609643880129,0.440940690674,0.201332555059,0.107089349926,0.291755179241,0.541942942441,0.558399031041,0.116148060784,0.456583600305,0.668196983784,0.0367878513783,0.0349156158417,0.0895680444565,0.239427130437,0.958878783025,0.10202617866,0.675806115031,0.00835842416389,0.136197894216,2.01425121009,0.0974262342881,1.59684295051,0.684537530839,0.663387317536,0.590317420959,0.330689596534,0.0599136937968,0.0872219908237,0.0243204324692,0.0547973589599,0.316389256716,1.73515456373,0.796679417095,0.506098478585,0.128884316236,0.0654612595029,0.142558658398,0.792849288136,0.0394389580563,0.206150776679,0.7942628517,1.14158639818,0.44231083028,0.769387678541,2.51091400385,0.394424545169,0.178704802766,0.998948731571,0.431297783289,0.231502472535,0.0946728979051,0.172770613404,0.0954945917986,0.179461096898,1.76628705824,0.259546262883,0.116591885313,0.255853933264,0.88085760586,0.190927773097,0.116336038336,0.508341443986,0.262364232342,0.0838877678663,0.151492955759,0.0715682300925,0.000235686600208,0.044809878543,0.05438069731,0.163526171893,0.0135240757465,0.0557492852025,0.350457877293,0.151351313409,0.0845865847543,0.179305775817,0.0200480589084,0.0185222036019,0.123592031617,0.307704319321,0.00884561800864,0.049880738213,0.211882474716,0.359913084768,0.396179565215,1.00200846434,0.295356343538,0.0566955668002,0.644926955365,0.776664021462,0.874474196387,0.594138033986,0.322123698387,0.0484330710582,1.79701215953,0.157317322157,0.0457758545876,0.195293583896,0.22863842763,0.132753131706,2.0047309497,0.351409438655,0.485265864786,0.928725067377,0.403411160745,0.905867093392,0.423718307037,0.0808315789327,0.0571252353303,0.64785050788,0.446318089613,0.0569308736175,0.802922906876,0.868756744862,0.381013298379,0.0178145994619,1.36414296504,0.182129963562,0.10832490853,0.0938551671803,0.162254774645,0.631574254744,0.474432724249,0.0673201790452,0.265524523333,0.178951314762,1.56062657565,0.750831344724,0.814982659807,0.0649155294895,0.0225366467237,0.0613283398747,0.141610162016,0.552485335544,0.31813768154,0.0322612243891,0.778163482323,4.93660755455e-05,0.351089533344,0.239095681682,0.00247098326683,0.148978000581,0.0102724104375,0.197988117395,0.0181274599582,0.262002911754,0.386558555802,0.8308495969,0.00816613662988,0.0842145355791,0.193908617594,0.821824303679,1.77749748178,0.00537530854344,0.564172688387,1.08524085008,0.716460242271,0.0588897704426,0.422794456147,0.561821871828,0.0643111594766,0.0411731419619,0.58169532802,0.191982429028,0.238567193933,0.188846098697,0.00336591735482,0.186045405604,0.257902593426,0.0487502402067,0.604502539933,0.234875511723,0.112876200019,0.261087096068,0.00307522490621,0.226344497576,0.663372225761,0.0082634267211,0.0176617154479,0.100786815076,0.414913271479,0.606993559673,0.841194695979,0.114617186084,0.683058932871,0.1541530344,0.226671139539,0.103512814045,0.00180858552456,0.02972832795,0.656778538222,0.200679657105,0.211192801422,0.433511408605,0.145170784257,0.0893167712912,0.0624814254045,0.0174229807407,0.766113166101,0.00438260000199,0.0479121383652,0.623426400572,0.216498008966,3.12028420329,0.142842630446,0.091421575062,0.120739840083,0.249781893343,0.619965869952,0.32848609339,0.0448665459687,0.107817674708,0.132452923879,0.0172217442282,0.0863088558055,0.788200618774,0.190429466143,0.0114872494712,0.375482367054,0.218420810159,0.101804217123,0.598141941391,0.0,0.515773474127,0.392991700172,2.7561204091,0.0748680767883,0.0402302744985,0.116240437049,0.0801635768265,1.2474982269,0.0612882574648,0.0178543651104,0.0160347142816,0.186495876377,0.0856633502245,0.0100750519289,0.185693839192,0.0198628009995,0.265103048254,0.365797953829,0.14706906274,0.0813044643402,0.284435194791,0.14961850496,0.00522196281701,1.08455051051,0.667874565087,0.175922359899,0.119670348652,0.281999895424,0.684607657146,0.0427307836711,0.118175041191,0.0273879655078,0.135197782244,0.0364062471688,0.167063219603,0.2886661565,0.691713826433,0.0426108959317,0.369465545751,0.0150626746193,1.70854047835,0.00964941568673,3.27270588615,0.662707176544,0.71069833409,0.149899236187,0.458424838642,0.947968095988,0.134681302458,1.29011812225,0.0492507761717,0.780472527742,2.05719042957,0.0564835554361,0.107720976397,0.0479731639905,0.426309431717,0.817836914789,0.116940547749,0.620378453471,0.0477893841639,0.09092404617,0.0157452528924,0.00735493883491,0.00331166028976,0.0239612044394,0.645265828241,0.428078957349,0.121134034917,0.469721943066,0.888645474613,0.0,0.0,2.89444576979,3.42968050957,0.73589237839,0.0681660705805,0.0,0.503333722986,0.0192319583893,0.0,0.292826855928,1.15616854697,0.173960242718,3.19496725559,0.20874235414,0.11691247195,0.400937703773,0.0,0.66600769721,1.70212217569,0.010423390083,1.85913681388,2.08837564647,0.155937515143,1.26452366441,0.0,0.53009157449,0.0,0.294578639749,0.44268948406,1.3295546636,0.0,1.91758260942,0.0809754255414,6.12519036844,0.0,0.0333188228868,0.383119798126,0.146360565138,0.154862135984,1.82899476722,0.0915178358555,1.37315723196,0.0,0.0927793241479,0.510826569945,1.35545656014,0.272045326419,2.20681753859,0.134508093596,0.221751587838,6.84774032108,0.0678582665324,0.433327049725,0.656708886623,0.067164555043,0.712228173395,0.13276260972,0.00334907278419,0.0770326679945,0.201888506934,0.962962445393,0.0,0.572938301414,0.441360145807,0.102873500586,0.51613698788,0.0010333045572,0.0144055238366,0.995421213489,0.21345164597,0.810724570882,0.820114809759,0.259364659488,0.338237667494,0.228837821484,0.252632345632,0.103799853437,0.0220671319962,0.00851202735677,1.6415573141,0.00157819703221,0.663800034374,2.56348332554,0.000171000231057,0.239275786448,1.44565761745,0.0901947571337,0.262861739695,0.0147477917466,0.525593473911,0.118899165578,0.1042595613,0.0,1.76337573681,0.30686562866,0.0444605997205,0.0264990371466,0.435171222165,3.4254300189,0.00443182379007,0.430731721465,0.101989792585,0.012537710052,0.0815281198919
78,0.00159480303526,1.33587524205,0.0500844436232,3.83495158434,0.145030288398,0.272573461737,4.76824620306,0.0713817742653,0.0125459128618,0.127482093498,0.189821387529,0.0446491620131,0.139562582523,7.76241900444,0.119065751708,2.28351449907,7.15489769936,0.0,0.837203746624,1.43412105799,0.177121866941,0.317759104418,0.135865687029,0.144760720134,0.0,0.0216004281491,0.0491183137894,0.0626772451401,0.363968148902,0.689500831962,0.409313298808,1.22245382831,5.75819655418,0.191783292983,0.0875659705698,0.0456670233607,1.45113148808,1.13027893543,0.00010207273066,0.0557259653509,0.98497449249,1.24056409553,0.317100390494,0.38454979524,0.0873341313004,1.7006823574,0.0624913680553,1.45200935021,2.14512456622,0.0556935232878,0.596936378181,2.11600647032,1.69795476079,1.88159576893,0.341080466509,0.0,0.379643888925,3.03340301991,0.107118976736,0.550518346168,1.50586334169,0.0176288504899,0.349914627876,0.260115668923,0.53130654579,0.801861466914,0.014700088203,9.40467842102,4.60363490582,0.0,0.222803587839,9.89564074516,0.0,1.32248828381,0.0385747346841,0.633200321915,5.78614364624,0.0914823786169,0.45778985545,0.439210876524,0.0166917598248,0.107768620849,4.24838329792,0.74827657219,7.25010373116,0.566342001706,0.129364615083,1.00601214498,0.0184263551235,0.0757724002376,0.331968383864,0.0130811113119,0.518881091177,0.149513520896,1.62832425654,0.196792003941,2.56772710711,0.0513301685452,0.311011415012,0.0211561902799,0.264183513634,0.14698395513,0.880991873592,3.70160088778,2.27480340123,0.0,1.86573581739,0.319615913071,10.5733246613,0.046229551807,0.294733182788,7.54100500107,0.374634458832,0.0,3.5766086936,0.0640360835195,0.0593774620071,0.621129386723,6.048834939,0.211440407988,1.15787095234,0.0112685191631,0.05530571118,0.519775197804,0.10609881103,0.160120875984,2.24571975499,1.15723579824,0.0428881273605,0.0154774990678,0.00182712823153,0.278856771551,0.144538670871,0.180420650467,0.775732999742,1.05169121072,1.10385531664,0.993063228149,0.0,0.115703653954,3.25133067727,0.022464697063,0.0227750244737,0.339420112744,0.0909711578488,4.18097198963,0.0873071882129,1.04679774046,13.352036972,2.47829083204,2.73812579453,0.884279236067,0.148445268534,1.71359482259,0.0181464529876,1.68241410732,1.58349126875,0.0530425895564,0.0,0.00857251912355,2.08244943857,3.97244181156,0.0767406308092,2.44336726904,0.0132684893906,0.730900269151,11.5226494026,0.0102872305363,2.05408466697,0.124011041,0.658581967354,6.12715117455,3.74749192715,0.0191020528227,0.534633500911,0.481573050767,0.0,0.623394252071,2.05641076684,3.68147396564,0.0784509610757,1.54956814051,0.0133229615539,2.54319603734,5.02939642906,0.152851333637,0.695623675585,2.50396982908,0.489999983832,1.95579636872,0.0,1.2505336675,1.4089328149,2.18449067533,0.139831610918,0.00917300768197,3.15941776752,2.41265513241,0.148063316941,11.2868934631,0.0283841304481,0.0476046130434,0.00179160371423,1.74459239006,11.0096012115,0.106253824681,0.24758914426,0.499081865624,5.47437636375,0.0864867447317,0.118745970344,0.20696334105,2.37162041664,3.65982959509,0.639783962443,5.15008772969,0.0110861112177,0.0699897098541,0.0670128766075,0.697338906005,0.0377635676414,5.01670891285,0.00698953211308,0.207100090198,0.189273512568,0.0280399803817,3.49849237919,0.0725499243289,1.61484129459,0.014180014357,0.0,3.69688353539,1.7933232069,3.08149845004,1.42084678471,0.907097467631,0.127100901371,1.0006949839,1.80411599755,0.0831577397138,0.0283524048328,0.0436659182091,0.560052804351,0.664291376323,0.0999883108586,0.23021765694,6.21987626076,1.65021894306,0.345849907622,1.80227099746,0.0,0.00630148185417,3.10796652466,0.63804068327,0.00194443956017,0.324926705211,0.641115027294,7.34450082779,0.134316659272,0.0746404928342,0.0753444365785,2.00400704026,0.0531113435328,0.736907403469,9.19896242142,0.101980344057,0.097773977248,0.0243712693732,0.384356694743,0.404222691301,6.69326752663,2.32054035664,7.9778979063,0.102204543576,0.0306870608032,0.0255889817001,0.543939815033,2.25601223774,0.206109200418,0.547379938662,1.40968591854,2.33071467519,0.0963657649979,0.126830811221,5.5358678329,7.33138156891,0.319729617611,0.27714001257,5.90581172466,0.524307064451,0.674793149419,1.591163546,0.140983414089,0.849248932004,0.075567636285,0.212365394011,0.834042938938,3.31699296713,0.0260843981802,1.54201756675,1.04142984133,0.720929966364,0.115455678552,0.0195089939237,0.00406495928764,4.3083974123,0.25213269948,4.47911688328,0.00100267916918,0.000279871094972,0.676431616768,1.79480463266,9.38456282377,0.0977297737077,0.0164305996895,0.0,0.0,0.0140030300617,0.253571030721,0.0,6.68328118324,0.72621568501,0.479054960646,5.29227915287,0.483713729493,3.57707421064,1.77938293874,4.18192557901,4.95066376448,0.00594066381454,2.13061518192,0.142673697323,0.560284735858,0.0130983100459,0.592144684736,0.203221918009,0.00187188595533,0.179937286526,1.66625999272,0.0530668771267,0.0415619857609,6.00357632637,0.325792958187,0.130992738418,0.000596180744469,6.83235548019,0.0501364051551,0.0303377127647,0.301089017163,6.85689009666,4.19704985857,0.383739372194,0.125514198672,0.135405089986,0.398970068563,0.0303247619793,1.85899593115,0.256444226072,0.268493651976,0.397793261707,0.481245949119,0.0987075047614,0.229664347372,0.755237645009,0.485028211474,0.0162867520377,0.0259327410907,0.598287921622,2.27089416564,0.659350090921,0.00848893695977,1.04058001369,0.0788984619454,0.703179988591,0.00030740680173,0.0228963962197,0.0102766093239,1.64875089251,0.627620497909,0.257458576709,0.0640723620914,0.000711974129081,1.54759334475,0.316481132451,0.316627715155,0.227360376567,0.0206070864946,0.96011363484,3.19612284601,0.00716533482075,0.723507882208,0.62486795336,3.03962604523,0.125058837608,0.00910545459017,2.14609885573,3.10143411636,1.62542965895,0.885052975416,2.84404505074,0.820796984434,0.0161842324398,0.517135047577,0.199480053484,0.0356317669107,0.465672790445,0.198263306431,0.679536634088,0.0160920982622,0.488097119108,0.536316171885,1.03533926494,0.744106598794,0.244494437426,0.0427825067937,0.00427231330425,0.923212935328,0.170147440927,2.29325070649,7.75132882118,0.00646563567221,0.414690554421,0.14623096819,0.0792269188166,0.188088060021,0.7905292584,0.0,0.550762393549,0.266547116339,0.0182476051152,4.30570599556,0.48831566155,0.349494592603,0.834655336039,0.0343002393842,3.35237206221,5.00650657594,0.0269525454938,0.188776974627,5.79333606243,0.147626368664,0.118634471754,0.00841320183128,0.828395186067,0.194329112284,0.172620529532,0.592456429191,0.0161484618485,0.0323783134669,0.267940528616,0.929299041927,0.0394367972016,0.269868890475,0.0568787076697,0.0334850692563,1.90880445242,0.218845101576,5.9367958653,0.660567352511,1.29712881327,0.106739194617,0.269387532901,0.0,0.0977477409877,0.16834471792,0.161679967921,0.00740332223475,0.904033215046,0.160980870072,0.209835335314,0.0510637014359,0.653853332624,0.667567371428,0.967147996128,4.10690654762,0.257601084113,0.196602820233,0.824725563899,0.0156192450598,0.208770204944,0.451698266933,1.34134858154,0.314714595135,0.177793393042,0.200555680916,0.135209128484,0.231171770152,0.134308712557,0.423068069182,0.168538992126,0.154518530816,1.83264463961,0.0107954005525,5.15876993656,0.0372169091552,0.120733646825,0.788616163395,0.140912962258,0.169446142353,0.294396185689,0.252903474348,0.0845640093088,0.158084049895,0.585450574005,0.689087783769,0.690424931119,0.603822629899,0.251193618774,1.88156923652,0.188640474612,0.0235362808406,0.276495799795,0.00463336412795,0.969620677964,0.0816029572859,0.238492441289,0.74875124678,0.656075051129,0.163912175223,0.534078494217,0.276415406428,0.184482643604,0.417536546886,0.239949516561,0.127199452929,0.0,0.272992137223,1.50658544046,1.69364009872,2.55941995859,0.0412666389346,0.48602498278,0.00232385419309,0.228496485334,0.0123694580235,0.522454620451,0.171522376221,0.212470920309,0.0529580327496,0.318335446566,0.0471641729958,1.57274534471,0.224274872104,1.14924008943,0.319633365482,0.219294576645,0.194268648364,0.158111752868,0.260835572481,0.176454262431,0.342752689198,0.0204998002574,1.88064203799,0.0219545783848,0.131904854998,0.86459549427,0.992607952356,0.158252155781,0.0214229869843,1.52595417023,0.178785104379,0.0,0.302338828593,0.270873277057,0.517679196917,0.14461320554,0.039256611336,0.782520737275,0.0407976296544,3.92867292881,0.102522346526,0.0049398624897,0.102424672295,7.33996415511e-05,0.507367882691,0.649301148355,0.120024999427,0.0669665954635,0.479445463344,1.44295272395,0.535944675505,2.26483386278,0.114901816957,1.0279027009,0.061935165897,0.041566224508,1.35663785189,0.05076293163,0.289365821183,0.591337590963,0.245690009668,0.112852127939,0.0568073622743,0.0841180558875,2.95497057557,0.321479217976,0.019767037034,0.0513190887123,0.0271365270019,0.533937304169,3.04070982456,0.00352024555206,0.0567872952484,0.0658605836332,1.32215144902,1.05945904989,0.19436908558,7.24538498402,0.378753579166,0.0929396153986,1.09559963882,0.922592211217,0.222948723063,0.0130183306709,0.0293924446777,0.340774414614,0.880737968246,0.00267114341259,0.184179262288,0.366416019648,0.104939669836,0.222789647654,0.719281730242,0.103445228115,3.41238794327,0.0176629334688,1.26039492194,0.337222911771,0.374774161428,0.376699185744,0.33375359267,0.225890021883,0.000587893687189,0.371814566329,0.499232559912,0.0361522491276,0.0274357423931,0.0438311668206,0.492264831848,0.381582854073,0.0196802008152,0.3000462913,0.0075769141037,0.195076103508,1.27932030305,0.203034569696,0.714217892848,0.623515181988,0.367917686943,0.458682827046,0.199273798689,0.00413114188239,0.0045595574379,0.122140519875,0.0133173009753,1.30366344392,3.91600619435,0.637639078908,0.202097294331,0.206376798246,0.0154825688899,0.581719083879,2.70943057314,0.0330173050985,0.0789377189055,0.377255049517,2.20641695112,0.0871672984958,0.55955451116,2.91266718864,0.563229267793,0.159522592332,0.923850458786,0.149573192432,0.0244359024009,0.0556975468993,0.156010264559,0.0419258854911,0.0789328301512,0.2731102229,0.0431426388025,0.0773227671161,0.2926471157,0.399500995455,0.101258050799,0.213610123156,0.111241423264,0.0146253584325,0.00180360827595,0.052269610744,0.0205133972876,0.0,0.0924691468477,0.022318136245,0.0303220178187,0.0,0.103893203735,0.0382446965575,0.0329597872496,0.0169342116173,0.145675140638,0.125700587332,0.0512455976754,0.0,0.320247606784,0.0600878096325,0.372033761304,0.0513981725182,0.473217675686,0.559097305731,0.165577938973,0.106184715312,0.0211543034948,0.0715078822267,0.00448036333546,0.6661157161,0.069190141256,0.126642477931,0.133115708674,0.365534650758,0.0804655449465,0.0275728863291,0.330203502998,0.120185941663,0.0961119321454,0.138609727616,0.0240913541615,0.229970714301,0.520951667223,0.22912805846,0.173113525379,0.373044382688,0.211059827805,0.0529322099313,0.594982822558,0.22077301803,0.0136679442273,0.462409226075,0.22811880311,0.285611463189,0.0574949442362,0.957573178411,0.355321114771,0.137064628135,0.028512597084,0.0832152138464,0.441419698754,0.0628040624782,0.134349096194,0.340655608708,0.071906110011,0.404644243792,0.449941352196,1.48035883486,0.0383335191011,0.0217475891858,0.00350403777789,0.0308759763837,0.225385224803,0.0480554161407,0.0368195918016,0.117852648273,0.00275375522673,0.188547592871,0.223033702416,0.000680549964309,0.0293777161837,0.137701451331,0.113625718718,0.0258263638616,0.0949186927266,0.129065523134,0.251500199609,0.0317202003673,0.00460284749977,0.184519680869,0.714913557172,0.184823429883,0.00432963222265,0.991416886076,0.350400632545,0.940643850155,0.042513833791,0.0417209117537,0.295786571801,0.0419711336959,0.000437395540066,0.12542388642,0.0880255763233,0.0409552307613,0.0146322266851,0.0,0.0750859353505,0.266066378697,0.114544645771,0.380246395767,0.114960428203,0.12576608574,0.00739805479068,0.0377251547342,0.0867473249137,0.0308607261814,0.00268563713878,0.0390788433602,0.231408232674,0.0338919442333,0.0909001473524,0.250095807668,0.0713415959477,0.254098132676,0.162836073972,0.244278700706,0.0122554189316,0.00832283094525,0.00972007646807,0.140557355154,0.42776840365,0.0956906634197,0.423504041731,0.022342580955,0.161008235337,0.059831434004,0.0238114719559,0.199405026883,0.00774722309783,0.0129486745736,0.140060092378,0.0574142394215,1.85403041422,0.089176514037,0.084335397071,0.0756440627947,0.109869588837,0.0877883119322,0.0086986804381,0.00257403068244,0.00972945727408,0.000454494138248,0.0482008134201,0.0988402583217,0.305360571751,0.22715378223,0.00447439447045,0.0712084573135,0.11019016847,0.0376665072795,0.677681655586,0.0030931687355,0.778258378385,0.0331284656608,0.158649055101,0.116488049477,0.002422855568,0.0142711400427,0.210830616178,0.607831433313,0.0587889713794,0.010302843079,0.00596210353076,0.0243707570061,0.0404494399205,0.0550013613701,0.000294306036085,0.00273905749433,0.267685657963,0.0589383010566,0.0309352407772,0.00756627738476,0.164191904068,0.208066303581,0.00470076702535,0.298680873811,0.0479592584074,0.396229020499,0.148772159724,0.329341052147,0.220171166752,0.0652152582258,0.0163447874784,0.10064798452,0.117335714284,0.0443276781961,0.0151619923115,0.171525264196,0.222274493682,0.145116223823,0.079512129128,0.0565217148513,0.0336709622759,0.000372809581459,1.7259657717,0.196540982989,0.229197295364,0.0301145499945,0.451478667557,0.262452438436,0.20196992211,1.38831215844,0.00880835711956,1.59254612207,3.15729690254,0.0216556477547,0.0352950230055,0.00220562487841,0.0834809321631,0.386097370386,0.0985432500392,0.832996476889,0.0,0.0578962507844,0.08683664985,0.0218789909035,0.0217785155773,0.0,0.461546397395,0.2259507907,0.00824831335805,0.129700555876,0.023474971205,0.0,0.0,3.30037641406,6.28729084969,1.02308226511,0.00987252406776,0.00233283236623,0.113117290363,0.0,0.0110570021439,0.383376911432,0.847594934944,0.348136705952,1.51096781969,0.490440335684,0.0143296778202,0.000962105989456,0.0,0.377116659866,2.31150505647,0.112538977861,4.53806063235,0.635464750491,0.0,0.675235124025,0.00307343244553,0.649017403722,0.0,0.0562520828843,0.0477282226086,1.57932764933,0.0,2.64828145154,0.0358493861556,12.8791749001,0.0,0.0581683549285,0.509130516443,0.0150168500841,0.0694827048481,0.975487829819,0.0285479867831,0.850333259553,0.0,0.0335836495459,0.476070483923,0.267012860156,0.125503586084,4.38039347172,0.00978581339121,0.0210416454077,7.8490754652,0.0584898298979,0.0810879692063,0.713372716308,0.201045540273,0.262174154893,0.0,0.227603966221,0.0721060138941,0.30015807854,0.370549272308,0.0,0.0220437930524,0.369838888599,0.0194770181179,1.83571811102,0.0192887333035,0.0246915046871,0.731813846156,0.0564463081956,0.0502168600261,0.17236571908,0.0130853334814,0.10862618655,0.0,0.0,0.157319479287,0.0,0.000810958296061,0.499281748831,0.0,0.634003291428,1.87187196657,0.0,0.0442997331917,0.057618564209,0.0104827964306,0.0555262678117,0.0,0.0327287414297,0.0217683875561,0.0,0.0,1.87406137289,0.00124023087323,0.386736973375,0.0380795836449,0.698041180111,1.8382987541,0.000648941509426,0.2749864488,0.000586529746652,0.116722282749,0.046796707958
79,0.00707871221006,1.63813454553,0.710568199046,2.66005109549,0.272221371531,0.666543495804,2.94045026124,0.0471318962937,0.478416047096,0.266277061217,0.135996769071,0.58782825268,0.64931184426,8.22076808423,0.666616193503,1.03310907334,6.75360027313,0.0282897639275,1.12816027328,1.72434727743,0.121133840776,0.41859054327,0.219934766255,0.10725196898,0.0,0.124117897898,0.0341783658508,0.749609719887,0.307865950689,0.743115615174,1.21190230787,2.00549361967,7.22674535304,0.14775776064,0.192717323005,0.0941374085844,1.20694516927,2.11556226104,0.0170428696275,0.0571413637698,0.828131300444,0.307841794491,0.676154251071,2.0616361475,0.335815815926,1.11458791427,0.0437696202844,2.43023370147,1.93202469155,0.154651778784,0.578890413865,2.55517980657,1.76579840425,1.91984809875,1.31850546347,0.124988719225,1.06897856146,2.89474355549,0.306690036654,1.18237918273,2.11422272712,0.0576758728176,0.491536993086,0.646348703206,0.835895224512,2.02560309395,0.00894173681736,5.62456911087,3.29658612477,0.00927592650056,0.462380754724,8.37902649701,0.0243847537041,0.413942875777,0.372173973694,0.987006114721,5.47582496762,0.283551092818,0.288055627123,0.984858792722,0.069757450372,0.0418807470798,5.13907897115,0.942259489745,6.58620676994,0.664930114942,1.51697956406,1.49217236541,0.00331976793706,0.469265121697,0.561367641389,0.0559799689054,0.707186487317,0.0723554853257,1.12230657503,0.221552993692,1.77377407804,0.546551231574,0.0697526903357,0.0530652140081,0.603110056072,0.0549811000377,1.31014431778,3.81434352387,2.39171984287,0.012515245676,2.69878237307,0.669456346221,7.88859299421,0.242698260397,0.390335176792,6.92778052926,0.355673435517,0.0,2.09893776298,0.350943660402,0.0487180184573,0.289573809244,4.81656551838,0.552970870882,2.61584452063,0.242026242353,0.446728701144,1.13627000749,0.29743587425,0.517613776205,1.45054217376,0.624562551137,0.131174631957,1.10491488941,0.000837970674038,1.16860850923,0.521072357744,0.299875471555,0.620753538907,0.438493516259,1.24902260602,0.873036136329,0.0621043776721,0.204716766328,2.77573304459,0.925452583283,0.024818831291,0.309600148536,0.980857036114,3.70612040818,1.29621670574,0.812855757475,9.08013546944,1.28940354154,4.15388267636,1.87313845336,0.239394335411,2.07723168731,0.0995780363679,0.957322742343,1.28108205438,0.496661695428,0.0,0.00236725434661,2.22786796756,3.5256266427,0.212823854238,2.70875100613,0.038525240561,1.17756715491,8.3752319169,0.148320628307,2.05645815521,0.456549552381,0.743308935091,5.62195711613,3.0544212535,0.380640104208,1.17611727595,0.681438129693,0.0535693504661,0.182020481378,1.12141142353,2.21085808292,0.402044099458,0.0631100124121,0.0702078995109,3.08352061808,5.37357175291,0.179698626623,0.524984109998,2.85423844337,1.77069031015,3.72628628612,0.00992868721485,2.32625720173,1.33652001947,1.55128481902,0.554024902284,0.44306883039,3.25856880188,1.25376453742,1.16767479226,13.178260231,0.0862162308767,0.0118972456455,0.00016146523878,1.30171274872,10.9305031586,0.290381986797,0.0833420024812,0.373682425916,5.36260904789,2.6188743639,0.235496234205,0.103836146966,2.07732029855,5.96696011499,0.923862173185,3.37886450619,0.185654543936,2.58182689552,0.01284281414,0.337175151557,0.0765143465623,5.7043468672,0.0313547761366,0.18827295362,0.175424639918,0.0506107884645,2.67728280425,0.069945403412,2.00282455027,0.0367197906692,0.0355357297882,4.94533626378,2.64109429985,3.25507571697,0.239213470742,0.748168828487,0.491354062557,1.51569831371,1.36783306837,0.967019439638,0.0809871159401,0.119602072835,3.40178373454,1.39612450525,0.0265062440187,0.320168746766,6.30922520995,1.60162900925,0.470064559523,1.08390409872,0.0,0.133130081892,5.38833444834,1.21184369802,0.0466662986577,1.10088997439,0.758956756294,7.28982496738,0.131338179111,0.160722452849,0.0594057388604,2.51165061772,0.153790764883,1.97825043052,6.2417830646,1.07276480004,0.0178911581635,0.49011466369,0.461647992195,0.631105560614,4.45302130848,2.20450750008,4.43850595951,0.128262268975,0.034603083767,0.46283859849,1.29973372623,1.88550563682,0.141494746581,0.906325211576,1.73903431118,2.32321964484,1.53600433819,0.709123983532,5.17082340717,4.29822351098,0.142778144646,0.0541221233457,6.19229053497,0.596298837662,0.294114019442,0.888130072113,0.358781688362,1.39550056305,0.651829578578,0.435136886276,1.17147967573,1.8135536176,0.136909805536,0.687309353873,0.57999989571,0.978747271076,0.115864552408,0.126243750043,0.0826308144629,4.14698398173,0.0506608140469,5.21252301455,0.0594376458228,0.129169857353,0.5963898772,0.362007098868,7.50833959103,0.151873789132,0.07620846048,0.142787151784,0.20045148287,0.00551551437005,0.66931502223,0.0704523101449,5.58867521465,0.826154065579,0.567856553346,4.08904599428,0.671357903332,4.51689728707,2.39457566837,3.47979106724,4.07805682451,0.00495929695666,2.0170467037,0.39918091407,0.285032396317,0.0885126777738,0.899031460779,0.247025316656,0.0156455165148,0.215999381244,1.26952004194,0.103701564129,0.216988942921,5.79295061588,1.47414372995,1.34015435398,0.00648197032511,6.27292245746,0.264970360692,0.0168453288078,2.46445462137,4.52982146025,2.89686210334,0.317800329048,0.364442214519,0.314165223911,0.577491834275,0.0243347360194,0.846317850053,0.364273598022,0.0597367785498,1.09570067935,0.816643274538,0.199684312679,0.161934865583,0.960225342382,0.708956169263,0.201936942078,0.0392016815115,0.882976897946,1.50361056469,0.651966872215,0.0584345060587,0.235777737368,0.0384755582735,0.252490136954,0.0669886022061,0.378342119455,0.140476571247,0.573490911797,0.857589217797,0.285094348155,0.0932488906384,0.00740908831358,0.373990140073,0.378994680829,0.913461207086,0.173060427932,0.160313981879,0.81004493013,0.715510951318,0.128486190289,0.966023056954,0.676242251825,0.741248071045,0.51364238441,0.0141671335511,1.12133720282,0.795960939527,3.2747894749,0.376437265128,2.10001778841,0.297040504273,0.00962875437923,0.338451627344,0.256107288077,0.0458149096579,0.370508901104,0.0850327049941,0.4388155571,0.256696159765,1.27529311304,0.251443990394,0.428609729111,0.73144713439,0.76711174652,0.045079218857,0.018100554198,0.315434188768,0.118988061347,1.72694471627,3.41831115425,0.0458275324292,0.115163593311,0.465805343464,0.286054616906,0.146112349518,0.983135918528,0.0314868403971,0.605903641097,0.235329706967,0.179508548938,1.45255560875,0.266639434537,1.3963835194,1.09017252572,0.00514475941658,0.901829524394,2.21916265941,0.259705551267,0.200956291351,1.4223367301,0.135431085862,0.161856046915,0.0295592086017,0.55643815279,0.173140075207,0.813047373742,0.49504203856,0.293356531858,0.0276952152234,0.101269450216,0.368424122557,0.00352184310555,0.323270806521,0.43371350829,0.29054044351,1.32487339616,0.580104385189,1.70048269473,0.965920350105,1.08385552011,0.0391784667224,0.143146372093,0.179655021637,0.0238398643024,0.0491679455712,0.0274078728538,0.244459349047,0.807781715691,0.0564289941918,0.0679905465245,0.110741796754,0.327740391418,0.174154347861,1.0962294139,2.22989033043,0.131370812319,0.411284326725,0.497814166173,0.012715921104,0.0697664044611,0.346439611539,0.273914195597,0.850894716568,0.156167709175,0.263897728994,0.599644163996,0.0488990950957,0.0620696757734,0.100056273597,0.201376410052,0.12703563787,0.41023649212,0.0763457657606,1.52299311787,0.170377289355,0.479083929956,0.18453248593,0.422526210065,0.187683268003,0.383180664256,0.28386321269,0.102696951516,0.588071636856,1.63567611924,0.432866207862,0.605080270991,0.52106157463,0.313927234933,0.514162668921,0.381380516626,0.380408862941,0.23446620401,0.136983167529,2.17240959719,0.0506443288922,0.0934394921688,0.44395355647,0.596885219254,0.638844187167,0.326406332735,0.261017928943,0.286552012432,0.324711370491,0.0604346809909,0.0988467874192,0.204486930221,1.09435472034,1.12320189979,0.252380336151,1.00981569646,0.183344153985,0.153425729908,0.0624649253306,0.25139687635,0.0848226953298,0.214774977695,0.160993116386,0.347086033691,0.162536330074,0.947133345008,0.148735974878,0.612899711654,0.373194545577,0.665866370946,0.216869207993,0.334265799522,0.88165447861,0.587844324186,0.394672643915,0.0530737012066,0.10128112819,0.172287368313,0.328998881653,0.046932441853,0.63088887488,0.389531147331,1.90302341715,0.0481478151679,0.0469760687649,0.846313315835,0.0859273096919,0.0821817049384,0.373554087952,0.130935986359,0.254826605967,0.568722709715,0.300339220942,0.345478117391,0.130765186548,1.46355219275,0.210971676037,0.0279162764549,0.10182212472,0.00154037807137,0.557734862864,1.12867524028,0.0345654230006,0.241183177792,0.470661220036,0.638312870208,0.203822988793,0.779956546389,0.228482888592,2.04507551385,0.104077935219,0.0999027733877,2.04499972519,0.0161465279455,0.0998960954323,2.20482021064,0.270754614063,0.552029562369,0.327478203326,0.202754361164,1.09870808251,0.356716167131,0.0126234127581,0.150354164802,0.0376371264458,0.0563756330311,1.23370416347,0.0361235845089,0.156984139448,0.0810077258572,0.570413792767,0.497668518685,0.503276406676,2.79156306565,0.171755670908,0.0201235851645,1.25998825118,0.179240068495,0.204889326394,0.115631516799,0.03360977754,0.66337541528,0.183496937938,0.0343745939434,0.300484933257,0.220925156027,0.230170693919,0.164851219385,0.680657326095,0.12266606871,0.956629099809,0.367981460094,0.625878486484,0.202982329503,0.0445692272484,0.591350078136,0.259759946223,0.443452461958,0.0137466481235,0.607424333319,0.450003235918,0.0871277000383,0.0088413643837,0.0363530926406,0.202851467133,0.712732059062,0.0317005152768,0.532248535901,0.0693736438453,0.130109100919,0.828552353606,0.106369870827,1.21918864854,0.605511254147,0.459418177111,0.123701470494,0.210092831999,0.00689000409096,0.00291764246998,0.0166397358803,0.00618235707283,0.244403752945,1.26880669728,0.733373705298,0.350856153034,0.0712836016342,0.054842267409,0.29324452389,0.866956852674,0.00179827280343,0.127604149841,1.02933521733,0.805030675866,0.415579108121,0.539314553812,2.09544818699,0.26600584181,0.355225212798,1.04887068808,0.383609159496,0.0904143489897,0.0216849625111,0.204252481349,0.123254176825,0.23867879957,1.2557602378,0.146833705828,0.114416635334,0.713045082539,0.763858113401,0.0129889801145,0.365521552619,0.18541938372,0.0778245045524,0.041350607276,0.186667152736,0.170763158398,0.0,0.0974535230407,0.0564704850223,0.11067559991,0.000912128016353,0.0334638590924,0.597710457891,0.113297998998,0.0256743355561,0.172151775211,0.123485870771,0.0863408240816,0.154972646497,0.801220505238,0.0545545667515,0.134850813076,0.208081029542,0.530975437611,0.650157582462,0.578009866923,0.793823490217,0.219334033346,0.526442617476,0.597524274453,0.753180393428,0.241164826378,0.285670044972,0.181018388791,1.31980793059,0.113637325466,0.0364636737108,0.632109433189,0.715619793572,0.0720738757588,1.14570051119,0.0743866426125,0.141790813962,0.343545281596,0.403128223568,0.172589909066,0.55346943588,0.0755819027126,0.16964263401,0.948481087126,0.749446825534,0.0740167018026,0.441034885962,0.40211417716,0.324002705286,0.058746342659,1.60634660602,0.565121508576,0.276185395569,0.0863960494846,0.454362325072,0.653056459404,0.19917018488,0.222767242957,0.319549548849,0.0725575060397,1.57152778029,0.574517969191,1.39744746074,0.05848065231,0.105602992773,0.00852401597425,0.0867409876827,0.415032740086,0.160978745548,0.048662597537,0.199427207448,0.0238384016603,0.280558406492,0.186354079116,0.030115140304,0.066336656753,0.21935310089,0.352693722621,0.0829681068682,0.341284942785,0.5300976835,0.834892360605,0.053818971049,0.145723956246,0.930789056607,1.27816844314,2.07926908718,0.266561229229,1.59326286972,1.11372125626,1.86881262708,0.290082074758,0.336493238132,0.61050870996,0.0622613236308,0.017161962986,0.703301522359,0.124962626249,0.224728448242,0.361777097546,0.00114129982889,0.267009602338,0.0198635122553,0.0581207446009,0.426771693304,0.222519734129,0.108325838223,0.0889656877052,0.219695846206,0.160954498723,0.440933651552,0.105737599786,0.0499778988399,0.21748764975,0.387980920076,0.349187235887,0.669059217609,0.220812534615,0.822181372475,0.333683809601,0.4703862473,0.0724002057873,0.0554705830943,0.0363421241567,0.411613168418,0.950983267203,0.311970028183,0.563748710101,0.0330786249414,0.0335159675032,0.154294800065,0.101234945911,0.313834137041,0.0915234390344,0.00320381760597,0.555733024552,0.232656085566,4.04634242386,0.204915293292,0.019143565488,0.0566161616892,0.285088559166,0.230630136533,0.255283684172,0.0645966938511,0.0388098722696,0.225439543501,0.0541171321459,0.185917478316,0.526941700056,0.523658673763,0.00381368161179,0.234541888591,0.0795338156819,0.104025601572,0.640515227467,0.0174910775572,1.05628905455,0.188125489107,1.64056462994,0.0302951424941,0.0523513319227,0.072977761738,0.0986509113852,1.29121374667,0.0180660190433,0.0255583417416,0.040701623857,0.0671895372868,0.100913925096,0.0331069705961,0.270821606107,0.0219249679893,0.229970929436,0.276238249615,0.231939880401,0.112507855296,0.18405583933,0.303206432611,0.00642516851425,0.148727272153,0.451876325384,0.0102843929105,0.139846960036,0.46614475131,0.710044937267,0.151642683856,0.153802784709,0.0842027844489,0.17343159474,0.013114393279,0.0351351679862,0.281619258802,0.470683398321,0.156251910117,0.257316633384,0.226115683429,1.73365133919,0.00173790737987,2.01487721775,0.636278038975,0.832079289015,0.189266041983,0.65943937242,0.632696956657,0.17092944786,0.689436673019,0.0310758519173,0.49030616072,2.81868050277,0.087524414137,0.226640070081,0.069967751205,0.41223124586,0.668172657825,1.07876376212,0.729261871269,0.00133959785104,0.00585661306977,0.0990860491991,0.565295948237,0.305725559741,0.239887037277,0.209099402949,0.0474362783227,0.102193635032,0.611644800901,0.426935152188,0.00850052058697,0.0149685883522,0.63152780052,4.11599832535,0.489853933007,0.0,0.0,0.609301737994,0.0705446791649,0.0138763809204,2.14096239801,0.440995013248,0.877286019549,4.42056897797,0.45157260105,0.146069141049,0.594219183922,0.00213668674231,0.134450299852,5.28666036248,0.0819673942029,3.80619334579,0.206379928514,0.0595137103088,1.37604738798,0.0789030055702,0.426911696494,0.0109029068053,0.241752212644,0.489537870884,2.13377751917,0.013970874548,2.69702684388,0.15750009954,10.0772053094,0.0844586586952,0.219362378437,0.20794268507,0.0750265742466,0.0396995105781,0.920823956504,0.0360023888946,0.8851420331,0.015990793705,0.30664165508,0.531555009149,0.349648510367,0.421639395952,2.86313093424,0.00681605539285,0.0203096782416,5.48543495178,0.0486322616413,0.501764972955,0.405546957552,0.00317825675011,0.251979625821,0.0411891257763,0.397920907438,2.02517280756,0.429942620993,0.992283813357,0.0,0.0730169390514,0.78237386968,0.0216527663544,1.8988811288,0.0,0.0193449666351,1.02040144592,0.00788364451379,0.218032217317,0.88090908438,0.0778327660263,0.79747288812,0.026762342453,0.707709086239,0.310477944463,0.0389508374408,0.519438032508,0.389341237843,0.00112525627017,0.221873524711,2.40368003666,0.00167419981211,0.33301461786,1.55740989864,0.0611490739789,0.138313925923,0.0437245887052,0.0837390450388,0.0520918539912,0.000916340127587,0.0767793305218,2.24102432787,0.209375452138,0.176144375019,0.723390126228,0.241710809972,1.46176016882,0.0414543962479,0.314467864893,0.223705501556,0.0033135253191,0.0271513473988
80,6.22511526138,7.29551915169,0.337247927189,2.03677215815,0.993417642713,0.725027594231,3.92713641882,0.0791272807121,0.000107943089679,0.383736391887,0.0836296233535,0.215393141024,0.457942745797,4.11217717171,0.688220149577,0.868686056584,6.21927375317,0.104052270651,6.67028737068,1.45925995111,3.01480672002,0.435245310664,1.11738738954,0.186171078756,0.0142562001944,0.84723421514,0.0494329589978,0.147099826895,0.433622738123,1.62226332843,1.78472667813,0.188806051239,4.50528642654,0.0209604568034,0.10306483686,0.0448332356475,0.494559554942,4.0966882515,0.13377782831,0.11325953102,0.0794912204146,0.145988776274,0.471660976112,1.02494310796,0.183124374151,3.43886694431,1.73539288282,0.489812123775,3.69637218907,0.303636031505,0.0215412144177,2.80349910021,1.119911865,0.891573736668,0.51613271676,0.258421305083,1.92317491651,0.836470243335,0.547193313986,4.37293769836,1.04062949777,0.134719217457,0.145461212024,0.511983312666,0.508966382106,2.2455213964,0.0170386068523,6.64744022369,1.91285712957,0.0338626299053,0.326020384282,2.3279130888,0.0,0.419922045209,0.0847538767383,0.0802801228687,2.37389738083,1.48973452568,0.170492611621,0.39262745887,0.0247017639875,0.0942254460976,1.1861230877,2.28180936337,6.18502576828,0.196076300449,1.15229485154,2.837437253,0.0,1.60641332246,0.638307692632,0.0593728394806,2.49159257412,0.222400638089,0.641067460477,0.112141121104,1.66740197048,1.38087024212,0.133772012889,0.0750145717105,0.312682220899,0.120702916747,1.01144265473,2.27962304115,1.13507587254,0.0565132587589,1.21922540367,1.97129230499,5.14531769753,0.127596259266,0.240713415463,4.6845805645,0.584537466019,0.015943684727,1.22196781278,0.0805777600151,0.0238858776912,0.958517359793,4.34429922462,0.0992492773663,0.237819523737,0.00950497854501,1.92460768856,4.88936681747,0.185666069612,0.671708750203,1.24968738824,0.302192502171,0.938803423792,0.0153822249174,0.0,2.58384701729,1.56547330439,1.70296903759,0.338021748737,0.920445274413,1.29315083742,0.877940551788,2.11929791033,6.50662158728,3.68446049213,0.540111706555,0.0109737873822,0.226528798752,0.0192065954581,2.91148271561,1.66641782522,0.474932647571,8.28517988205,2.54878608227,1.50733608007,1.42745899051,0.172208302319,3.45589614868,1.4336765448,0.211549469456,1.44774900936,1.1008904478,0.0,0.00471891522408,0.400102616455,2.60072826624,0.127224061638,2.25252851009,0.00890620864928,1.6594743824,3.59182739735,0.745927186906,1.14916803002,0.11439179989,1.08513429567,4.21743762016,2.38564061999,0.360784477293,2.68702223182,0.463533088416,0.00401562791318,0.15474281732,4.56723656654,4.30154593945,1.09681471407,0.494512327313,0.192784584579,1.69598176003,1.10469598621,0.411240591183,1.13050418139,1.67774008811,0.435574443564,1.7804430902,0.00116232462227,0.252859966457,1.41797829837,2.85161067486,0.140334964551,0.201779434045,1.2336820633,6.95761040688,0.0295341853239,4.0835959816,0.0313270929083,0.116498843171,0.0100960857584,2.08575208187,4.44155406475,0.0847696606815,0.0145539029688,1.61848077064,2.19828424782,2.625153265,0.0673023194075,0.201193317287,1.01106281683,2.64599124193,3.03051201105,5.61159810066,0.492147910371,0.0286305060983,0.00312168430537,0.247958040109,0.00762020051479,4.23399470329,0.0961028181389,0.604356803279,0.0448536162078,1.40351160876,3.25711737633,0.0499073933065,0.953144217879,0.0448446328752,0.0,2.6860216856,2.50781964719,3.90100828648,0.851775336042,0.215398907028,0.57599950403,0.585394105017,3.4454840374,1.44034017801,0.0497546512634,0.166814331487,0.0903183915932,0.645918003265,0.103332637623,1.3218903923,5.20481690884,1.20924260981,1.6514123553,1.68448598385,0.0,0.112523116544,0.923244378567,4.83226522446,0.0176553675532,0.594433227181,0.357130460069,5.6134261322,0.0224422285147,0.108149971403,0.109943059161,2.2557628274,0.0905508267507,0.225928585343,4.86568268776,0.401494360836,0.0281164360046,1.40883343875,0.09161887642,1.37254632831,4.37770646572,3.45919913292,1.24053286999,0.508507601675,0.0536863407493,0.00538898914354,0.915689903814,0.249916956117,0.624493711591,0.653687672187,0.992995942533,0.858724115938,4.59835116386,1.45394426465,1.57368972063,3.30250524759,0.0771538522094,0.128045095131,2.83895010948,0.047609019056,0.84139840126,0.132937377542,2.30525838256,1.7199857378,5.97230190277,1.10763382494,2.38067932487,1.46304795504,5.99215517044,8.51464050293,1.61180137813,0.392779280804,0.452522358596,0.483601379874,0.0,6.20539504051,0.217578937002,2.43209347248,0.00532245159149,0.0463392039761,4.24563601017,2.1024158591,6.68149139404,1.2496015805,0.274199766116,0.0211506825686,0.186628628299,0.110030899942,2.83198899031,0.259860743284,3.11604919434,0.96003899537,0.710479735136,4.76524767876,0.431185747907,1.38840559863,1.5263192543,1.57502602637,2.50368040085,0.012080941163,0.508563513011,0.65704025209,0.683862333596,0.0119558609277,0.0770552531397,0.131758439559,0.0,0.666860455647,2.39038950205,0.0,1.13724393368,3.06099098921,0.0811926575005,0.145833200086,0.00825094443047,3.82455443382,0.0967660920322,1.66978696585,0.886682851613,5.69955191612,4.95835458279,0.478701447919,0.124452935103,0.0344375261664,0.407325770929,0.0531708395481,0.553431260362,0.432936024666,0.427965369206,0.210814107433,0.451678382978,0.216338783656,0.0787260869704,0.218863018975,0.932482294291,0.019348916196,0.0571230881568,0.437433949709,1.49385787196,0.0722062442126,0.0757710823265,1.42920424998,0.463331431262,0.266641486585,0.585218398832,0.202951974422,0.117857547451,0.624187069237,0.387530236393,0.551679988028,0.0124972544238,0.218552890345,0.958706467897,1.2809826532,0.205543024532,0.378071029903,0.215634512231,1.27161535397,1.11648193389,0.13198294431,0.955449351072,0.457394657284,1.43922506034,0.612828334272,0.133245269088,0.366502345391,1.10619791359,0.76617432056,0.380570548661,2.88055267811,0.197460804656,0.114394416437,0.593608971518,0.217446646908,0.0164509342192,0.676221935414,0.486867150366,0.546045080095,1.2839557213,0.642024647556,0.871278547347,0.784828497302,0.167480325969,0.0243094634265,0.184678920209,0.0191130298609,0.328866582466,0.0372962737223,2.87198073268,4.16965209961,0.369889651909,0.256812159121,0.704958578562,0.0121819325536,0.736893905252,0.413760939632,0.0153581750393,0.0739436969941,1.75185507655,0.0806850413606,1.80121535234,0.703362192363,0.41599468492,0.644203716414,0.0710248190165,3.45805566311,3.17254397631,0.195436328501,1.40055419609,2.57906517565,0.275134993587,0.103063982166,0.00806136045605,0.397856236398,0.20218591393,0.0229316751659,0.359601760264,0.0693819724023,0.13978359744,0.468625717163,0.515982171968,0.0585539050028,0.0391144999862,1.10644929461,0.224957211316,0.764760953784,0.00627196612768,3.31941001654,0.130514689162,1.54049308375,0.145755835129,0.227689831159,0.16796886906,0.313038509488,0.484694847688,0.37587242417,1.47224874905,0.993485456556,0.261547617242,0.225859131925,0.340042863861,0.63262944852,0.112343929112,0.360423417799,2.21083011746,0.113170646429,0.118277615197,1.03245357171,0.0033675134182,0.123488379121,0.620402464569,0.990445950553,1.01023488645,0.189516679253,0.432671027854,0.267469632924,0.826658816114,0.0441139717773,0.48474637093,0.103050884391,0.00645866326988,3.79075005531,0.00288226276636,2.47227051169,0.167203532122,0.396589197963,2.44644614935,0.502379377913,0.665915428251,0.168478648923,0.0458117053192,0.24940099475,0.424079034012,0.676149913874,1.24591139495,0.134341381472,0.170041052401,3.28491967112,1.72297315359,0.00723779115826,0.494094449989,0.309651508927,0.133003125656,0.0262666006014,0.113773309924,0.074417353645,1.26933690071,0.13554394193,0.259211613657,0.296163457036,0.719246183634,0.0601035127789,0.575739693874,0.425503163114,0.0228203529865,0.00942488519475,0.0456482508034,0.496021566093,0.540731012393,0.643438168503,0.0259439925849,0.712652283534,0.0,0.74536816895,0.0277072641253,0.180019291155,0.145078937262,0.343516742662,0.0954323058575,0.042438903302,0.0226351793297,0.728908947706,0.273283194229,1.79088147402,0.109051296413,0.287206709161,7.08159307025,0.0527502657752,0.257759709209,0.0169845420122,0.233442149693,0.222076549269,1.25952845894,0.363847794137,0.00112448789179,0.190183139592,0.107081714198,0.248673628308,0.463738721907,0.856494042873,0.121409064829,0.0120494185016,0.757936575413,0.535624072403,1.77273352265,0.334637418278,0.564452897906,0.569427483678,0.00406235605478,1.09030562043,0.00928330320865,0.22434744468,0.00791432168335,0.224262261777,0.203565869182,1.35826246381,0.119187243814,0.428597249165,0.144422104061,0.334322286844,0.247556526698,0.749879312217,0.023030189597,0.27549755238,0.00737810709048,0.210709595624,0.860026986599,0.308957871832,0.354199716672,0.14192346382,0.859730409272,0.006357575804,0.11180612593,0.00166664361954,1.10876547799,0.984366519935,0.034587577926,0.457200988336,0.0144122293778,0.378331556022,1.87632461727,0.203640394956,6.16843990102,1.1035357821,0.529548287615,0.574161162227,0.0283574329689,2.88305097103,1.05079071596,0.097716219984,0.113935702518,0.110004021898,0.314893631227,0.0355094236135,0.00626552693546,0.27391270698,0.565227484629,0.0320840897039,0.0467696788907,0.531630148864,0.000612518340349,0.403549802378,0.298155099452,0.0503701344505,0.869078701311,0.472015064359,0.761250473708,1.34092726707,0.585744275413,0.159192138761,0.40332557708,0.0327522549592,0.0597600141168,0.194152985588,0.612296145558,0.344655354843,0.303340897486,0.0176272427663,0.460525046214,4.00258889228,0.0542088416219,1.44854548216,0.0651880005002,0.284746171162,0.637598458491,0.00658206211403,0.339194004238,0.818044394255,0.0872132667759,0.828526159674,0.0330616017431,0.198645223752,0.000275316238403,0.059359633103,0.0168950445205,0.681969641913,1.71582338065,0.131674150303,0.409876250457,0.23846395757,0.018011955414,0.950087137166,1.31144973563,0.242014190853,0.165803205818,1.28284905374,1.89543612705,0.364675169364,0.703223849982,2.46762320757,1.22599674255,0.103533616289,0.723182027712,0.328559204042,0.0890307866409,0.406609374285,0.174357485268,0.735820034016,0.286448624581,0.58712693356,0.0192310825805,0.058770846203,0.367869662978,0.72427366741,0.344750903025,0.345859197192,0.433753746767,0.173106029686,0.0822125517996,0.103707536575,0.130190524398,0.0,0.164585452352,0.0111873877048,0.35571830824,0.0909407226741,0.658132704869,0.606036434546,0.288551143222,0.0611826202925,0.573965003267,0.521636035694,0.373753997913,0.0353576555103,0.47106326431,0.093333083943,0.0746030561416,0.36988413523,0.353713508397,0.166036384357,0.652825467065,0.376246447489,0.206413610214,0.314157996671,0.0115117564052,1.48799660206,0.668195205759,0.309764915667,0.470728043765,0.880528525263,0.485924133006,0.0481447327882,0.597790768296,0.0705850543454,0.314517330267,0.495265639983,0.0565930454712,0.234363983376,0.759684899449,0.731717757285,0.127444335998,1.21278771304,0.0115231080446,0.0378401431534,0.485372061282,0.487823853064,0.0455864059553,0.102760026455,0.315344061744,1.01033658922,0.111171587519,0.604618314356,1.38309461892,0.372816442996,0.113861276135,0.343033882622,0.0970463685691,0.200153026399,0.27971637452,0.0976886534272,0.114620050602,2.1320982635,0.622855541706,0.260150082801,0.0232723966986,0.126081211492,0.0220742695173,0.248667878695,0.597173423991,0.191429689545,0.11320577018,1.32878417231,0.0584790216386,0.389787342513,0.796899573654,0.00774094644934,0.0438501875475,0.0695548487362,0.455565048568,0.0492158073187,0.0775080965739,0.642321702419,0.368219237775,0.214108614642,0.0248914886266,0.108656515405,1.17175462365,1.04483702019,0.814068566486,0.376398527995,0.39030322779,0.75021823056,0.352314605117,0.514538432658,0.238181826342,0.0637716396898,0.22606462488,0.451830997067,0.0434698063135,0.043487706352,0.0339940766169,0.00949310928583,0.251532181166,0.826230267137,0.217041275799,0.221579380743,0.195164408199,0.125248710476,0.0100494793802,0.212758947741,0.115631700698,0.186535543948,0.0299572782498,0.143031512052,0.439996494427,0.0800752471574,0.270522719361,0.715438143387,0.189700026158,0.330570114851,0.570748748928,0.585133803673,0.232235307763,0.184859462036,0.211219483814,0.548130928949,0.274288837947,0.178721961258,0.424863634295,0.206775892377,0.140931531079,0.453722066488,0.050052823741,0.212956984164,0.058141418267,0.160182040147,0.10446794406,0.342770000757,2.33801231027,0.170739527307,0.278111748099,0.0198170425743,0.136013809368,0.321237269938,0.278076436501,0.860121485293,0.201166804321,0.981106116471,0.00319203076884,0.295153428465,0.232819929793,1.12387216479,0.0484335080069,0.487053358254,0.0147693960834,1.75096008047,0.261787993871,0.0432260483876,0.313209774485,0.61725490585,0.699896022975,0.102143125087,0.0770012991317,0.977902799731,0.414129240401,0.599895425141,0.139601215208,0.0436660192162,0.0208527903259,0.167367557473,0.0293013409805,0.197218145002,0.180779457837,0.00935994189233,0.346683665253,0.0699737548456,0.0106572884694,0.0788799721748,0.0943508539349,0.244236588626,0.111637070552,0.528197958074,0.0612970904633,0.052688827691,0.254852235913,0.315037437901,0.915318293273,0.138221859047,0.0635342154466,0.119104590528,0.298161334051,0.936828375421,0.15035127677,0.320371832475,0.0097706482932,0.162564235963,0.195368172532,0.0546525218338,0.0915125802159,0.0554557503574,0.66596892491,0.523441413082,0.822258913219,0.592754676035,0.666456302255,0.991759856902,0.4263341102,0.295601523593,0.0392183453217,0.485183394877,0.165532683376,11.8876167631,0.102295506988,0.0199673821777,0.0148065567017,2.95378000647,0.0121947924793,0.488674661741,0.0313152102008,0.845472701788,0.290970116518,0.00210066184402,0.528521815538,0.0,0.139773410019,0.0992834921367,7.79580625534,0.030327177234,0.000627947058529,0.0,0.0,2.6539631176,3.34692024261,0.0910835719109,0.140778898485,0.249126404729,0.243923435472,0.29377965078,0.00101020887494,6.78760141373,0.715272543132,0.152026672233,7.45941000462,0.00568684026599,0.0,6.15324473143,0.0223890924454,0.285831321627,6.90027527332,0.47307831198,0.443012135029,0.0272823484242,0.095044823885,0.287327287532,0.00373221643269,0.554910385534,0.060911975503,0.709639280848,0.0901986327954,1.89143363476,0.0,1.24624325514,0.0750278783962,7.20780702591,0.0,0.0,0.328104767976,1.15969634173,1.76014679506,0.875120327063,0.00460870105773,0.687995381625,0.00959452796727,1.86135039091,1.36361406811,1.14530916542,0.116821444407,2.76632313848,0.294520492046,0.165383070353,1.87258910768,0.0297604817897,0.505001770407,0.0152146086469,0.0943156393804,0.541245540008,0.00277873363346,0.935303112566,0.00110345371068,0.129792410117,0.916316797063,0.220846757442,0.597354684919,4.18508714862,0.00125246316195,1.78844868779,0.00334471758455,0.610049463939,1.6690830344,0.0203712391853,0.0928690543026,10.1125987291,0.150244348347,0.0582840693928,0.0,0.0,0.286917853355,0.180441630781,0.0,1.83602515429,2.09941286907,0.0583871725202,0.770194086395,0.204628287517,0.0459994655848,0.108319158608,0.535187624115,0.273521626964,0.0107242006063,0.02010906443,0.37274161214,0.579788288772,0.0,0.0732495492324,0.0297897667065,1.21009608813,0.0250168836582,2.07529750586,0.253141970374,5.04415854812e-05,0.0279987040814,0.0159180837777,0.00476098895073,2.74141508162
81,1.51706520155,3.80200752497,0.520396930873,1.66812275596,0.540283169076,0.940462223552,2.60497894287,0.134051766545,0.0783573803678,0.71729712141,0.325659953505,1.09596951649,0.454258155786,3.04093403071,0.305124820266,1.2350593698,3.99009711266,0.495911011305,1.79713345975,1.32994017541,2.12572271466,0.232927071154,0.352250110358,0.252087372113,0.0,0.333835349246,0.0488279202254,0.36589278087,1.59805124581,1.13716990232,1.45810604963,1.58386612415,3.24398716629,0.061364609506,0.36277658822,0.250453114822,0.710874596462,1.87863749057,0.0278511003964,0.340856809616,0.452908673566,0.159507645667,0.229366165549,1.25957656786,0.0425641825795,2.65711555243,0.712557118535,1.07155548342,1.06615948439,0.61766869761,0.193871322945,3.02583602905,1.37244242653,0.384279848719,0.371612202674,0.216417243034,1.03438391477,1.18698733211,0.633885704353,1.20207510787,0.814792505391,0.208859878629,0.322964952588,0.3838762228,1.78165471435,4.33700894594,0.476181020439,5.82595657349,2.38790098965,0.00664749622345,0.233592068776,2.11086976111,0.0315326046571,0.837954646796,0.111435296647,2.16913819231,2.53711962938,1.32881107837,0.637387378011,0.443130555004,0.54463889882,0.0994484370202,1.72432405382,1.12498283195,5.08633174419,0.353714606278,1.41685960203,2.26408261418,0.0284553232789,1.28251785338,0.424067599773,0.136397524625,0.783833388574,0.413640836105,1.06692142993,0.731782647446,3.92811376929,1.18494541824,0.0438207322359,0.506076074108,1.3854080075,0.47363622129,0.940023020171,3.82826749325,0.885987036824,0.054306563288,0.688588472009,0.937875948474,1.94951826692,0.26790638566,0.95095134303,2.58691406667,0.967090550363,0.0542563504353,1.56589675069,0.176329674572,0.131872766055,0.377344032228,4.68893727303,0.143557887375,1.61345369492,0.0437957239896,1.20327471495,1.71986123145,0.483929706998,0.338681722283,3.14728321612,0.107730398178,0.0710911171231,0.00762918826193,0.0051404863596,2.68969944745,1.36964969635,0.76799170807,0.543786809482,1.07505463949,1.08482183099,0.581800041646,0.452349990606,1.45497608736,2.23652313352,1.77794200569,0.28080152005,0.425938998414,0.306925002895,5.93349024773,0.73280818881,0.565400512367,5.14834962726,2.79104966402,1.85127646804,2.19667730689,0.282158393897,1.14380908772,1.43643319845,0.752282232344,2.02675046206,1.05533721507,0.0098528252542,0.0328642389923,1.30834623664,1.50524541631,0.265979480632,1.65333616734,0.164683985561,0.819255588353,2.1625057441,0.516042485535,1.52170218825,0.125159588456,0.695839289427,2.55665854931,1.07983824614,0.402660004348,2.54017194211,0.470039284676,0.0974626467563,0.453360939771,1.78272489667,4.30434288979,0.454434128217,0.918796084821,0.215032932032,4.96980292797,1.43440239608,0.0583860312868,1.94281195074,2.09899814234,1.26329713415,3.22289363742,0.0188131855056,0.421879513413,0.76208384946,1.9201627636,0.836148844287,0.757793919891,0.795361351743,2.52445723504,0.467297970951,2.920774827,0.014474919741,0.204631146323,0.0254700444004,1.41781452835,5.32910521507,0.261199407866,0.071737699036,1.57722685643,1.54023101723,3.92137200318,0.316482254639,0.0815051945671,2.07388913393,2.34924076974,0.937887953743,4.64158459663,0.220129956752,0.0184896717966,0.0815500402451,0.623424804807,0.095250903368,5.62127859116,0.526039698422,1.35596334577,0.0635528596118,0.276053050719,2.57833081961,0.0726527844369,0.627137028221,0.338219782002,0.0123700678349,3.67755939484,2.32239790797,1.81555738447,0.825083195269,0.243532331288,1.15515094675,1.73374890685,1.63357358813,1.39643562853,0.229153392389,0.348301671445,0.119458212759,0.423304860983,0.0611898935586,0.551609149799,4.98786602259,2.21725344658,0.676707453728,1.45784103781,0.027304148972,0.120782827139,2.05618499637,1.9656606029,0.0975712426752,1.26378427953,0.834047397077,5.49423128128,0.253332658373,0.0789394091442,0.113762822384,0.727933596969,0.261549440771,0.83614824146,2.73388123512,1.25171719819,0.295087117068,1.17084499419,0.975864675641,1.63364409253,4.39536905289,2.2867054379,1.75965629995,0.214599141404,0.271624674052,0.0472585387528,0.785399111826,0.566922680214,0.597158125043,0.898081293479,1.81229878604,2.40477799833,2.27599246636,1.17398804307,1.95268667519,5.56717633724,0.200671354709,0.0839772316813,1.90752524495,0.882122152448,1.04014840372,0.798414737731,0.746116677225,1.6208775568,1.67032099396,0.61230839178,4.8282489109,0.860438220501,1.53907879755,2.18929865241,2.07497074485,2.46057254195,0.145860565919,0.976476344764,0.0506396365166,5.02889461517,0.455425428413,1.47385696977,0.0491074910387,0.186017012298,1.55959748209,1.02628345009,4.63522982717,0.420235597938,0.189680936933,0.128634349601,0.100133668147,0.47295797646,1.2156745936,0.261649039574,3.01204158425,0.980818533301,0.569783710539,2.57650562942,1.03916661918,3.76056117296,1.72055310726,2.67415905356,1.62643561363,0.0544026543945,1.08816412032,0.642067686021,0.299003624748,0.0941550780553,0.343139737435,0.466031282297,0.00785370286554,0.53914399392,2.63298778594,0.125124722086,0.611754279435,2.17423499942,0.0844570763409,0.258489325419,0.0839566711802,2.17832597643,1.6662528944,0.79983953476,1.16402555488,3.49928452253,2.88039933722,0.795854511857,0.353928053239,0.735299863247,1.03791906729,0.0989818319306,0.414355624933,0.217784207184,0.342370463796,0.733737278841,2.09760684988,0.414265316869,0.180967166964,0.193892225213,0.373801957667,0.36527586475,0.506521083564,1.06397142176,1.74601499677,0.537736011632,0.121783931274,1.56403439179,0.279261743985,0.703555441871,0.0429487234354,0.502231370658,0.150041147359,1.61754511483,0.37406587664,0.359068478495,0.58153622549,0.0589923522528,0.75143577233,1.07581868101,0.691416245326,0.828486852348,0.290975286625,0.56329302378,1.33311088629,0.438245061338,0.671585070193,2.4044195953,2.54206574321,0.316319079325,0.0206806523353,0.471919018291,0.635458971383,0.74320055272,1.23415804356,1.17007824421,0.199687286988,0.00874476518482,0.0995212544873,0.920948328078,0.425072358204,0.794482460283,0.154208033998,0.720519539416,0.949770196914,1.80392233863,0.282148279268,0.556734823148,1.27602115422,0.395992952697,0.115252043093,0.0071701880917,0.170390621182,0.223640042748,1.95833939865,3.47588381529,0.622019927353,0.131927319355,1.41233524911,0.318223761618,0.51605587922,0.843801259845,0.00488638601033,0.46705179438,0.453629368544,0.062352180928,1.3381684269,1.43900472581,1.30176647663,1.17573679537,0.0123715594783,2.31005457319,4.92750263393,0.397407130962,1.16148869216,2.51016566336,0.420794628654,0.396703108214,0.286932798028,0.135175508736,0.416314522326,0.828545230925,0.566131133931,0.143561855182,0.0648386719078,0.0774017883092,0.539810999036,0.0153614097834,2.02517545775,0.779242512286,1.123496463,0.79182550922,0.23471923152,4.01215693757,0.117298353333,0.732687290236,0.475537168533,0.207727917209,0.39136391789,0.0834190648049,0.23186552234,0.0337709271535,0.753562098294,1.90306950632,0.174268801957,0.532752529047,0.235502924171,0.226644564085,0.0775215215236,0.569074673057,2.58583043218,0.0512649824005,0.205441862466,0.768582924204,0.00160123769194,0.0719235526212,0.73624020569,0.683848025575,1.34302280241,0.259097379372,1.57404318493,1.3667089799,0.248449876793,0.141405994892,0.540817799941,0.695178465247,0.112484012842,2.28188417427,0.00882798075676,1.66569149673,0.3273293465,1.10486057416,0.715772381444,1.93646161437,0.727023632303,0.832784078098,0.0423092337698,0.228641365655,0.867276579067,1.25719677448,1.55507608294,0.775032883137,1.13540752258,1.95279321209,1.81062213153,0.213693050593,0.88235311538,0.579226523265,0.0952003802359,1.32778831787,0.401686950624,0.709491861127,1.34996406287,0.87927433081,1.51558206156,0.886237008572,1.58687471092,0.255302438661,1.14774825633,0.230714548416,0.310903917439,0.0715683849156,0.23663326052,0.476063655615,0.185049788021,1.00375550374,0.376585110649,0.530514255003,0.227283002064,0.892457338423,0.0440474162623,2.99235163748,0.774113548025,1.36724361725,0.363983827829,0.308443986401,0.36256031123,1.07082902387,0.80051462987,1.080053371,0.720647891238,1.09488657381,3.11065547235,0.133367486857,0.159543401934,0.315639693588,2.33144689351,0.656185752675,0.902981409058,0.133382276818,0.210071259663,0.446323945653,1.19611751005,0.191629883591,0.621290776096,0.455548534449,0.882423858419,0.0372371390462,0.497373369485,0.62270865459,2.09865182579,1.02761864163,0.245095179761,0.0691450173035,0.253567415923,2.48953146696,0.0309119199216,0.0871521824598,0.0341244767606,0.169517937601,1.18968657911,2.00793595791,0.156088225916,0.576753206626,0.727704699859,0.30442486722,0.386753383279,1.04035419967,0.541939150002,0.547121063154,0.192348968796,0.157023592666,1.797043273,0.301828677952,1.09145734161,0.646665301528,2.14906898338,0.279349595159,1.02181027591,0.340288648419,0.802342292275,1.46363882542,0.203339244407,0.121526332237,0.132811617404,0.154324810449,2.04986525357,0.181875953004,1.18389188461,0.725766671449,1.71443680376,0.743481345922,0.400154907405,1.96301193744,0.457150215507,0.647186681628,0.941884523667,0.700314341486,0.240121493842,0.17250983878,0.105994860977,0.225014838725,0.415632215217,0.186319224648,0.311877811402,0.0290802697791,0.409929142594,0.170392369926,1.44926179706,0.30990861834,1.95574795607,0.64035715241,1.56813074939,0.568989099525,0.384525463525,1.81112591826,0.140216095299,1.09822765209,0.0344505071081,0.35159935534,0.193658838011,0.0677533489838,0.0560811161622,0.0086522025615,0.162649952574,1.65917633198,0.279439732209,0.905672527552,0.0236402780935,0.247730371756,1.59798590571,0.090094024241,1.08792459093,0.738370456845,0.497334454134,0.119774505496,0.130152025651,0.0230877460539,0.0284508532472,0.12838483084,0.0885250245035,0.545742068142,3.04090375721,0.741033302322,0.580278711393,0.0353478927165,0.159584112838,0.768960681458,1.02646539457,0.502950839698,0.1192060709,1.71624890839,2.71929888129,0.314816155806,0.676350715272,2.51087345839,1.19814743325,0.341040790286,1.67835302811,0.400934630558,0.441795000508,0.0868568660505,0.116251506179,0.517770890727,0.924958894439,2.44409067987,0.141559516303,0.0515082650655,0.505045961291,0.951465695351,0.415176028129,0.921284376159,0.4598186461,0.517731393352,0.240263819098,0.435039642639,0.0409303905442,0.0,0.148882437162,0.1256203565,0.0622593614738,0.070453915149,0.203940040432,0.892392038107,0.398067269176,0.632470890074,0.257479654606,0.203281919919,0.462594029456,0.249242574386,0.464978547562,0.143552557528,0.288567996556,0.356050335029,0.721480385019,0.398333003018,0.720929235891,1.52112399995,0.510333017986,0.941742444001,0.259502452966,0.912850861344,0.257070448957,0.385432892591,0.357477471634,1.44022088736,0.340012637842,0.243930477612,0.338522417197,0.273069705516,0.551882837992,0.696641608849,0.152669374477,1.86579575077,0.938489970714,0.402328754291,0.388226295132,1.01320617314,0.0204238696396,1.02017894165,0.661386680454,0.647877772991,0.0352362354472,0.175459623563,0.273425305088,1.11250303344,0.578396553025,0.520843118057,1.42022116564,0.180150754461,0.581189474333,0.565249573328,0.261742530419,0.285080483928,0.247276298739,0.667471936382,0.0674030996859,1.9915521422,0.808267451269,0.445052573606,0.168040158246,0.422138500288,0.289534418546,0.641881956533,0.699466024917,0.806688113362,0.243982799873,1.35932347894,0.101530168671,0.952798098847,0.32814539196,0.0222493342962,0.0533138990076,0.222958064228,0.509975413801,0.13923133105,0.188386619734,0.866353267767,1.87569812357,0.372391545982,0.202613889426,0.511127814818,0.658656716337,3.48018621661,0.258682406498,0.722525942381,0.736060425118,0.415821947446,0.22988455981,0.546336534321,0.204677023217,0.116486273683,0.210234354261,1.97415244024,0.684442754975,0.831523634247,0.402801368553,0.243105890751,0.760969499256,0.11208569767,0.217931752019,0.29356493026,0.481560862635,0.245711792335,0.173238161691,0.315581616834,0.290340004088,0.232113806559,0.287981892303,0.0883612491703,0.96484193027,0.132171948738,1.25415655881,0.426403252743,0.31733193662,0.696544936211,0.723360399902,0.208340540584,0.482612340059,0.0852325198893,0.21298921518,0.466816390958,0.64537235619,0.617111443877,0.307278794581,0.240906559527,0.00874653622508,0.49467290841,0.181396569059,0.949757872298,0.129665848641,0.0827222677087,0.445997645953,0.536782866791,1.67726696372,0.529852531403,0.405451116394,0.151902306322,0.728645313382,2.19937037174,1.1124933143,0.367723515555,0.336211747397,0.144112209938,0.133514144477,0.753757744022,1.06205205202,0.793054796178,0.0741341861337,0.15428171224,0.066081199497,0.625333714103,1.73635664029,0.105150676966,0.104172628052,0.391854657456,1.52702933207,0.427419501683,0.219594847113,0.278795997985,0.389278954193,1.02120097674,0.528935879683,0.0102097044513,0.271423061052,0.595386401638,0.369111889584,0.34320754162,0.281850337861,0.0595922615379,0.208508701958,0.342780422119,0.20879761517,0.331571207531,0.0571325772069,0.306298163533,0.108281443864,0.844793186188,0.52077504715,1.40017610239,1.24158727676,0.235114420261,0.987805088712,0.312408015901,0.363931444958,0.13520651266,0.718671371322,0.325838838723,0.377809491139,1.24778056588,0.182804146148,0.189780019037,1.111746356,0.0603278933745,1.59431014612,0.367882368863,0.475739933848,1.38790756479,0.855455264412,0.799154319465,0.482508310601,0.974702583337,2.09215670675,0.40819975242,0.225753676891,0.768419234417,1.97499899596,2.75224434793,0.0405709072264,0.165106011108,0.330987707824,2.20083524883,0.00167651489377,0.360718244482,0.0,0.870508325584,0.181043356434,0.104880692065,0.0696344076097,0.454998379052,0.708914529234,0.112586017841,2.48315433994,0.411698295297,0.0160501002381,0.00374002546072,0.0719361802936,0.940204749182,4.46668425888,0.910866103079,0.810364263356,0.00621867567301,0.302860080823,0.193259779811,0.0289904592931,3.57624718428,0.790786236972,0.561663609594,2.95234577749,0.194026438296,0.321832727194,1.75183766805,0.0914833045006,0.0196070766449,3.1692684269,0.243883000687,1.04160107791,0.0318435110152,0.101682199743,0.999175170176,0.161510192752,1.23571218632,0.0905728799105,0.0886414229497,1.73645588011,0.422769269012,0.184000924826,5.13605660439,0.173503878564,8.86177435938,0.0597547772154,0.409601861164,0.179858980672,0.311999988197,1.65821481526,3.52120508909,0.123291694224,0.347353449054,0.00491009533405,0.485166648608,0.248158153999,5.33921976924,0.558729727864,3.56907730848,0.280435778797,0.215402405784,5.70690201283,0.155627522888,1.33813227762,1.52550824106,0.346348251179,0.157431962453,0.180842896886,0.219232186973,0.135920411348,0.268297845572,1.4488084057,0.0589136272669,0.593980014324,1.53488599755,0.243482284267,2.32115924146,0.0,0.133998489082,1.68169858564,0.255033025146,0.066301208809,2.30794613495,0.254675246663,0.430530084223,0.00458374164999,0.283183816448,0.0897847248777,0.00690720859915,0.00380309281871,0.935359753538,1.20050718307,1.55737697005,4.27224293709,0.0439466284215,0.149318077713,0.0598374636471,0.256132591288,0.309648910016,0.0273562520742,0.948127083778,0.272553647803,0.118015774041,0.229316799492,0.298963133469,0.150174835436,1.30662182406,0.251683843806,1.28615270755,2.10208527237,0.0,0.84335426718,0.459269592203,0.0363461943215,0.588193355575
82,0.112594966441,1.56521698803,0.483170638382,1.47399166763,0.339254917726,0.247133827209,2.64734338522,0.263554333001,0.104825876504,1.05356145628,0.869808197618,0.449458979201,0.348770620599,2.58953935459,0.483926703781,0.770392981172,3.32242367208,0.788073881269,0.991790136099,0.924510079175,1.31034122974,0.158745028628,0.309552068114,0.235746059753,0.0065223984234,0.0645185440034,0.183654887974,0.894733783342,0.835551638007,0.74926986292,0.576715296004,1.8760183394,3.80783612013,0.269207384214,0.296290847845,0.0651084126532,1.45825634956,0.827418571711,0.0283898777515,0.339679687191,0.907716841698,0.291160352938,0.399358453974,0.842457687035,0.0465052297711,3.60560221672,0.197855629479,0.930122764781,1.16968298674,0.371886091474,0.0821820967644,1.60127595305,1.41223868743,1.15906789303,0.570038837492,0.207327399999,0.856474228459,2.59269475669,0.403879078124,0.611869311016,0.471773465574,0.0722374397516,0.195000476688,0.408187471181,1.81871333539,3.18039618969,0.528829930834,7.04052903175,1.52729428694,0.0461665001651,0.201572267711,2.26117031038,0.301825080849,1.02519108452,0.148582617375,1.48773965538,0.99106592685,0.731358860638,0.165780062936,0.429080637535,0.73227821961,0.134907654747,2.25102683946,1.6946478796,5.97658838272,0.344744963646,1.43958422899,0.738902540803,0.476648323387,1.38007537067,0.33057662487,0.171056206226,0.626292028427,0.642747804672,1.03001144037,0.420192064196,2.8655756712,1.23365026727,0.106209890768,0.827512442768,0.969101115018,0.779096761346,0.809952660725,3.9924794364,1.04763767302,0.18323882252,1.05746147186,0.374297203496,2.87977343619,0.160219308883,0.251372010875,1.36684254542,0.470048860721,0.122423352785,1.38023254216,0.87692715764,0.0341554707289,0.605596708208,4.6254986763,0.244252323508,2.38793729424,0.355157425106,0.464101626351,1.23814863726,0.107974411771,0.594314364865,3.55636310101,0.124922531482,0.0497611739486,0.0114790447801,0.00143660485744,2.68051196694,1.02911142625,0.503849185882,0.283940296508,2.0180866066,0.735327152461,0.62132354185,0.0748181305081,0.656735708006,2.43463389516,0.937624723911,0.649146957695,0.630707678795,0.789608843792,4.53521334171,0.484517766591,0.417526955921,3.82951242685,2.7132338798,1.47474658296,1.55780893043,0.166520509901,0.748284305632,1.25588650793,0.936141279936,1.55545250148,0.245476405546,0.0386868088692,0.007537022084,1.2906843327,1.9632503289,0.181425690055,1.58018319607,0.198309277557,1.7597665745,1.846706433,0.456376748532,1.70660181701,0.273568843603,0.706846693158,1.55361313313,1.04435127584,0.206924905553,1.83066087872,0.39183550382,0.0782788151922,0.338027149732,0.992212087959,5.01287738085,0.333045491818,1.60213422187,0.164506602846,4.43469335556,2.06834638685,0.311192868683,1.53795912921,1.91750714898,0.326037752032,2.50394498348,0.0,0.420985318422,0.767897806317,2.6100969553,1.78020612687,0.688352248184,1.14172855973,1.4680144519,0.36162988741,2.24425588563,0.0666219080985,0.148161665648,0.0751213154197,2.49159001052,4.84437417984,0.409186054766,0.145174955521,1.72433858022,1.0707383579,1.9000019908,0.245906332806,0.319827178456,2.55211553335,2.89834768414,0.688823283836,3.61976392388,0.22270264633,0.0622024089098,0.116737193018,0.542787311724,0.619485295862,5.47604442835,0.237233147584,0.752970227469,0.0649054649472,0.177569109686,2.36247366905,0.094470230639,0.728454714417,0.303377310932,0.0689912858326,1.66548383112,1.76987222224,1.48799438238,0.832645892501,0.19520500645,1.1307589858,1.50829820096,2.10135023415,0.388279580623,0.0150185163319,0.0311888477922,0.369143596217,0.301277111908,0.206188454991,0.253978475798,3.92507771969,1.47110740483,0.446251659915,2.29454129174,0.265615153313,0.094313999638,2.7965882352,0.647501098253,0.0092265496403,0.914547223449,0.933994106054,3.14976615429,0.630933829546,0.113462139964,0.190821201652,0.598682003021,1.17728902265,0.465307516009,1.80788196024,1.0285951169,0.427610690445,1.39916170746,1.23045405924,1.593035779,4.622742486,1.51195444077,1.84267050564,0.293208801895,0.577388398424,0.00454299737699,0.588468480706,1.16923166987,0.993046814501,0.837222629152,2.15608831108,1.17302381098,0.823754310012,1.30390894055,2.00276903927,4.99489463806,0.232113322467,0.147899708115,2.43272656292,0.972619447038,1.30647542845,0.851489279289,0.626446256489,1.63814923048,0.483776114956,0.321498792619,3.02902653247,2.41895599127,0.0940367948264,0.546333206892,1.73037712574,1.51552584231,0.229061267674,0.735833497345,0.142061671987,3.78680313468,0.0754392164946,1.08847308621,0.130670347102,0.278264708817,1.13134552574,1.52402402043,3.42118152469,0.22284229192,0.810109058581,0.30179286465,0.0718812743574,0.427773218527,0.47966407001,0.0359637914971,3.2968846935,1.62623918176,0.545290918723,2.17723091781,0.859290528819,2.77519994199,1.99523326337,3.11627991199,1.28893010892,0.0271057457104,1.40807574302,0.227717683574,0.147778935619,0.0752276241779,1.3584839807,0.54984503489,0.0812550782412,0.87231517002,2.0155009532,0.65192204237,0.148168504662,2.17585191965,0.0285122944415,0.59485943649,0.0990102546662,2.00138265014,1.34260198712,0.0170204879344,1.19776349306,3.89964611173,3.17362601578,1.75422997683,0.531675849096,0.289179063058,0.589798692316,0.0990930320323,0.467671537977,0.259341558963,0.224083985556,0.383708167262,0.937944458872,0.491696698479,0.231586256474,0.171356752515,0.149325329773,0.403050236553,0.405686405674,0.589277216531,1.28251624644,1.05348851576,0.0375836931169,0.789458665522,0.349550965875,0.537757233344,0.00587744664401,0.898217586577,0.236299644345,1.37156656861,0.153040440679,0.602205999643,0.485076126773,0.106895942716,0.599334581383,0.621212307177,1.1238433691,0.487904428691,0.488394120745,0.76214625448,0.811127192527,0.552642467944,0.339326923788,1.04713555263,1.63234766036,0.137917799056,0.159778379649,0.692654508576,0.522026772238,0.255290231928,0.552253792733,1.20615724713,0.29788804563,0.157648547515,0.114915033896,0.657274479009,0.49284786433,0.351196186766,0.0578856140375,0.383553516865,1.17093505359,1.10264347867,0.241358302757,0.620224897861,0.459606418014,0.781108634081,0.0376218044199,0.069550877586,0.0567501524091,0.3537908191,0.862001045346,2.39763245583,0.621074484549,0.124480482712,1.30346420206,0.186025796086,0.0954401547089,0.315662255362,0.0109157717228,0.290324920164,0.550618012175,0.0441290028393,1.45695846677,1.05336244658,0.406137248725,0.519446542859,0.159619573355,1.4589664077,1.98084995674,0.197770715468,1.15540238142,1.97632909298,0.549173497821,0.377287690639,0.583776117731,0.251668011546,0.136135157496,0.3421969921,0.286938428525,0.105978251265,0.0668479478545,0.414108850488,0.707114555184,0.281799758077,1.19847971529,0.539563569911,0.679549778923,0.391681470573,0.0388636562973,3.32145686269,0.211173283271,0.456027646437,0.584089123011,0.216422026008,0.892716611587,0.130961667076,0.105798177905,0.069114298448,0.468209198629,0.952989134267,0.01365696555,0.438009815997,0.210085386597,0.218488886431,0.176682116687,0.304269377813,1.51536167197,0.0848923060298,0.466060945392,0.578370771371,0.00286707639694,0.0515243215114,0.517079129294,0.908452060185,1.29668634295,0.447516622245,1.24950709321,0.268666951172,0.545412002653,0.493210204691,0.445558958054,0.719440439939,0.115060159732,1.65586182252,0.105677972734,1.63887702662,0.177759601483,0.146569045335,0.349281472825,1.76141461935,0.3623901961,0.409984573238,0.10018568825,0.180204100069,0.313951738104,0.998385675177,1.53547412395,0.179534411058,0.733631206565,0.231142676817,1.40662047565,0.0590737918019,1.10051127627,0.749863495678,0.156262365729,0.352227949705,0.0864044556953,0.428114612773,0.595482394006,0.482446657866,1.13251776248,0.566192598073,0.794830033928,0.0737331777834,0.86016229637,0.778310085237,0.420567343291,0.225812991634,0.0262056244723,0.164341046568,0.417726166546,0.918831332996,0.316523530483,0.635319629516,0.0123786399118,0.717057045177,0.042540552374,1.19827592671,0.76899041269,0.828667889871,0.238497685343,0.400156596936,0.0661563007534,1.03317202229,1.00758025512,0.29510068031,0.503234246671,0.70310044013,3.08200819813,0.490192367435,0.963164039478,0.481751258373,1.12417307474,0.340784333302,0.806679047346,0.0861633979529,0.309618861079,0.270850877687,0.429453040734,0.300065869801,0.867662372142,0.317835246772,0.635137349516,0.0630884957314,0.145899443654,0.505473265653,1.328434636,0.793109274665,0.1182367073,0.105525907278,0.185608531246,1.80956227844,0.064074068442,0.128118891474,0.0257158885896,0.578273506686,1.00506837677,2.38018640548,0.0261635768414,0.368267304301,0.547073310316,0.307529421002,0.138750090655,0.652330879271,0.229538954142,0.328908738531,0.0615624848008,0.133941521421,0.702738770619,0.179184413254,0.601614066996,0.576718387231,0.536978737861,0.29089696147,0.457835020721,0.0712504802644,0.718140620999,1.27648316622,0.267198800351,0.349413531478,0.213815434277,0.277564820275,1.69413342699,0.0683126119897,0.396454821527,0.758140547834,1.28592303991,0.562699049935,0.304348790199,2.33669745848,0.408532165028,0.228856713343,0.244236988425,0.443410628717,0.120412727743,0.204199128672,0.252713816166,0.440870840251,0.0889324943721,0.0732209675387,0.408468779922,0.00190231919289,0.149626256507,0.203950779708,0.939746501669,0.107580957487,1.50771700487,0.974070138633,0.70941572696,0.689926804192,0.271865609336,0.789588953331,0.431415223852,0.358089383431,0.162435686528,0.729632722437,0.517460277714,0.122003550529,0.0108835305367,0.0666319616139,0.504676840901,0.291892141011,0.69576164335,0.389791686758,0.0336267411336,0.257862603217,0.38276600197,0.0328271761537,0.918412052542,0.604657894894,0.277305553667,0.161630585939,0.262531396449,0.168626609445,0.0173263327824,0.333452700078,0.0584625523211,0.59235687539,2.4517618832,0.552339121848,0.264494419694,0.011945784539,0.184404948875,0.866974121928,0.75866717428,0.638736128509,0.111924510226,1.12329122208,3.06807176769,0.525029184856,0.470286267176,1.89570074379,1.47281752057,0.0970379146613,1.69113130592,0.568934471421,0.0894154483452,0.1187846471,0.131147468537,0.136385947391,0.719766160343,2.09626929164,0.172118197307,0.212734925933,0.176482337676,1.29341384592,0.617205578312,1.26863614842,0.463864926491,1.12272625086,0.352491450766,0.372912031785,0.0397742361762,0.0,0.706446249336,0.351594537348,0.195929341018,0.0186954894289,0.0391705529206,1.02151933582,0.150754881278,0.713023041727,0.362074565419,0.037586176293,0.045568401143,0.160399072885,0.613342256621,0.177818181925,0.300989853889,0.230311795808,1.4036943738,0.312386436841,1.30110296898,1.30091352374,0.318284210488,1.22634291496,0.235710641891,0.942221742719,1.05123345017,0.386855444171,0.373488502465,1.03012126774,0.600713063776,0.303259841651,0.15198028706,0.186918916451,0.605591651832,1.19262815243,0.164955355171,2.71975584067,1.00339163978,0.54633381227,0.653265131861,1.04775325228,0.14635598667,1.39053483695,0.60540265061,0.851347036362,0.0889553127438,0.0938540079445,0.239499906274,0.970352113098,0.335183739332,0.528210292822,0.776869794428,0.102936828062,0.484159553653,0.322464097887,0.199976676693,0.487640433633,0.110160609111,0.386387009695,0.0952908241004,0.869186637327,0.679097381197,0.334531431124,0.304399839155,0.140871877708,0.104294814458,0.158374328874,0.498885391057,0.984568767509,0.516357844837,1.39273043808,0.117560971882,1.42722374782,0.508842544518,0.184618818164,0.21421496667,0.0191157972813,0.402732535079,0.452221587468,0.148661824239,0.742480269633,3.14951368272,0.29449002862,0.214419837967,0.573290412108,0.989287607372,2.67506010883,0.463451586887,0.402770706657,0.759006963056,0.667766222246,0.178643584028,0.502198020071,0.130450054184,0.0590702540427,0.125106050579,1.47137849957,1.70314997225,1.17584846204,0.494898044895,0.0219827864878,0.626052210964,0.204642900005,0.327987213787,0.267633725249,0.272693815604,0.317503913715,0.549637854397,0.470288854946,0.139654577337,0.64316449522,0.530147519466,0.0881155861169,0.682573295208,0.453817131668,0.834635112435,0.0746891332511,0.715203979313,0.621888038665,1.09104367986,0.44482533195,0.262975816,0.0919125130773,0.192955199569,0.339533748436,0.295903096623,0.430893767965,0.268411271707,0.402917124331,0.107911712853,0.813669808125,0.571175826285,0.93061799854,0.68596490588,0.169598698658,0.191363513395,0.14411644578,1.2873492559,0.630112373894,0.960247469395,0.0854997017235,0.214066187348,1.27653189361,1.82059010707,0.199083296023,0.579876723775,0.126529695801,0.0349140552618,0.785931395404,1.71432109896,0.287604274112,0.00305003728718,0.470853542052,0.364901439101,0.468747300804,2.73271760263,0.313215779066,0.114565189332,1.11047783889,1.66709984824,0.585427132919,0.0808392360806,0.203989884555,0.398581599891,1.16966305792,0.661590272225,0.00557722747326,0.591536646432,0.175955123831,0.531703079063,0.560803913455,0.713332461491,0.155127033237,0.0760375944525,0.210447328612,0.265739517082,0.796849564873,0.223906512037,0.37950564458,0.253320954591,1.3222611317,0.44696769312,2.81766591165,1.19175991699,0.661569170619,0.820933488235,0.218891087882,0.245271879993,0.0724915038608,0.534236596054,0.221611898759,0.112188548669,1.21525888026,0.27955517862,0.113881932274,0.988689060062,0.0404177235812,0.79861158222,0.069965782091,0.764251242131,1.05718429707,1.50936403939,0.0857371900417,0.332469925545,1.4244856026,3.08877819926,0.386398667172,0.281012267619,0.268581135049,0.357176587316,0.0895748007298,0.0204291272163,0.056772698313,0.560616640244,1.23483584367,0.00712319612503,0.327920883819,0.0369530555606,0.732574313805,0.0253514907067,0.198494023383,0.0243710911274,0.72669414591,0.482285776436,0.065473510474,0.175068770945,0.688372811712,0.0866678398848,0.00010767294094,0.171588358432,1.29662198484,4.0363033247,1.80343707204,1.66200365454,0.0217424425483,0.139397261813,0.0108393264376,0.0351154172421,1.66592023626,0.64341038458,0.16756960889,2.07262034819,0.671153923869,0.220910428017,0.0922608527541,0.307404921353,0.0222974321246,2.67557240069,0.105629908741,1.65947269678,0.0945506432652,0.0988225764781,1.04903386295,0.00434986412525,1.21536300749,0.00184525355697,0.206501718387,2.3951959911,0.155350845866,0.0500300422311,5.30832419991,0.0625727626774,4.96131820276,0.348775997162,0.89326389201,0.0819007613929,0.733979895413,0.517535674907,2.46354545385,0.0744177299738,0.228210199177,0.156066158302,0.153416281268,0.122185903527,7.84368199348,1.1070213875,1.02246620141,0.0435580208898,0.0528350629247,8.96005694903,0.328177721556,0.455880868221,0.798160398602,0.051058306843,0.737156443167,0.0946854749322,0.0247147426754,0.0472161775827,0.0732244961523,0.538394656051,0.0264115520567,0.477866892964,1.80450430674,0.458314004131,1.31186728805,0.0215682484955,0.00946190863848,0.80897379905,0.0382689336687,0.174937354743,0.0162719469145,0.512652776241,0.138886865452,0.809841943979,0.759540042877,0.00872357882559,0.0,0.17256405591,1.64507694362,0.0,1.12633463092,2.88701895595,0.0071023607254,0.310057280604,0.632575120963,0.0976037219167,0.00823617789894,0.328683050275,0.238485479951,0.0159416972101,0.127435723713,0.129194289967,0.0421471838653,0.0192758254334,0.697058411278,0.197692876458,0.667729908228,1.32545828916,0.00513385504484,0.350084199831,0.0828983113915,0.0399555313587,0.0254154554009
83,0.483788591027,4.17894631863,0.437276419103,0.96315542832,1.1195199189,0.25994298229,3.64587099791,0.346608387828,0.203932366036,2.08398949623,0.880471673459,0.310393351465,0.414397580698,0.460182474628,0.423260084614,0.439336735606,3.8050139451,0.668375962675,0.822871063538,1.59235819653,0.890064684115,0.217935182247,0.348622920932,0.0923537246697,0.00985771983862,0.0815263630124,0.335249661878,0.294020149522,0.890702299848,0.662801905125,1.14054336265,2.46500453591,2.35666217864,0.243458250538,0.609605738418,0.34605839625,2.60039499298,0.696578530371,0.104992773533,0.512204325614,0.835431861728,0.119188820245,0.559550339691,1.75865021534,0.0922213721275,1.65108012319,0.155938567594,0.383410515469,0.368074830696,0.255765541196,0.202438503802,0.835692245588,1.6379291068,0.357529110946,0.548922546308,0.53473041594,0.927126514465,0.762352806032,0.402895183321,1.85261004837,0.326471550073,0.134657856375,0.305952981263,0.832297812104,1.18193718888,3.48539914608,0.418352560687,5.58030310631,1.32048736081,0.0701912701316,1.63321895134,0.452002918944,0.687366722375,1.31315562904,0.0516047874838,0.903430483602,0.214150146469,1.0404342366,0.600378557369,0.183680603281,0.800111616254,0.155005578231,1.01774411067,2.40071986198,7.49373483658,0.458696212545,0.768325246274,0.248159027323,0.826967126802,1.93438512921,0.308740438558,0.0872309437394,0.382845234051,0.667949136943,1.36593972355,0.64469098758,2.07421573997,2.15649242777,0.0661486423388,0.793239969164,0.925280490518,0.460015581399,0.674429737106,2.49195513129,0.848336160034,0.0356519060582,1.04871677481,1.09619128108,1.52977517724,0.469263719618,0.0195335131884,0.912595988698,0.337584651969,0.395046330951,0.757928580716,1.19984387279,0.00516022354364,0.822788756844,5.2267958498,0.173262670115,2.92491065741,0.397848933935,1.04681274116,1.04041095258,0.17904398595,0.953555440158,3.6468526125,0.184265620308,0.0350886226539,0.259903196618,0.00903591124341,2.47565250158,0.476430044118,0.899495366141,0.380030301758,2.86626481295,0.674033884406,0.497217938304,0.136084921062,1.07106106136,2.82243057311,0.816234505177,0.495637723617,0.221755331894,0.972468722463,3.55141010046,0.129419123344,0.778441939726,3.11369424939,3.13502286911,1.05139458835,0.508367825029,0.0177643255889,0.544237153754,1.6329235822,0.330073031001,0.51486134097,0.379907442336,0.0545392199606,0.0250673313066,0.795639126897,1.83732408904,0.21126934737,1.49256612778,0.14427917935,2.64284202337,0.786510924399,0.299985546283,1.89351346791,0.130847663283,0.430503171012,1.12888724089,0.102065036818,0.283454866968,1.44426880717,0.351278642919,0.154866490401,0.737549468875,2.21757469952,7.40836845398,0.182519322708,1.49663475037,0.44308496417,1.73259262204,0.619464364033,0.303743583709,3.54729104062,1.4865727289,0.266913140118,1.9633816951,0.00310343205929,0.348354216488,0.538261685334,3.92900407314,3.08657102704,0.652154615317,1.06953598619,2.76796123981,2.07508203968,0.839822415188,0.0918856139481,0.124949598536,0.111527433544,2.29650232226,3.48225728869,0.353685048781,0.220405980349,1.85189996779,0.442691453993,1.33288874723,0.53728848164,0.629302184545,3.71043561816,1.1050873971,1.20482844532,4.64291690201,0.290638625275,0.0597035086155,0.0835305669159,1.02604384433,0.472644466162,2.18279602485,0.387188240066,0.242121065671,0.0597234595567,0.194753552675,2.17975574493,0.16191522643,0.841660850793,0.379536250765,0.089345721826,1.0526062429,1.18378733158,0.604402590692,0.261296293288,0.346364503764,1.46297460198,1.15998871624,1.67614146531,0.581316489056,0.0313660581317,0.129722021297,0.323574449569,0.0939923259616,0.43558211124,0.112499362621,1.89679357409,0.979345544577,0.285685333479,3.15500029624,0.443567387685,0.055293240957,1.29472140729,1.39716484603,0.048609610498,0.523902234752,0.991495324001,2.32372198611,1.39282392383,0.0721562086046,0.41157925427,0.64455779992,1.37789569497,0.490686283782,0.692031112313,1.26862489641,0.177372293621,3.06200577259,1.19424188823,0.921960954964,2.61868633747,2.43022241354,0.756283738541,0.284581894176,0.55665296081,0.0464296659827,1.15294165313,0.822186849765,1.11043582276,1.91688198805,2.31266718388,0.793245135816,2.49758358225,2.18806314349,1.41858011991,2.4903746435,0.482562240139,0.0053570368886,0.782806504071,0.169649281874,0.829148995578,0.528721971773,0.754694097322,1.48935236454,2.37157287266,0.300681307986,1.89211668491,2.43842321336,0.755598792508,1.23641172487,2.23267119184,0.606573283824,0.211439039111,0.899410440326,0.18853225261,2.4159527868,0.390668907464,1.42202173507,0.687038894035,0.433277548179,2.26045550346,1.373851583,2.33668227792,0.201501079723,1.02151167154,0.219252454415,0.0884966340661,0.204985617106,0.5793673458,0.172253848766,1.47374575227,1.20555668607,0.102439396307,1.97822729707,0.704147183299,1.15525001764,4.1486545819,3.55857266665,1.86759787321,0.0371489460766,1.79629446454,0.204881439805,0.211294154227,0.062080524601,0.549111387059,1.13438390048,0.0900817137957,1.33136615321,2.74337530732,0.80636433579,0.56287760172,0.976879641116,0.0383814461133,0.2981892436,0.0822962141596,1.89140224785,1.35886598676,0.346454894394,0.599989305697,3.48509381175,4.00178513288,0.855862444919,0.579678004486,0.693842495009,1.31671942532,0.150170627013,0.439338973388,0.303305795314,0.345224385634,0.153237338269,0.702796080187,0.959598697647,0.0453107371926,0.431414066255,0.299670334458,0.188776441328,0.474740154222,0.546667965427,2.70124989003,0.851761728227,0.237729479759,0.876142336566,0.292434762754,0.222245652084,0.141656195074,0.163837857619,0.171274539903,1.49642711833,0.0841659718007,0.533380827708,0.419849758819,0.291252643131,0.785469528735,0.824444031306,1.61634627108,1.36419843733,0.395116597642,1.54433797676,0.719592723874,0.87519723773,0.571604128182,0.906470914483,1.16675255725,0.242437014431,0.0515561216598,0.807752985433,0.987705124468,0.184963035379,0.345769040287,1.4370696038,0.410040643848,0.285099862749,0.297223886698,0.420640096217,0.409804138616,0.679794725329,0.376514546201,0.876178427855,0.754397184588,2.02829766721,0.498303437233,1.05225933892,0.581364760157,1.81749952279,0.104003009871,0.355058917254,0.12024702087,0.721147088541,1.1099883786,2.16574215233,2.010892822,0.303013042882,1.17020038866,0.143251227662,0.343959333897,0.910277086217,0.00186175361276,0.690794888213,0.858879999315,0.0524330529571,0.878719644621,0.641983712614,0.329370017368,0.293642578516,0.106896084491,0.892835276797,1.15590045944,0.132605462964,1.23232548252,2.06708959892,0.397812643498,0.108176237589,0.506774909049,0.147508800477,0.521125439033,0.293758779019,0.378249149243,0.0435884860158,0.311478953715,0.434642631807,0.515428260881,0.165929690814,0.455234456658,0.46177054137,0.388290824993,0.814394205846,0.157443587333,1.66372247644,0.334651858346,1.09028687105,0.948402165398,0.580404507611,0.318082093028,0.801991467401,0.644115177095,0.123318748511,0.360698205959,0.952783287466,0.081360935471,0.519687423529,0.138246489679,0.376541547924,0.0871054236963,0.644699939331,2.21914084315,0.125203256384,0.205079118535,0.872503565578,0.000372345969081,0.0217954591778,1.01064961612,1.45605134442,1.64417654544,0.93276617039,2.49349864252,0.373435114622,0.727563110143,0.109740322381,0.626803511828,0.233433057247,0.104025140107,1.03820738673,0.109712303728,1.21360234387,0.44363701663,0.723687612414,0.786509019732,0.862014281005,0.369055808242,0.519492530525,0.135875571109,0.334877010137,0.306709549744,0.827233712822,1.53318665594,0.332647921555,1.82403330088,1.88329640791,0.190392355479,0.0348835046589,0.459802393913,1.15751399904,0.0401450562477,0.183603352788,0.287277056817,0.589165937733,0.427164069563,1.18280116647,1.40726110034,0.0880862756819,1.54071604028,0.372272770666,0.913114491105,0.794641829524,0.447389832735,0.289877989218,0.180125169456,0.082138088569,0.212983283848,0.93704341203,0.172415844351,0.707700164914,0.190550432913,1.60337014049,0.29900147751,1.4724299892,1.76334261704,1.39209924787,0.386433737613,0.357886580601,0.15177436322,0.960968880113,1.40292715132,0.411645944836,0.553847679626,1.06455275267,3.56762984276,0.65186747035,0.581477969252,0.267720496505,2.08716743715,0.481903798655,0.844464519322,0.261383314431,0.149720247053,0.923790282011,0.594400066733,0.0562705241889,1.13054831564,0.661084179468,0.666917626606,0.0,0.0347362226248,1.30946577914,2.26363501072,0.789079933167,0.307391578704,0.0666817166656,0.102829116248,1.30555447653,0.113166714394,0.18427884046,0.0171024761675,0.416091440469,0.456237185914,4.04783759356,0.250749624046,0.219787215479,0.471045518517,0.224941134742,0.295462169175,0.475716226399,0.60386797389,0.291307430174,0.219039742835,0.380693784207,1.14100946024,0.284342705815,0.940454247892,0.900753585231,1.04803831641,0.199586430956,0.798399799671,0.0683867573738,1.29350255158,2.68957345068,0.0986465954385,0.111713457257,0.00538182185963,0.184640978426,1.06799301215,0.119975176603,1.48833385527,1.18864854619,1.73902694494,1.11372197654,0.156486174315,1.45973427132,0.0761757716537,0.940081930272,0.594341085152,0.741064451002,0.380660479441,0.317432877757,0.260891175196,0.0464086866379,0.0712598897889,0.0375046387315,0.6655905273,0.00290169306099,0.450249989727,0.684504023455,0.649938139319,0.159717463721,1.8764489457,0.454980945066,0.433535397947,1.07867702261,0.396223381609,1.92264795527,0.217145151948,0.198895294135,0.107794022299,1.04440766361,0.704840616356,0.168858303316,0.00543759770691,0.276370613426,0.756856925183,1.70415483341,0.545242022388,0.790424910188,0.0495143637434,0.81120066762,1.09649457455,0.25793195717,0.845801152121,0.608098372519,0.63256213516,0.554664690271,0.0686233180948,0.0647949702293,0.0927765789628,0.0297051705793,0.106873199875,2.12946794271,3.36363081455,0.46503598094,0.238537524492,0.0145235058665,0.560048988909,1.00414891504,0.530600031912,0.439037939012,0.332445333381,3.28775628269,3.59655173674,0.932619390036,0.269513096958,1.80157514989,1.65272477925,0.425384627134,1.24480788544,0.749773962088,0.231559733301,0.42025668435,0.363126821239,0.880277434886,1.08066901386,2.10047067441,0.215424262136,0.244115231484,0.117222685311,1.19976571508,1.13397126868,0.925501330197,0.703697711881,0.543357610395,0.125172072202,0.490888188146,0.405506965825,0.0,0.323475006747,0.708248118404,0.151358844191,0.0220289134793,0.154097758334,1.59887968145,0.246387249841,0.135906353011,0.189565321673,0.0468096125126,0.395958459228,0.0579792888276,0.444252629243,0.207187984623,0.0556406798889,0.529269858561,0.288346235156,0.312033066638,1.90354146659,1.32818659972,0.705281028822,0.577100370675,0.47550628908,0.570869386159,0.858831293173,0.631897732639,0.454264719114,0.964649724476,1.07879010197,0.0127863202989,0.10874886526,0.256987664625,0.610712740235,1.40661450192,0.121353632063,1.23083920985,1.04209825933,0.561795604043,0.503037060946,1.92755980283,0.0392396766879,0.920395488814,0.785437797159,1.52476494148,0.111782761998,0.0587381729577,0.522524764054,1.43349422663,0.0164150676131,0.270482691023,0.657036383972,0.0764261415601,0.370312095899,0.224907635543,0.167762367465,0.456960224602,0.293099271953,0.0531903389841,0.107650782615,1.56267018192,0.753062350936,0.274146495238,0.0298786028847,0.0581257298589,0.0670565926144,0.201316487864,0.250976055972,0.398419732573,0.0619612392038,1.56568584472,0.346229099892,1.0427545628,1.08427409187,0.0660406498937,0.404247016609,0.0289100052137,0.993629051093,0.31815106554,0.358492456414,1.10775170915,1.80993208736,0.63398167938,0.156140269935,0.371750106141,1.9383940801,1.62467620417,0.811113008671,0.599108236767,0.642705069259,0.502877023257,0.172818144541,0.760368345715,0.156791121112,0.092961252518,0.105061113238,1.49655924752,1.33301063351,0.359901483655,0.518769562393,0.146984217651,0.656897412986,0.603266174495,0.333315278739,0.512828657478,1.41518293291,0.0572215916426,0.545786241889,0.268068433292,0.22186647309,0.790116480552,1.09322496615,0.137562831473,0.492912846953,0.911381763467,1.44658311804,0.0665881502256,0.387308519334,0.292243192885,0.635877065659,0.136295215189,0.155634283416,0.0748407268897,0.17820010066,0.543274593912,0.177154468428,0.37436742112,0.56699113816,0.73849025771,0.187414228022,1.06576165058,0.082816726584,0.637384357899,0.464003854766,0.0670794010791,0.311381064653,0.317498695403,1.61820072949,0.474326874828,1.10850677647,0.0444661851693,0.332820842322,0.241496686451,0.93293866761,0.424366618814,0.420866987629,0.432400985956,0.00649513508193,0.47769341005,1.42945703123,0.344494695743,0.00453575767577,0.874081916958,0.0549341908889,1.29646567292,1.23430397648,0.153525033072,0.251675451994,0.911403998509,1.11041939668,2.41765141031,0.402982855495,0.708695882037,0.345852128901,1.37174169503,0.578709162623,0.0176740710437,0.340779773083,0.376678137295,0.167496804949,0.401964010037,0.648555283842,0.037792413719,0.3928938061,0.0442535224557,0.209917552341,0.081787248652,0.0138630376011,0.605705932304,0.796520349607,1.38174506556,0.251585808396,0.293308796808,0.342075880133,0.542169080088,0.714302392565,0.381986233331,0.108088341514,0.11885711736,1.26665694952,0.840712801218,0.213620238844,0.956708106399,0.0592269198038,0.216136477441,0.498726798035,0.189483638369,0.50282021936,0.0969348798692,0.844365083128,0.679913548082,2.38756544083,0.0578222180158,0.733494305983,1.81353400111,3.82697343826,0.112040873021,0.42964281559,0.217276098728,0.0269739210606,0.00287620455027,0.00344131439924,0.432238212787,0.122533598058,2.26947313482,0.0300131402165,0.716127117127,0.129444708657,1.05393817492,0.140738656539,0.654629263234,0.853990352266,0.899428182989,0.363949294388,0.036111262273,0.147962205708,1.12739246435,0.127570175976,0.0,0.284217806272,1.52205829591,0.789315228015,0.344941065013,2.40816215517,0.079823230803,0.168274719417,0.0104470491409,0.00828861653805,4.77430225685,0.146013514251,0.0705855852365,3.94203812003,0.100412556827,0.56570615381,0.136712613106,0.272684755363,0.0184424733743,4.25691309184,0.00583475291729,0.50319428008,0.220144726001,0.197365908884,1.41399630189,0.0,0.73290755868,2.17250897549e-05,0.0774639471248,0.667033513226,0.340257728309,0.0116976954322,3.75369493365,0.0414914669096,0.958822589386,0.177132344916,0.710800299719,0.288925481774,0.953904404789,1.37108685732,3.69964730024,0.0582110993564,0.458569052164,0.0392213536799,1.92319556653,0.179200651459,3.37870353818,0.778110409379,1.03583340466,0.0236010208726,0.187878370378,6.15151400477,0.254192016069,0.426958912015,0.29842074886,1.11415807128,1.32824922331,2.28920148037,0.00585369259119,0.102289298829,0.267200203985,0.328074619281,0.0053707832098,0.34321762451,2.94882888496,0.267608443201,1.65678598426,0.0271642678976,0.0858689951897,0.592428492592,0.110997894593,0.271468130797,0.13915916577,0.0319125577062,0.19284780032,0.473280695677,2.34322666973,0.012843045406,0.0,0.173023797572,1.32941649057,0.0324587284029,0.631490313411,2.58741857082,0.185573914498,0.0512364307046,1.08924302205,0.313902211171,0.0372703572363,0.311730735004,0.034501468055,0.0615721400827,0.258372140834,0.106458681226,0.28415899571,0.261687759385,0.381989853382,0.107744251341,0.814896755666,0.249462588094,0.015127973035,0.418223655857,0.176116743535,0.0904508969095,0.25542933993
84,0.140107842647,3.8541071105,0.374446204342,2.24403373748,1.49500547901,0.150597685627,3.8167723465,0.121021990255,0.191172858402,1.16773368508,0.384399456084,0.266780207548,0.244242089484,1.13497634009,0.654780990779,1.07895618008,5.01668069363,0.414570998671,0.738918684199,0.881467841268,1.81385179639,0.170649762116,0.39078125719,0.0569224962592,0.00423918932676,0.0752091760933,0.179611852206,0.396424150318,1.02668889254,1.10214125395,1.14120196193,1.61595285594,3.41661696196,0.192040694803,0.349017992318,0.192836129665,1.75264921308,0.98478016451,0.0213744946569,0.576578835361,0.881829501987,0.0273190313578,0.168601011634,1.52078266084,0.102652047724,1.52349370807,0.125840967186,0.475674926266,0.402627369463,0.161647241022,0.0944171132147,1.01952871114,2.14985502064,0.720090609058,0.727409602627,0.101709316522,0.850171893537,1.54013592198,0.666718726621,1.02688578174,0.579412546395,0.0395599547774,0.248898759335,0.548490230069,1.82500647828,3.41648801427,0.34551307112,5.92159881592,3.00688302398,0.0590340068936,1.08801257014,0.56899803739,0.114718513563,1.39377512991,0.0413522696495,1.17113895476,0.622350907177,0.300742406994,0.605713011771,0.393848623335,0.500495852381,0.0448977886839,1.01748786762,2.25848787308,7.5000536108,0.454193010032,0.99457431078,0.197236211598,0.360920675658,1.60222953409,0.11347709734,0.0854693803191,0.383231974505,0.167100224048,2.13551571608,0.590586818755,2.96263812542,0.878020389089,0.0657073896471,0.296181397885,1.5852186656,0.476729127318,0.398523624677,3.26394554436,0.801986278445,0.126371777952,0.864348974824,1.31616272211,1.63705687433,0.233802516498,0.0593926373124,1.15441515937,0.585863105059,0.0534685637057,1.28669044137,0.470668336223,0.00531076073647,0.641058355197,5.98236145496,0.0967556117475,1.71456738383,0.0985465263436,0.507573765516,0.66451389282,0.12230702132,0.617630758211,4.80095248699,0.395522939637,0.0965373333544,0.220905955732,0.0,2.10549265869,0.468716672063,0.610424225032,0.422077840269,3.11307503879,0.457548633814,0.521780228466,0.0548764442885,0.576033985391,2.78702529967,1.25175979346,0.582497078925,0.153000864387,0.420089822635,5.37796237946,0.153222960755,0.631773939952,5.2999116528,4.33758231163,2.14150908232,0.349141968042,0.0464121326432,0.471015434042,1.2760598743,0.544197016135,0.568053163886,0.326310361773,0.0509093002975,0.0387333366275,0.821171671748,2.70536768556,0.102187157013,2.09268379092,0.151760365218,1.4337767164,1.4960731557,0.324739959165,1.66462142229,0.112734207958,0.766771567427,1.32612978697,0.485243353872,0.406747680604,1.07236658365,0.523732510055,0.141889836714,1.34978738591,1.95579670131,6.35906365395,0.393470740691,1.37473300546,0.411772886626,3.37148030102,1.01765267849,0.167566373348,2.95181365967,2.55481461525,0.293443105817,2.05022735,0.0,0.426469395459,0.570726613253,3.49841438591,1.55530528106,0.637818639129,0.871229498982,3.44497371495,0.999818563312,1.63895723104,0.0111048475653,0.126408826113,0.0329095170647,1.2992089051,6.17888004303,0.501955818087,0.151217890456,2.29192189425,0.453461700035,1.446894328,0.416260628551,0.175606573541,3.36958392143,2.03995830536,0.755871630982,5.82252214909,0.0933923529321,0.0662417420745,0.0516462981701,1.79293374628,0.458329352215,3.06987371325,0.182035512999,0.29110623314,0.00555693946779,0.0979837294668,2.55696138144,0.0480335037038,1.07776070595,0.412385112345,0.0503437931091,1.15138938338,1.4404737246,0.630000310242,0.158117820006,0.463762630969,1.18251175791,2.08686033964,1.92748963296,0.405388396829,0.0328423997946,0.100556901526,0.537746822014,0.31605196774,0.216675745472,0.234161993116,1.84305343568,1.94046917677,0.464215929061,2.75604296278,0.197739314437,0.108238231391,1.07720984735,2.06627155423,0.0356289216131,0.652802681625,0.741176367253,3.61830742359,0.668863727748,0.152265211344,0.467549985647,0.594554654583,0.530779249826,0.452407562733,2.00039382398,0.689326676726,0.402742813975,2.13863807529,1.19453210145,0.947549083531,3.29341596127,2.68174136639,1.18434135857,0.0853433327517,0.280865709707,0.0330349175632,0.607733167708,0.395053363442,0.850905996561,1.77825994968,2.41730888247,1.74729991645,1.47654363625,1.59483078361,1.52037423581,5.0310050261,0.356723003387,0.0113651931286,1.34078863043,0.444404710531,1.44568694,1.20089617386,0.605512311524,0.99442538321,1.23971703112,0.145570856889,3.81621419668,2.11923869371,0.385213798806,0.464839754589,2.2154303813,0.64248634465,0.372574261278,1.21815250844,0.0216748843528,3.36812878132,0.516443846226,0.668314819336,0.135618260948,0.503272342682,1.67443963304,1.32201524481,4.10520742476,0.164237393662,0.763044252344,0.171119335592,0.0265971113741,0.272409797758,0.573025030643,0.0343655028194,2.53182243764,0.887116118055,0.214259772189,2.38894205272,0.826446584277,2.32559130058,3.73073886752,3.85114571691,3.14664035648,0.0656898832321,1.74008954166,0.254207308665,0.401674154103,0.0557399469987,0.864079460725,0.47784206368,0.0330626896024,0.23783681646,3.67101920128,0.319114979804,0.25140846774,0.95308575511,0.100314426795,0.651268612854,0.0556424517371,2.62614377499,1.37173235893,0.477575961351,0.579159535617,4.0589589715,4.34956303716,0.265229602475,0.463559150808,0.668039058037,1.84994792342,0.0991216436774,0.960046983361,0.528707089256,0.710694183912,0.470295560975,1.19162854172,0.368405846283,0.19910008125,0.630752152652,0.330375466149,0.549735803902,0.469571968168,1.05392270267,3.67266405344,0.787759889886,0.199009998888,1.68971483857,0.373137954026,0.627243350893,0.14900892023,0.476127337775,0.174400230097,1.87036624312,0.327965806779,0.31959869219,0.523966276348,0.193516311049,0.81785628695,0.805506328084,0.995592416078,0.92384376727,0.0950261470675,0.570239457116,1.53773984592,0.886637976989,0.541698468463,2.21904340032,2.38870893508,0.12211136803,0.0682891654223,1.09336144049,1.43784039482,0.357377982922,1.46282239258,2.24301636443,0.394030009462,0.0470337805804,0.188780798018,1.06264331818,0.6565294227,0.733631494492,0.363586729821,0.705449300855,0.760500559621,2.19382774353,0.760762565732,1.33677493393,1.59495200559,0.963587107304,0.0382066075876,0.141830661297,0.222964388821,0.949400235787,1.35486976951,4.18071567059,0.771073789131,0.466850345656,1.3511715436,0.0643327421322,0.480804787499,1.09514447585,0.0,0.625537890643,0.616208668575,0.0342925492162,1.84284290457,1.0001263831,0.778259219527,0.797075028345,0.00623411856592,2.00772240385,2.03592220694,0.226834923625,2.20918496758,2.85132485628,0.333085361198,0.124258505926,0.736812670752,0.141373238028,0.789435331225,0.592886882201,0.635198579561,0.0229731577961,0.213315932155,0.545001648813,0.546156285829,0.313139092773,1.27520079404,0.712733971328,0.904879032336,1.53067919372,0.0996408826858,2.90272291541,0.214477582923,1.79899677455,1.11166251928,0.586864193082,0.28131821163,0.800424957685,0.315110949092,0.348277683593,0.281208260031,1.60387722541,0.0694847519323,0.571911423504,0.217621719446,0.291804368161,0.060196183566,0.42707262978,2.13789186172,0.0788098485768,0.1921331001,0.601756437719,0.00803176585585,0.166337162331,0.737245944962,1.46389127327,1.57636527628,0.484465043726,3.12719829984,0.522499389648,0.948203041479,0.086453780327,0.746964081228,0.76576015085,0.10887783289,2.13876507759,0.00706474941224,2.19253892869,0.179330365099,0.572545558138,0.837801637016,1.85620522901,0.196881767213,0.519199478496,0.0261719075963,0.423804215081,0.472497018445,1.79098878257,1.61779423356,0.781674536616,1.63576754514,1.29625448851,0.946591259092,0.0696475473046,0.715936653912,1.95624662861,0.0133159624413,0.663021455854,0.180261571556,0.498193021528,0.852148948452,0.713491349518,1.59588168278,0.206624530368,1.97538317859,0.383258705252,0.518604992609,0.551552781165,0.342469446082,0.0662142495625,0.240418246789,0.219393097237,0.250781297199,1.43210921086,0.181775275449,0.476352453842,0.0517395771295,1.55203622162,0.169500200152,2.37010403633,0.752992590424,1.41858987546,0.688461484276,0.13271116402,0.165947981738,1.05939889533,0.902620210499,0.764057287164,1.13660944086,1.07763445534,4.17857580859,0.191183627993,0.409232458882,0.345374913812,1.65522436269,0.67919315204,0.800057850182,0.0465911571681,0.151983318031,0.686376890503,1.84491450474,0.170971834585,0.744050933756,0.980013847174,0.853940533325,0.0291001734324,0.190647567303,1.06415164448,1.91902280167,0.479120259658,0.239753197171,0.0806750404835,0.0976910840906,3.67107409358,0.291079681856,0.183795493729,0.122253522053,0.659667788893,1.38645601284,3.28977180123,0.0973094987031,0.149400790632,0.291449144064,0.61493695613,0.520876741111,0.936929901391,0.204575085691,0.891514495965,0.0984249599278,0.171361766681,1.9927683574,0.362652996462,1.21336369693,0.495888621509,1.61382574685,0.489832608961,0.716706630662,0.247139500976,1.59158606824,2.16262362152,0.14042582307,0.401694818689,0.199455757737,0.356730227843,2.54397600986,0.31841076389,1.09694291118,0.846079761256,1.34409055587,1.28311797619,0.304732706118,3.37219681889,0.254060720913,0.67621968016,0.918438765407,0.718662823737,0.109984838944,0.382163726389,0.385115110148,0.229335580468,0.305912179723,0.260060604662,0.211091312915,0.0550428772159,0.12757966809,0.457281377241,0.786189183397,0.202298100702,1.39244342722,0.436367076039,1.26460885495,0.987386004748,1.03691760268,1.70334366664,0.149116158187,0.840315222964,0.063337679226,0.726713543385,0.810222055167,0.082084825933,0.00593599379063,0.0748628281802,0.579053144157,1.2849536629,0.550718730241,0.824077884518,0.0772047942132,0.991828293279,0.4745624224,0.247878665626,1.52151422436,0.928825260103,0.459073713049,0.378117981777,0.125247309506,0.0261470523849,0.0301358128712,0.0963957756499,0.0676787808351,0.92669502507,4.12827290297,0.54437408831,0.618462206163,0.0173472557217,0.393719123304,1.49847651541,1.26775735756,0.281809360236,0.340949454941,1.04892866287,3.38675478935,0.869611003101,0.59187421754,3.10657960057,2.2461902719,0.0365851861378,1.58446913362,1.05332934938,0.37727229577,0.0643506464211,0.185763719939,0.95116384577,1.05729645109,2.03262198422,0.391188595742,0.0707100270875,0.195585158887,1.03799515725,0.765835833251,0.801438510241,0.459208261296,0.233199373409,0.288756857282,0.445893191844,0.264414097816,0.0,0.299561478533,0.319811984599,0.282931673005,0.0180878447834,0.133616231903,1.07128221765,0.195373737365,0.411672610366,0.274468328449,0.0951432521734,0.351244641086,0.137856721319,0.615379065014,0.21486175254,0.0815061864676,0.423005078621,0.906980731301,0.205598721839,1.89403253012,1.40620436107,0.498641661322,0.611697613201,0.349740048051,0.462060134858,0.676630871221,0.371506907698,0.543131575845,1.06182228915,0.538069630321,0.216641226709,0.181238616966,0.608638035031,0.622929417733,1.0854041443,0.186722580083,1.83017098844,0.997656058222,0.452360449024,0.383626448568,1.51668146048,0.0117746295035,0.964128707051,0.440442052921,1.21137920298,0.0362917982042,0.0300952497963,0.340420547575,1.11572906293,0.100386035927,0.116239737235,0.611856100857,0.0225138359983,0.173092402071,0.314936794341,0.144133524774,0.299703954151,0.0592245012708,0.15344040066,0.0919534410536,1.12199046724,1.04951549286,0.214109694213,0.170100623816,0.053540032804,0.0838584235311,0.197685605902,0.583323540967,0.869525533393,0.238895937875,0.878616160452,0.140168486089,1.07933109519,0.632764999667,0.217297839597,0.0865351340361,0.0365066136234,0.63932566138,0.629092597067,0.269389381483,1.49498368364,1.70984276235,0.183143698557,0.105029722862,0.206224902943,1.18901863754,1.87042765319,0.104267173335,0.360993330306,0.41491570022,0.944379254915,0.523873299956,0.542961605713,0.395703762174,0.0486266860738,0.146398420995,0.889805332981,1.26112502603,0.560426307395,0.587728492618,0.234348502206,0.614109195322,0.212545548198,0.0776586312056,0.153457062645,0.772279849127,0.0477630703896,0.308065703344,0.242259686945,0.340445586145,0.830723150335,0.400768894181,0.0628602650389,0.718406133391,0.715594199523,1.48191073313,0.123659966495,0.327834507562,0.234891941845,0.640842423737,0.169544014246,0.479778681528,0.015376810506,0.169591102966,0.304668211527,0.240614743456,0.385537861176,0.545043564718,0.536828079969,0.0444325193204,0.925574787129,0.366017230153,0.609936842974,0.209765655304,0.161362838522,0.344810042381,0.457784091551,1.35720411577,0.964934909642,0.552785223126,0.124194129189,0.476857410426,0.951629207805,0.993948309005,0.328562237906,0.266722537279,0.385832149312,0.000345722502097,0.760732515138,0.773717565411,0.146245961012,0.0819785702229,0.342722702958,0.133480738699,0.825060383528,2.21905758284,0.220954455957,0.0981809850037,0.843841081652,1.35559758574,1.17817394586,0.190743005089,0.162005653079,0.485085990611,1.56899582845,0.44045300182,0.188310542959,0.0961581751239,0.446107318327,0.151561454013,0.362289679404,0.665366884908,0.07537448975,0.148607658693,0.14907578513,0.301142876772,0.273162444979,0.0422716397047,0.317897144593,0.313030006364,1.1021312258,0.26101757843,1.85654707819,0.733371235579,0.195711774938,0.760023258664,0.10429974718,0.0974922100338,0.0931311996374,0.50251082724,0.509070489705,0.296788576115,1.14895337336,0.080262725465,0.349403174594,0.689523274079,0.0713493013382,0.668440533578,0.254655593932,0.674401740097,0.816738871783,2.12365572097,0.0133640985563,0.648544136221,1.41246550947,3.13862640098,0.245747163221,0.310326610263,0.630933720656,0.277516268604,0.0624522399902,0.0891275376081,0.110017923638,0.254969055057,1.50375738733,0.177092030048,1.33447596133,0.0181063073874,2.02539545783,0.339391077757,0.560743097514,0.886676103175,0.471874338128,0.418733985759,0.0161943737231,0.138216276709,0.375930692181,0.000518403537571,0.0195395576954,0.00969967126846,2.52258124515,2.80996452555,0.626526960162,0.964418320656,0.0459305338562,0.101616764072,0.0182406242937,0.000324258618057,3.28806016788,0.671151603758,0.145570451766,3.5392331934,0.176479486451,0.0946631972492,0.0833536661789,0.118169405088,0.145951122558,4.9362248683,0.0141963628866,1.23748091143,0.145526157245,0.0915084304661,0.857993798777,0.00204498440027,1.47129748181,0.0187377786636,0.313444226496,0.777567036748,0.652547215,0.0381996310502,4.30576888792,0.105277388096,3.05783604831,0.558218604922,0.380775803402,0.312998509625,0.66454105705,1.3405352772,2.70129871488,0.0602757622814,0.308709593969,0.046417134814,0.962742766282,0.567207299438,4.5932374388,0.901230044365,0.284927665591,0.0363272956677,0.0329010496661,8.18544390082,0.0793156188726,0.281110963896,0.61555933319,1.02291316584,0.771289777383,0.512874937877,0.0324421395361,0.185619473755,0.355763917714,0.285987772807,0.0162813693471,0.557738267034,2.93039259695,0.273838177621,1.79007209366,0.00521646440029,0.0111988681555,0.396954342332,0.295162939318,0.232679942623,0.186452110857,0.0965245732665,0.129673121125,0.0822265160829,0.8008176741,0.0119388800859,0.00488837425197,0.0513090306707,1.18992040627,0.0,1.76387824789,2.18452813417,0.146444653701,0.113494403958,0.276801425368,0.328338640146,0.0954148608679,0.163505457193,0.130133184791,0.0595467994362,0.248450843394,0.0404024207592,0.23312512368,0.0664267539978,0.141568035521,0.382681243569,1.05865277395,0.617620322257,0.0918962860107,0.847570979707,0.0440337236226,0.0637384989858,0.252361133248
85,3.41003110714,4.10552039385,0.629816186875,1.53802345544,0.374009618275,0.264903438762,3.50867198586,0.0150326691568,0.0359049432352,0.993852460533,0.807696257383,0.520404266566,0.400980485678,1.64043824822,0.145541179758,1.01832141344,2.80561344594,0.239747945666,4.45083061576,1.61309599429,1.15157365203,0.231541942358,0.265031908751,0.298576190947,0.0,0.395661717653,0.102033819258,0.777969286889,0.649254860282,0.928225497454,0.908447827678,1.55146546781,4.62849936008,0.0786592354905,0.0891282117087,0.0333522203565,0.846299306154,0.997827163041,0.0863767810166,0.205903314874,0.168248130456,0.571715069823,0.707532112403,1.36748750776,0.0137884068489,3.84693683147,0.500558778308,0.519938263111,2.09821864229,0.160092005767,0.0393968418986,0.990312249511,1.00370671049,1.0986014092,0.61784358412,0.6999714306,1.05445720151,1.46415363908,0.209357584864,2.85508284912,0.514329489954,0.030084278991,0.172739683986,0.290615117066,1.25513897657,2.20701306,0.105204868434,8.77419672012,1.14028830051,0.00334979504347,0.310283220634,1.28393873539,0.355695435368,0.47599718234,0.0981739996001,0.543285616934,0.759937549494,0.757685070634,0.326303758171,0.866217234135,0.384068341553,0.329525489509,1.02749865055,2.95333450556,6.0829787302,0.264170220327,1.11660141099,1.02842370376,0.300701969489,1.18646961736,0.370007375777,0.239101321697,1.79335391164,0.347643843666,0.479549098238,0.539192620814,2.34196070224,1.98047508791,0.169330619518,0.422377348244,0.978705492578,0.508131572306,0.604378164113,4.27684071541,1.03487291396,0.234101364911,0.839735661522,1.05468500927,3.78148989201,0.18979715541,0.458291610479,1.93685659755,0.425465797484,0.194083461538,1.37656757951,0.316263227444,0.0464739855891,0.956855428815,4.35207608223,0.112353279591,2.24467674982,0.166336593404,0.984289108533,2.86124241173,0.101455773413,0.298056441844,1.62982262027,0.139208505824,0.346581841744,0.0141574608535,0.0057260966301,2.53322954684,0.381257296056,0.707599764839,0.597335458621,1.42540034264,0.46173310332,0.148547832966,0.894262836725,4.23427160531,2.19525641978,0.637786227018,0.199088601395,0.402590529164,0.57891963223,4.14997619499,1.4171326828,0.296703741848,4.57767634422,1.46409042403,2.38380670905,0.824331748737,0.240662791282,2.34124305099,0.987625667453,0.1621344091,0.825561431348,0.536518358141,0.0251781904697,0.0850343835726,0.720839660987,1.60281633645,0.230191178918,0.949975438192,0.0709657214582,2.38725072384,2.52777464628,0.540653996319,1.39691872492,0.165009580702,1.04523346409,1.40753378183,1.14753638268,0.124510770566,1.91590123773,0.283058183193,0.013819753686,0.259614347667,3.28610316396,5.12022468567,0.706868255138,1.03226766586,0.162077935004,3.99122479439,0.791456410438,0.0378262917697,0.992452332675,0.840304957072,0.450968608819,1.92979654461,0.00121540263295,0.279085127264,0.56327596264,3.29811837673,1.71771320224,0.503432839997,0.826735043656,2.98783553243,0.581875719074,2.65236163855,0.0574785905331,0.0891693462431,0.125872456469,2.1020036602,2.53117441893,0.451327112445,0.0362171660364,1.54902633637,1.07767865073,2.14834212929,0.143834427968,0.207561397851,0.597545005232,4.10340037823,2.001138978,4.91742901087,0.397712631859,0.0296931662038,0.175901208445,0.275683066249,0.12832971625,2.71278819561,0.398715068363,0.475473958664,0.211534167901,0.295731105059,2.29824073195,0.131324984133,0.993150346018,0.0582389882952,0.0345246645808,1.63182145894,1.84762096226,1.70924675018,0.733641049266,0.451653341604,0.954250285476,0.792373678982,3.64692563742,0.572178094722,0.131973250061,0.173463497013,0.100079776624,0.289435835481,0.157843369115,0.179683510344,5.50222174644,0.947416546494,0.720558574155,1.64296795368,0.0426636350155,0.371504164338,1.03168281004,0.89407423269,0.00899856448174,0.496256572603,0.586482402384,4.45626830578,0.47146981515,0.0638319262862,0.0764797707647,1.02261002123,0.837915549278,0.529308955967,1.75750337496,1.22909916788,0.292975418009,1.67618710645,0.207493328415,1.46041177854,2.81891576409,2.47743502021,2.40926743329,0.264143408611,0.408678603694,0.0465840777755,0.478663749322,0.287679801583,0.666170164021,0.917435281724,0.920382184684,0.968300636113,2.98753596902,1.47804805994,1.09374862149,3.42070796371,0.189481959306,0.0871762097254,2.59283795565,0.272394612432,0.66815172255,0.405864200182,1.95788417783,0.738656628653,4.10447659761,0.783049687073,2.63730360728,1.47157396972,2.77750996446,5.18400122099,1.70085250616,1.6374151786,0.148208499455,0.374711553082,0.129511205852,4.18048944592,0.136129004173,0.916357338428,0.0871136087924,0.168684522212,2.96847906714,2.15305413961,4.93347581923,0.274920623302,0.397289306019,0.0111991197616,0.0734717161208,0.0713151172921,1.03231401172,0.0804294469208,2.21083236516,0.836846977174,0.218300017761,1.96778413177,0.621337401047,1.14161644945,3.22774855435,3.81997830153,1.46260704368,0.00166974514723,1.12821072176,0.454866496027,0.098666911833,0.0307334276289,0.579638330117,0.521523066461,0.00782601952553,0.971798641682,2.09963754535,0.376046532933,1.01606352724,1.12874251157,0.0456310397759,0.188204762191,0.0529190187389,1.77294094704,1.16930554733,0.535633930862,2.92988333702,5.0021344614,4.64603486061,2.22943568766,0.470828053951,0.245926007964,0.231286966996,0.0555260670558,0.95025305748,0.0558360619098,0.384643575721,0.370428775158,0.662039189935,0.337157466449,0.0964795502089,0.0642267917842,0.408346813843,0.258880685894,0.0742666986585,0.154630532172,1.97175978154,0.317911239602,0.0846467415243,0.602593631446,0.137419688404,0.666858492121,0.0147777084261,0.379881343059,0.209991855919,1.20043370947,0.261917890869,0.621788894609,0.499205239713,0.397316023745,0.286860686168,0.792448584512,0.353198346794,0.357290685177,0.0833078028774,0.981659529656,1.50894055466,0.0369220641442,0.678225966208,0.321458481103,1.30433762951,0.102506724531,0.0285931845382,1.11884941995,1.57393001679,0.528863833696,0.612229257002,1.55741758034,0.439969164282,0.205553485155,0.164370971117,0.132241238547,0.223427113146,0.470712429459,0.479857996143,0.601533827884,1.0897951919,0.52139897313,0.428277494982,0.891231745183,0.479158586357,0.144003345016,0.114028810235,0.130338184237,0.375202315077,0.304104092866,0.976707337499,3.80561145782,0.290431118347,0.0619339377433,0.838731259853,0.174699181765,0.825512794778,0.290081220269,0.00693378485739,0.0749999719718,0.964090123475,0.0864397528954,2.50481087625,0.743144087684,0.449664735794,0.336641710897,0.129899013415,1.60666042089,2.28411865126,0.163323377054,1.00312475741,2.43889376789,0.515711001754,0.120752472207,0.171236664727,0.328946938259,0.0619783733226,0.220008642664,0.229454946741,0.0787900611758,0.0764788615797,0.318184820786,0.825754511449,0.0294352780655,0.388440899039,0.474611117505,0.461328233033,0.85722639855,0.191212189831,3.57002400026,0.196547835171,0.810428901725,0.291443221155,0.115926199779,0.201492401063,0.0988243310899,0.40136303708,0.117618046775,0.946561799459,0.982876273179,0.105330474135,0.492751577497,0.105299811102,0.377636855841,0.0231171283685,0.111005496997,2.20762731507,0.0241797899688,0.45780338265,0.283453679904,0.00434330761433,0.147292806711,0.568371580951,1.31365274757,0.680069355965,0.207526602745,1.39592999125,0.217941528039,0.23238741247,0.202876798031,0.490300541446,0.0922087893821,0.159624798447,2.01560802057,0.0776560772955,2.8562369138,0.335127911363,0.195244524737,0.402922882475,0.775464772657,0.46936684018,0.263845220059,0.0472240072908,0.272552651316,0.305079774708,0.583210500497,1.41162528928,0.224374541938,0.501839808159,2.88565759555,0.981921216175,0.0557339657843,0.486182959825,0.375553949326,0.176544454768,0.45676837388,0.0918612892204,0.482808153313,0.688962135017,0.486161869522,0.742153062345,0.647049172074,0.411506996546,0.186406238489,0.555552455783,1.15086283788,0.512257377878,0.136377294511,0.0282969310135,0.368477495164,0.538146180809,1.93060758948,0.037117163837,0.557132684514,0.0628214716911,0.435340490378,0.493876894116,0.482166945599,0.532046782821,0.368491108827,0.23805479154,0.106065969765,0.476819481123,1.56634914517,0.569912245199,0.491707738768,0.213354440555,0.302862769663,4.27287894294,0.248258683681,0.381146380529,0.258788044155,1.05602488071,0.221011967659,0.648442838592,0.196686020093,0.337302326411,0.568897321001,0.296403117012,0.125742596891,0.600579953566,1.28958294638,0.594863016587,0.0664897915721,0.0502001931099,1.10180317951,1.13736718565,0.542975675911,0.161401511766,0.0932669973746,0.258512396738,1.79679014087,0.0517123889644,0.186464797258,0.0449270327389,0.0566957027465,0.283914284334,1.37501377702,0.217857910506,0.236240463778,0.717509022802,0.495761985108,0.135296642147,0.600133296908,0.0909126794199,0.110656837099,0.118793974444,0.358355541639,0.520672705919,0.748251157254,0.977614411861,0.427110456822,0.754968536105,0.313516605329,0.363750582151,0.0305243389308,1.02269633688,0.94505846113,0.157899381369,0.555899462365,0.0261877691746,0.170686899126,2.65452432871,0.0587217537314,3.86789565481,0.870992521625,1.30275117889,0.259882002333,0.226996431053,3.57252268763,0.469274212016,0.63795492515,0.134948327988,0.270921931863,0.0521133630601,0.0397774468409,0.189288852718,0.194817165807,0.204928035662,0.0653083121777,0.126349035748,0.0144652396441,0.23061425373,0.108344363123,1.42661259286,0.0977046855539,2.39461734101,0.501478292942,0.693132216819,0.621467470229,0.508217972592,1.0385755201,0.228703824617,0.286562143117,0.0715510983393,0.561403673477,0.521348065548,0.106723279022,0.0720399097353,0.128815863021,0.256722068712,2.82230480107,0.756078094267,0.462843408287,0.0244600419328,0.369574532192,0.831527084261,0.115207396224,0.168519437686,0.430869354997,0.0693467241153,0.665839980841,0.295694608558,0.184580949843,0.00192510180175,0.00435923337936,0.171236275733,0.970820662938,2.96772070527,0.680784579217,0.132926409896,0.0520200910792,0.128860877603,1.16267847434,1.12942105033,0.434809771478,0.126822547913,1.19855901088,1.78858452678,0.628714773059,0.596550203459,1.51733107328,1.24754787147,0.161423114575,1.23099066198,0.229246138558,0.0565307265334,0.1688279742,0.0197137530893,0.132189319879,0.386706858436,1.40797168061,0.014196683364,0.251603340143,0.183554074466,1.01482792074,0.429855301604,0.941872257441,0.319798180386,0.270530371666,0.0679760757787,0.221522927326,0.0820349096111,0.0,0.129292173292,0.043905114308,0.0203450085409,0.025936512053,0.0261485236138,0.324162300732,0.0901440547407,0.298178305239,0.260534956753,0.078723974973,0.0384973039106,0.195072835982,0.392764731199,0.180148118958,0.131859131008,0.277754987907,0.413621023521,0.193373863026,0.710263206698,0.765133545473,0.222586530223,0.625165693685,0.121202272727,0.865484806786,0.32165481139,0.295748771057,0.453187078014,0.70255077498,0.148132783137,0.182308830544,0.10171194274,0.0849181126244,0.168955534343,0.456724677123,0.150592716639,0.762454369366,0.434602430947,0.422896841168,0.127707447298,0.925365431923,0.0128485614806,0.682168572694,0.523713571955,0.804358311831,0.0,0.170911377147,0.297394135296,0.553916711137,0.149648216814,0.399293585599,1.2377222833,0.28942750372,0.237922449932,0.24107445851,0.264795702179,0.358834236194,0.0571595136821,0.309417751115,0.342629011832,1.06537967928,0.242943568584,0.493002494387,0.167199691162,0.165357172447,0.124414613061,0.0962886224687,0.279194854542,0.346569409566,0.0814223918319,0.921818649098,0.00420112783089,0.527697056131,0.180646053599,0.0181228405237,0.124183554538,0.0224396795779,0.439354672618,0.0917057820223,0.166819580644,0.527027320275,1.51080437142,0.170698885815,0.0990744272992,0.274467456583,0.762695423812,1.53334412187,0.274851887532,0.33869071926,0.327473993301,0.375891467482,0.0712549232692,0.216007723529,0.175367766283,0.0414761212282,0.00723962508142,0.988233038075,0.73789409304,0.41985117957,0.370072487891,0.0,0.357689130455,0.207991798988,0.299260792173,0.247554757686,0.72484984017,0.275276930034,0.076878221184,0.28110090211,0.0129630169645,0.226597923264,0.229386624906,0.0096381303668,0.665167320669,0.139611133933,0.900577888265,0.297940947413,0.120174833757,0.305458942503,0.639779996574,0.435639137477,0.125599803869,0.0315646362398,0.0583515911084,0.151984246224,0.424213943146,0.241149046868,0.0614906532178,0.132011378556,0.0734682460316,0.442535866499,0.254073933512,1.29888127226,0.350793252327,0.0790126076341,0.226930059372,0.188796322122,1.34360347852,0.356085814228,0.398869239762,0.114407703192,0.37122887928,0.614243502803,0.877759482078,0.191681393571,0.106669077724,0.120134797818,0.00133770063519,0.55823313497,0.774071276784,0.68003147006,0.0634222522378,0.176875853427,0.0726243690029,0.387617267519,1.05553801816,0.135260413438,0.0480004554987,0.411827959567,0.875235363394,0.138734922111,0.0613890590053,0.231676397435,0.389289548155,0.723868660256,0.387033538967,0.00208287451416,0.163541850075,0.0542783754319,0.0932073072856,0.223833803311,0.203343153894,0.0367956432374,0.0792952052504,0.358146407157,0.127552619241,0.313096906804,0.107312856168,0.0723397878557,0.079177110903,0.444316449584,0.2541414099,0.869741169736,0.539743583798,0.306593173333,0.762576643042,0.200144042112,0.0246800947189,0.0907374246046,0.185719405436,0.174473517984,0.0062426087074,0.580289325528,0.128045370369,0.00666377449408,0.315255062468,0.0505965268612,0.7118678426,0.037744114697,0.382158769021,0.723012251928,0.692966260872,0.0331926961243,0.511989999004,1.14078514203,3.24593629837,0.174792397367,0.0499219495058,0.844719245136,0.307987279892,5.03129696529,0.0938744645938,0.0987911048532,0.240674644709,2.06848602563,0.0096162314713,0.598987105116,0.036877669245,0.542657265663,0.0175937761366,0.0568527026474,0.473039206795,0.137427280545,0.452719768034,0.171420515478,0.922959863674,0.23672970254,0.193679669276,0.0,0.100230057873,2.23447742879,2.14564551868,0.339416821562,0.895178866424,0.00348420858383,0.486176419035,0.00973926782608,0.0026576384902,2.69794753611,0.307919063568,0.230258644484,3.82116209269,0.0743371486664,0.107723201886,1.20747550368,0.00578278779984,0.11554290697,2.4213280952,0.0,1.18787173234,0.304601126723,0.0223469866626,0.690080549419,0.000229193232954,0.293865146358,0.0,0.268428610861,1.46420031726,0.415844433103,0.0053655654192,3.20848348558,0.0454045186564,2.97463627607,0.21067075491,0.366499061864,0.0838203216158,0.440999119356,1.286455383,2.48401995659,0.0,0.365310012475,0.0284610390663,0.40005218938,0.354756842406,1.97659463495,0.305709919887,1.22847511008,0.19306394808,0.1559919836,2.33947771594,0.426128575504,0.199515349697,0.271549962386,0.4495927912,0.367109934017,0.0715124670044,0.281796205118,0.0276161875576,0.0352860541455,0.0295590083301,0.0236523628235,0.363277177289,1.86071554154,0.105693012476,1.15951299228,0.0561709955335,0.0242936432362,0.539106586576,0.0198164606094,0.379148438424,3.32468643816,0.221774693131,0.197189524509,0.200286461115,0.181523655355,0.0139868054539,0.000813548061997,0.029129576683,1.1365739882,0.564045565128,0.253238245901,2.1494019562,0.000798914805055,0.104488063306,1.06957945076,0.135599854961,0.0764871010929,0.070428859368,0.0899326550961,0.00682254076004,0.0491438781843,0.211903645992,0.0448593918979,0.163656999022,0.262191377431,0.314665571414,1.35396996617,0.692466545459,0.174507416487,0.139907035464,0.544683618024,0.00530254244804,0.763321622722
86,0.935274021924,2.69860852159,0.585472361445,1.93915801071,0.44005267255,0.342935358062,3.29582064688,0.0905352447927,0.0212127164006,1.24321133256,0.623174837604,0.167497673538,1.37666499719,2.87284527004,0.244208062142,0.77436020337,4.45399298668,0.0486767303199,2.80654036567,1.81506213625,0.451296300292,0.29665236182,0.446502504013,0.42197714013,0.0,0.228813710511,0.0714565359056,0.315480652731,0.791111987531,1.23884496212,1.09263037831,1.29776924662,3.61667523861,0.18266328074,0.193533006608,0.0460326457024,1.26187571615,1.42662759423,0.0516867758334,0.138086266667,0.468120539859,0.175476859808,0.351442990415,1.13168780029,0.35890573211,2.78853264093,0.339379947335,0.588098095022,0.551381068677,0.173067875169,0.152164825797,1.24803654552,1.70952994525,0.903367915452,0.454197823368,0.110078434646,0.443873350993,1.11175816536,0.215047204681,1.20269437306,0.803195976131,0.0528124577086,0.157920163013,0.168034272343,1.27103423849,2.1284386462,0.0598369501904,7.13215205431,1.06451479383,9.02047473937e-05,0.302383310869,2.24029711932,0.314544832259,0.699110605121,0.0748235398531,0.360214737058,1.30003439188,0.327442746311,0.229028412243,0.527341343388,0.347796811825,0.125570916161,2.53059206486,1.59564420342,5.86855686188,0.18775110133,1.37999277696,1.01530757517,0.0594491040707,0.854909017084,0.337657789965,0.0698666230589,0.756558610052,0.290716767712,0.517743257359,0.46142901944,2.00152270734,1.72248594999,0.0862997753918,0.517310812399,0.507575275376,0.354376109689,0.574950806051,3.2417607522,1.72389209241,0.124140702337,1.57785023089,1.74880574897,4.61575503647,0.39195204746,0.492621760368,2.70220719099,0.577996107936,0.0488900578022,1.87782749057,0.324038230311,0.0643674402498,1.1704633119,3.90962844253,0.410860399343,1.90770410836,0.0851332485513,0.386284751147,1.94335664198,0.115924388319,0.590948261418,2.25252489746,0.266675786246,0.260600012112,0.118472407758,0.00451559782028,2.29813875377,0.512931723371,0.588476140946,0.696536679193,1.04116457589,0.88471244216,0.299936872385,0.109897735119,1.32834301002,3.50646616936,0.708439893117,0.0486974932626,0.136562764943,0.663583111465,5.14982719183,1.95963984728,0.666605574028,7.06565344095,1.14049815301,2.94884146214,0.616441543475,0.372761660889,1.55910642564,1.02442528687,0.159450978898,1.15913916767,0.537785365507,0.00257755190134,0.0537289562821,0.899720406681,2.23638622016,0.145936458977,1.38482266806,0.0172933971882,1.87971180812,3.76109498024,0.18011184901,1.65392051458,0.0675337447226,0.483490956873,2.93348090887,1.96046045423,0.218086969033,1.35760503732,0.31530047074,0.0532349744439,0.150319747627,2.56120233744,5.41803592682,0.287369661867,0.781440514773,0.097425253652,3.42413610458,1.6794303596,0.185861825468,1.38452376574,1.96075218022,1.28727786966,1.81120863199,0.0,0.513389651179,0.910667625219,2.41748344183,0.63750396084,0.373461044729,0.901177227311,1.87033247329,0.718777014948,5.1902601254,0.051256865263,0.156764550954,0.045743875131,1.81984417617,4.59413117409,0.288150716275,0.0468313524686,0.639171437956,1.76014862835,1.6658907631,0.173423865736,0.243720271587,1.23499010086,3.25325764894,2.03606588989,4.27070314884,0.345093179643,0.0663958147168,0.0350204471685,0.86202918157,0.0165460181236,3.2587933135,0.138803333042,0.274670659956,0.0577134377509,0.0607651165873,2.02477704048,0.0864785699546,1.50430682831,0.097043240061,0.0213974514604,2.3709200263,1.4015425472,2.32495602846,1.24485957235,0.613093719184,1.19217492314,0.756071553845,1.86579316646,0.62113484174,0.0725484990142,0.208690747768,0.0549529542774,0.187021343857,0.265461457968,0.227142132521,5.13417664886,0.742314673473,0.780585837066,1.26225470939,0.0316966510564,0.118299213648,1.37690383196,1.58388225593,0.0257088197768,1.20197798669,0.801600908116,4.15434205055,0.199032583907,0.0510343849659,0.111331967274,0.653774310052,0.408185184449,0.643294732589,2.3889892289,1.07937095925,0.0824347894639,1.54659759115,0.17092451537,0.528099751398,4.53830467701,2.38000925303,1.64095958989,0.181054278463,0.175945386291,0.018241519928,1.32657350779,0.423783131316,0.315408023614,2.28615571626,1.2058357211,1.10339579657,1.42549929559,1.3043748939,1.95754550725,3.31019513488,0.26758501105,0.0583735849708,2.49669609934,0.181216730326,0.500913884789,0.260044469982,0.682211133502,1.26249956012,2.09325159922,0.431652881708,2.35742002934,1.66825089395,0.907356016301,2.1397817554,0.993994839191,1.70320143193,0.0190666913241,0.367999612391,0.0152333059907,4.70296269894,0.295928493552,2.6215279603,0.0813702636119,0.288675625622,2.33882531464,1.7283227396,7.17110596657,0.594455564804,0.266025892124,0.0521975520253,0.0609741444513,0.0774968251586,1.18609541951,0.0615297514759,2.89068719625,1.5183048296,0.200856257016,2.29736482561,0.644220409095,1.44535590172,3.06478340626,3.45730709523,4.29953774482,0.00396918207407,1.4721033147,0.345272232443,0.532227436453,0.0419780490512,0.331739694076,0.357866356596,0.00157237455249,1.02608233809,1.53109763682,0.270815526396,0.408029237911,2.82354102373,0.0751370679401,0.143801307082,0.0794939746708,3.07223595738,0.560123972353,0.309704170227,3.26191112612,4.27550277472,3.52571875215,1.25634829581,0.384052228294,0.314250955991,0.711179977152,0.019517795518,0.702673244737,0.363656153157,0.0796228981763,0.146070744358,0.65997518599,0.242651281804,0.0346506270766,0.34582880944,0.210394698484,0.153111259931,0.022405397892,0.171264582723,1.64362716374,0.54430328764,0.110975039713,0.629809193686,0.129255937822,0.295909604281,0.0942375705011,0.313834500818,0.0685645858943,0.53944884643,0.241874904037,0.664422749057,0.140166199529,0.036742130965,0.539223188311,0.147620581705,0.631469966024,0.69509101253,0.103714689324,1.16163997129,1.10384771244,0.112250633687,0.854085180021,0.750471731164,0.983957283259,0.0784676480107,0.0486200530827,1.52757008739,0.765915018097,1.04132234052,0.593503995202,2.05956113957,0.307789417068,0.248817070015,0.258471681327,0.07173220722,0.0743205291405,0.255757144945,0.312796016745,0.662276134156,0.265128480159,0.511690141037,0.50656623289,0.602841389477,0.48877445206,0.124005450495,0.102759070168,0.0544640366547,0.207680274714,0.252288779393,1.42095307633,2.96486982167,0.109615214169,0.0821840976551,0.436007505059,0.0837015391141,0.363637006059,0.39607398279,0.0,0.439399442077,0.596433655545,0.0462453063112,1.23096319534,0.572336932532,0.140698231384,0.536661946522,0.165944859535,1.3806225203,2.03733044162,0.374099206124,1.48689183712,2.19378092956,0.170743145309,0.0217658614379,0.00675357602537,0.598417122792,0.588528424725,0.158382255267,0.639393294565,0.00522646609694,0.00377040136606,0.275636492637,0.358446084708,0.0104171129316,0.541436384618,0.259989108983,0.207059031427,1.44525535613,0.248031631447,2.39755018234,0.269341404513,1.14686771572,0.22903792174,0.408985006306,0.0901838755608,0.36827725634,0.34823775962,0.27607698299,0.288046543133,0.962529787794,0.0854214019328,0.256772748418,0.0937998476997,0.289997521602,0.0980712103099,0.525345660225,1.48631175324,0.0946796977101,0.325017193109,0.625283369226,0.0308443087153,0.0254912720993,0.995352360718,0.997057371885,0.765470302328,0.40995810587,0.817601230917,0.218923600093,0.667495679343,0.0864898894727,0.322349839509,0.0542578547075,0.127109410763,1.65397801876,0.127769289017,2.02210440665,0.133015752323,0.217266283156,1.08624777347,0.306213380713,0.315190593004,0.283631364061,0.0674415854644,0.26883694842,0.0872554012202,1.05749023711,0.972719887793,0.518364248574,0.412043712279,1.01880146839,0.896018734649,0.210453639925,0.149968869761,1.20900166884,0.0353861133568,0.423180513456,0.126784319058,0.14654640682,0.51808744505,0.25534108527,0.239723894931,0.357263184718,0.229479689281,0.128901807442,0.759898624383,0.402546835281,0.312738938774,0.110799320191,0.0456925974786,0.155350638703,0.453553212434,0.743522002585,0.017020646342,0.259686640985,0.00631921363063,0.616613631556,0.0149345243908,0.830872053802,0.582961890139,0.22765425168,0.147097483487,0.309438292021,0.0661823023111,0.411022479483,0.573181184138,0.487348765889,0.215481108915,0.443896767171,1.17071293735,0.348254072443,0.15545238113,0.2958739575,0.800194986723,0.229616035223,1.10003845328,0.0710981479101,0.212352705933,0.255908486396,0.0828756951448,0.133090176769,0.311778182108,1.00362870231,0.476702760085,0.00164366468787,0.221416200846,0.335424959362,1.20346046582,0.293432837166,0.193236594573,0.159757809537,0.00682828068733,1.48542691858,0.0158946973085,0.145438179113,0.00167204894125,0.0620664838701,0.771354743391,1.75114338461,0.0391119338432,0.115507925842,0.0796096384712,0.234055803844,0.306186806113,0.784604395106,0.0721298695428,0.505317201093,0.00289435938001,0.148518163115,0.519389364533,0.309319977909,0.499763371162,0.564366198946,0.385991200805,0.0945915365592,0.100180249065,0.0223964813352,0.504622073323,0.942544973418,0.0649490758032,0.223567281351,0.0666468137503,0.137886197604,1.20777888939,0.208160923719,2.26423397005,0.745168912187,0.460243128398,0.538703358575,0.158659192752,2.43459712923,0.561198175699,0.325369218169,0.506111933459,0.399104929604,0.357120116577,0.0419693227112,0.232410913557,0.0487485067546,0.0919156344794,0.0283924619108,0.348483377844,0.090955112949,0.214782012776,0.0405024393648,0.612498391122,0.0202982275188,0.973015651032,0.391025450546,0.578640354872,0.529397385642,0.387453916296,1.21023376197,0.18841076225,0.111666840352,0.0174187429249,0.313763196906,0.535615764614,0.0437652944773,0.110691939224,0.274797937274,0.254490824826,0.903366845697,0.174861332681,0.551966919173,0.0406689208699,0.24594834134,0.587948365206,0.0247604550794,0.246699448526,0.347431520261,0.3925252386,0.297893289179,0.0451725211227,0.113668294819,0.0015975689888,0.00964801311493,0.0644295673165,0.401611494869,2.39678909957,0.179550043121,0.211598118395,0.0878315548599,0.273199445754,0.48342033565,0.63474087473,0.451071950495,0.149883670541,1.32327805236,0.742180495262,0.458915745746,0.466987235332,1.77726353556,0.677090739664,0.201422309596,0.910122795701,0.0880968184769,0.132649354488,0.0276679182053,0.0293211132288,0.360987811598,0.119640954882,1.1753067838,0.0528911679983,0.0888969856501,0.529692175351,0.379332659645,0.216562351622,0.20618146643,0.199629606158,0.176186451316,0.0412213486433,0.256144625172,0.135885292217,0.0,0.161919678561,0.052042118106,0.121081453171,0.0169346908852,0.144548075423,0.593696167767,0.0295992124174,0.210752931014,0.163802647218,0.134543728232,0.124533127919,0.0262481279299,0.555219499972,0.100836783384,0.175804918706,0.62099127938,0.255595957562,0.229194172407,0.286925875756,0.539807787091,0.155362239052,0.350630615535,0.0877849221788,0.860325648189,0.186971578095,0.15509998926,0.061005264353,0.461909809224,0.0996342382021,0.0943940006196,0.169963529916,0.380812754929,0.0804891076684,0.714949305635,0.13032197958,0.135297831516,0.438508668626,0.241594803163,0.166756916568,0.393104543611,0.0908411935344,0.45488065742,0.561468583941,0.442938147262,0.00731708049774,0.257375769448,0.283587460294,0.557608174421,0.197773950435,0.313438570434,0.557290528696,0.0931429896504,0.404746324643,0.329023638732,0.229516411005,0.0451694514276,0.279307142817,0.0972035066411,0.0200413838029,1.24981854268,0.21559726119,0.440571284406,0.11683218468,0.0236619112641,0.137363831662,0.0288345915568,0.206689994871,0.282620992949,0.00834150958806,0.308267413783,0.002475354895,0.320385693815,0.087903720662,0.0295704369247,0.220850812383,0.0449645918794,0.200855895877,0.0655257698894,0.0924314541742,0.742584793326,0.582538048439,0.319739955664,0.0413609170914,0.337886643242,1.166461318,0.925707470663,0.209232074618,0.984946516193,0.361250976726,0.600443203524,0.15601958707,0.28863112106,0.33817277858,0.0763104084693,0.0281204304285,0.571197378971,0.119946904238,0.378568526544,0.135092829634,0.00071790792048,0.185840370711,0.199169172477,0.281115694122,0.180967421886,0.0927483843639,0.184718199074,0.0460825037584,0.0504042026936,0.0417807159387,0.0717871522903,0.155944493255,0.0244054170698,0.82332449533,0.0795714133978,0.361709625646,0.470311434381,0.109565610383,0.581402807236,0.463480288452,0.278042748775,0.320568166499,0.040805657655,0.123322898136,0.171186930984,0.422469556162,0.310642439127,0.187811924294,0.0356363909319,0.0408287024498,0.52870746978,0.0837652394921,0.531198945014,0.0815582760423,0.00420457333326,0.171735049784,0.306689699715,1.85155961901,0.344998324215,0.205486734994,0.0276250952226,0.210311149396,0.435403663139,0.589322429597,0.139585651224,0.0306947855651,0.107083104327,0.00137521335739,0.485661402196,0.808988662809,0.516033017877,0.0311608729511,0.306979410648,0.0753569035232,0.35392041523,0.908539381772,0.131672706604,0.149651741516,0.119670083169,0.618335537761,0.101760848314,0.0971874785423,0.0804378099751,0.192262536231,0.646143773785,0.318688749522,0.0344144029729,0.194252968542,0.0919988661446,0.0607059057429,0.170674799196,0.0676894105971,0.00240334032103,0.121924849451,0.275812662244,0.0857081140578,0.14660735887,0.137002251744,0.189753236193,0.0204616850615,0.166311733284,0.173254216472,0.455414664098,0.222021982558,0.675322502553,0.587684842244,0.0967798443325,0.0561150214076,0.0485367576772,0.709823934846,0.10782017732,0.0451560758054,0.247296438571,0.204005576074,0.107706034207,0.361771589555,0.0478266845644,0.558352287449,0.0683487981884,1.18213935234,0.45697498221,0.318126108572,0.0165642793477,0.161002815575,0.518816514313,1.77808259457,0.350017363932,0.0632832118869,0.749465970844,1.0781329605,1.14371067646,0.0662342509627,0.0631458117627,0.057082536146,0.479192096889,0.058394369185,0.26379804045,0.169317869842,0.227785069644,0.0237409860268,0.0195526265353,0.229117077887,0.0656901435554,0.527843181156,0.14528243864,0.185653677485,0.459642895844,0.181302233562,0.0,0.106601984426,2.14061740611,2.15649057239,0.351143687069,0.548164569438,0.050760101974,0.491403706074,0.062136811018,0.0,4.70170513839,0.122296708748,0.248701241612,3.34490467526,0.0759537731111,0.147163172001,0.33398359105,0.0129190415889,0.19527642414,3.56221855909,0.203244491816,1.75755478645,0.255131094716,0.0438827571273,1.0532909723,0.0548191976547,0.553447542191,0.00389687389135,0.21355464831,0.34589063623,1.08573828325,0.0,2.68293354332,0.0412766343355,5.50289898157,0.00422689408064,0.202044429183,0.152002366213,0.224671430551,0.384233840918,1.59996120401,0.0281506979465,0.909109355621,0.0485163707659,0.457689774632,0.278212530408,1.64069803396,0.123120871186,3.14713887006,0.0149193689227,0.0872622312605,2.9381491828,0.0254382376559,0.52595441211,0.0568304122239,0.0580339140072,0.381806027982,0.0681754900515,0.23748542428,0.0475259943865,0.0723634243757,0.228865185678,0.330508179665,0.245637745298,1.40561756074,0.0479281914234,1.69741645873,0.0681522085518,0.171366393566,0.885593387522,0.0330924361944,0.204484381676,0.965733547891,0.42312740311,0.10481002368,0.0547511555254,0.00251306295395,0.138819403723,0.114675563127,0.00308633029461,0.734667379639,0.0990517967939,0.13394611448,1.62385664053,0.00147050976753,0.0815246442333,0.588963355608,0.111856526658,0.0293523526192,0.00239038661122,0.0230520536751,0.0231890017167,0.046937853843,0.039528108798,0.264854737669,0.421293219775,0.629122752948,0.132130709067,0.625555614978,0.352930884734,0.072011730969,0.19357823059,0.0194186310098,0.0055470134411,0.403769210465
87,0.0283920260146,1.71703468323,0.431251155287,1.18754578903,0.586804640647,0.936775835305,1.98840654016,0.0186713795364,0.0372667890787,0.904355768263,0.415150541812,0.234402066711,1.52421600968,3.34351815462,0.125540632233,0.526942888796,3.00703670502,0.0466201332211,3.49662977725,0.783013322055,0.226217608829,0.132359838746,0.13403988336,0.404988486734,0.0,0.0463041969575,0.00661597065628,0.364468504041,0.784704262838,1.35263244156,0.655098691881,1.56332662681,7.31427875519,0.0286736393347,0.0739001744241,0.0515707134455,0.698190901764,1.39160854436,0.0110572358966,0.118663511127,0.282666532844,0.42751008451,0.520759181194,0.655936059654,0.022320018746,2.44201871157,0.117871787054,0.620946666263,3.59587103605,0.205429976303,0.0459208869934,2.04182325721,0.679327530228,1.09847295955,0.38527298931,0.0460894265771,0.249801171701,2.01269342899,0.476667571217,0.419276484698,0.513668963015,0.12790960744,0.148115521371,0.183085117489,2.0643243359,2.09854878128,0.0674339836836,9.54501598358,0.51300639689,0.00105879180133,0.181148643997,2.29833201209,0.119711732268,0.947001726553,0.168828170137,0.320718128458,2.84409822226,0.1562850253,0.364387676585,0.951121677458,0.303281105161,0.221392243505,1.59729230881,2.2839857024,3.40288160622,0.972861730456,1.5426201312,1.22277964033,0.333599173352,0.266560853384,0.315958840698,0.0472218324244,0.358622069806,0.500227430463,0.569187359512,0.551950021088,2.82741568506,0.804258356988,0.154390696809,0.214204538167,0.703867642116,0.206559104277,0.755214585364,3.63241264343,1.72562758863,0.440146826208,1.0290941821,0.203031858727,3.23887158036,0.28922707893,1.31148375511,2.90762028635,0.986966535002,0.0,1.48322010279,0.0838447120041,0.131555635668,0.366169003099,3.17848718882,0.111876699403,2.24972584009,0.205701087713,0.0804868347757,0.942268992215,0.875759413242,0.540528728068,1.35005746245,0.120437509436,0.113981381357,0.00376628614962,0.000507803931832,1.57424701989,0.967649849132,1.07814961553,0.719316372275,0.516667241603,1.10997122064,0.0440585146844,0.0132893148065,0.665089587029,1.96620161951,0.339552139305,0.202201102749,0.620720485561,0.320988713503,3.7287522006,1.86025995225,0.93886465773,6.79852140427,0.518784857169,1.50621157944,1.38777219769,0.273850502139,1.12013961911,1.13185588166,0.636245107427,1.2802178137,0.393395142923,0.0046500775218,0.0889437803626,0.659232204556,0.662470539957,0.469237204418,0.997856309619,0.0869862887822,0.898673625588,3.8646284014,0.39718407169,1.65886563182,0.0272568099201,0.68266670689,2.45950808764,2.07206189905,0.179700187892,1.33584107518,0.0901968374848,0.0641564306617,0.12359769973,1.00891496169,3.97695911407,0.0227658542246,0.630038840976,0.0613001272269,3.65334398746,1.39109993815,0.0628475946188,1.2197339648,1.38287278056,0.747698965427,2.98354707241,0.000962733849883,0.593185330927,0.630501884818,1.08908883631,0.440284149349,0.0517857897282,1.6126455193,0.496008362398,0.4876844877,2.89769381762,0.0968270352483,0.00722398042679,0.0297095778584,1.84374608517,2.79075786352,0.150130741838,0.00641188517213,0.527080844361,1.67125304043,0.800684219301,0.0931099033356,0.300662022382,1.54732833833,5.02970814705,1.00539966486,3.54042606711,0.434055919158,0.116133749932,0.125587222297,0.319436543584,0.00412848502398,3.10762811661,0.0276811716706,0.716747862101,0.0382581066713,0.0592947235703,2.1004267621,0.0210140673816,1.69707745865,0.238748818464,0.00853299483657,2.47066907555,1.53970495409,2.88996213317,1.96468027472,0.447576356381,0.279947933927,0.805980293751,1.14674942136,0.262006239444,0.0195429589413,0.269196619112,0.0320732470974,0.346069773808,0.0361443368718,0.226237364709,5.48273957729,0.473853063285,0.332088472899,0.874313627444,0.00372511655092,0.000101150590926,1.44201419234,0.757409589626,0.0127328773588,0.82014995724,1.23434587121,3.92864551544,0.304866565112,0.117477773735,0.037224015533,0.679781095237,0.222865209412,0.484433363974,2.64139046669,1.08873178154,0.046869831942,1.09201603457,0.193787868982,1.38355096549,3.8437506938,1.2656595403,2.39291153595,0.250302947536,0.147481892221,0.0210947099328,0.375391439889,0.110271290578,0.632958388627,0.913756965175,0.742813617364,1.14525115907,1.23247718997,0.570517982654,0.722837424576,2.19502768457,0.167580331117,0.215819149092,2.64322762795,0.102257112754,0.326493982077,0.633835854232,0.205177401863,0.312846923992,0.592513840739,0.664574686345,1.86342789918,1.40432579398,0.0180773627572,1.18150609493,1.10217282057,1.3320538114,0.127367826924,0.262168416455,0.0386958386004,4.89318059683,0.29119858969,1.88140945256,0.00997934930027,0.0899651431665,0.799132364132,2.27860842109,5.91924512863,1.35034556858,0.0934167407453,0.00654987096786,0.00876808196306,0.217031699121,0.502272222787,0.0,3.73167785645,0.428065748364,0.13998735562,1.98903659791,0.579281370975,1.27226171546,3.47338297844,3.68002805471,0.990451945364,0.0110106863252,1.14315058887,0.601209528018,0.0774369528517,0.0847873472422,0.272505981624,0.467148559019,0.0,0.587210872248,1.58889999986,0.0325560301542,0.118826593757,1.13355142117,0.128055004273,0.0812351117749,0.0371677934192,1.17078591242,0.960489813238,0.110487433486,3.50462846756,4.99710362911,2.88610935926,1.96725907564,0.23154474102,0.129922858328,0.340545805693,0.0784221112635,0.437997732256,0.579967366457,0.0951050962834,0.140012524687,0.322300770842,0.122241694937,0.0060531206429,0.0613652572595,0.752929766644,0.0313712651283,0.254998099208,0.181435962059,1.28005439504,0.629265571167,0.0344068557024,0.622807615027,0.094292663543,0.22400053747,0.0159610152245,0.281073416304,0.0484929211624,0.911192174098,0.232502691671,0.452536272653,0.206603206024,0.0292481589317,0.192877535969,0.305022139475,1.1518498075,1.93331324875,0.271769814366,0.739345381707,0.793765585348,0.0706885069609,0.831127663851,0.403301292229,1.14679086342,0.152931886688,0.00966974705458,0.828137488365,0.35108410154,0.887629276961,0.356319619417,1.25854560316,0.116845558286,0.00998073081719,0.138542377655,0.24312287204,0.0921109661413,0.0507714592293,0.23028648451,1.62767320469,0.121413175408,0.299721272439,1.34604440756,0.435975502282,0.291270793006,0.199015019163,0.0559046652401,0.0240409075574,0.183599284478,0.213746450807,0.572184182703,1.6202964332,0.098539686054,0.084442358464,0.178557039425,0.00787805601954,1.15401937604,0.17991286993,0.0,0.046707630438,0.1374547185,0.000268831066787,1.15444019236,0.874964416176,0.0680908111669,0.328479952514,0.00598330527544,1.24470796004,3.1833067894,0.0939616178349,1.52258883715,3.12238074839,0.0521938855946,0.0276195040345,0.0109273507074,0.478944325224,1.55455085002,0.223255057978,0.359742531851,0.150919469222,0.0648669147491,0.227174488446,0.351588829346,0.0686449399777,0.368319337778,0.16846362792,0.143258934766,0.857086856328,0.730584403276,2.13968735591,0.0235481986403,0.72869486453,0.0970095621049,0.32678573966,0.17192195016,0.03528916426,0.7528536731,0.0806067307293,0.0888072397932,0.696669173352,0.0231537747523,0.20997340858,0.0643490758538,0.10938662013,0.0183136376366,0.297924180999,2.07610018402,0.140850278493,0.117767597251,0.13275170067,0.000308238826692,0.0112679940462,0.621469868831,0.563918172047,0.437884607948,0.33006853383,0.898005580064,0.317429886237,0.551087753456,0.0658881169185,0.0584887199849,0.187591559589,0.00922986978665,0.934406419992,0.030841475632,0.969971714206,0.0987637170404,0.637077127225,1.21058106631,0.0906780091301,0.631550685409,0.907021620963,0.107458213372,0.105370376892,0.0391219030228,0.369852974303,0.872227662615,0.863511664122,0.688290448585,0.331709144711,1.51595779885,0.128104519788,0.0703369314224,0.370881430991,0.00439104903489,0.0352638044953,0.147896910831,0.324039823115,1.26607247397,1.21344782956,0.213497992516,0.276338234395,0.536547721922,0.320338818291,0.940799015164,0.487258127667,0.618350286782,0.00851243987679,0.115526721452,0.137092939951,0.17092145612,0.455608950467,0.00720568116754,0.629121712372,0.0295149394125,0.928211113475,0.0917391490936,1.82904266879,0.822062762901,0.217894870192,0.303988630474,0.111538053942,0.0799734690785,0.478508609496,0.28578820616,0.498480294496,0.209108573273,0.190671084449,0.371505159438,0.34654067127,0.459650358409,0.143513035774,0.290697769374,0.00314383421093,1.05428635061,0.0140581433289,0.1345658122,0.436873104163,0.0755904954672,0.0516746444255,0.213181583658,0.534193164483,0.484826366268,0.00232172325253,0.00810423759278,0.411431368154,1.34012950063,0.339732964188,0.300712818354,0.00632640466094,0.0442120853066,0.879523694441,0.00761445015669,0.0233919746801,0.0724820929766,0.106838652864,0.997317271605,0.85415415287,0.0796716210246,0.074681558148,0.272627609223,0.123735314574,0.208275841065,0.359940971509,0.0422255858779,0.484348633774,0.0536317767203,0.0876941730641,0.403564712778,0.118021607436,0.166499786153,0.801274066772,0.306422177516,0.0493609362841,1.85683356643,0.018647633642,0.627764290571,0.417248812243,0.0633494635951,0.1323239333,0.0192595671117,0.0302028648369,1.44253101781,0.0673368744552,1.89252647042,0.487756940052,0.755183098167,0.418013780341,0.150967345014,1.85831720114,0.396017952519,0.338561046571,0.374777818155,0.489746252261,0.213267970094,0.0781959277391,0.00283363182098,0.0260835823603,0.00287035991438,0.0127852834808,0.795109509081,0.0110362534225,0.0866244616918,0.0200614057481,0.592919396982,0.0130640983023,1.91881201208,0.182317289328,0.466264072955,1.12720969919,0.653560159225,1.8922697601,0.157157954355,0.122806614041,0.0218690664507,0.24129344672,0.598410791121,0.0207618936896,0.0,0.0325388935767,0.0546483676881,0.334962994084,0.274487425759,0.336119589158,0.0282713742368,0.134251239486,0.986279864013,0.00942541372962,0.655093984012,0.451587563455,2.0105254817,0.0533972917311,0.0125493595004,0.0187956905738,0.00664673890918,0.0231529055536,0.387378068333,0.74183836773,1.73850996487,0.221099900119,0.128138371129,0.0612713117525,0.0343428382277,0.353695115792,0.15829894349,0.229408076853,0.0014743969962,2.51642022938,0.99250317812,0.842292462075,0.354216995016,1.0083386907,1.68257476553,0.662407904416,0.920699474812,0.0324069987237,0.0908073489182,0.000794640928507,0.0256697579846,0.136587724164,0.179494742453,0.920556720346,0.0810626486316,0.20821708113,0.642912567398,0.666060775965,0.195538844635,0.397645331025,0.0841204630211,0.0505208296329,0.0547452770919,0.0941323819757,0.268010310791,0.0,0.0483354972862,0.102661333084,0.0281599478424,0.107584962249,0.0647178579867,0.147803143002,0.134100279119,0.26252713725,0.0518237155117,0.0304285088181,0.0359757484699,0.0384879854321,0.347603735477,0.18283879041,0.135146615959,0.588146668449,0.211221433692,0.166468954245,0.266339757778,0.329808779147,0.227917686403,0.090028472133,0.000277847461402,0.73359348258,0.1911863539,0.120419244887,0.247330460921,0.434305177927,0.234518816611,0.0395146733033,0.0305873153266,0.140573782548,0.0389813751727,0.201765041016,0.255625895634,0.454882499576,0.115137585271,0.314629500024,0.107791938453,0.328359252824,0.00248095877469,0.59379361785,0.356406839266,0.470512850918,0.00640053994954,0.134457421638,0.0918961199373,0.477949898099,0.0270628890768,0.558121875674,0.455842256173,0.0250224112533,0.758497166261,0.0795705233328,0.292167124189,0.0339340895601,0.180570823345,0.0541621975228,0.0287391966581,0.768100493774,0.186357377758,0.285563627444,0.0106228499115,0.010435539335,0.00231472227722,0.127999206409,0.194482299164,0.578175165561,0.0831930796057,0.636984558403,0.0214698189497,0.232655355863,0.288255881644,0.00491350224242,0.00913376115263,0.0114022737183,0.19885929931,0.0710461277515,0.314910640719,0.175100732436,0.608368394375,0.321917426931,0.0826195439836,0.0889169827104,0.220170264244,0.666249056123,0.0504377939785,0.45283995694,0.327607898986,0.200104910657,0.0616038942337,0.194239570592,0.0991761638224,0.00574086446315,0.00789387285709,0.656711774766,0.235341146081,0.117962983744,0.771292258129,0.00928372725844,0.390261830296,0.0935172699392,0.690664085448,0.0433655685186,0.188960352018,0.0719318210706,0.0365375990653,0.0481557358801,0.440119356313,0.0132955541462,0.109367856421,0.0692912578583,0.877028754354,0.232208181322,0.486526073143,0.249668222358,0.0572968622018,0.332747010197,0.150008037034,0.0483217299695,0.186600882807,0.00360186874866,0.0253681098623,0.194114758121,0.135125797205,0.121254455782,0.114201133922,0.0134963643551,0.0281197579717,0.84591590248,0.0570958453603,0.660189285781,0.0833095068857,0.0040311434865,0.14341204267,0.0873241936229,1.37716150761,0.108228970524,0.0845646915212,0.137982335314,0.299461253397,0.373631846509,0.350264543369,0.181139249429,0.172642501332,0.0440325064398,0.00192821478471,0.0998833924532,0.432471266575,0.430969766378,0.0,0.0159615904605,0.0490264606476,0.244957736619,0.637025094572,0.044480868578,0.0375114018563,0.242769434331,0.874522246011,0.39444063127,0.128282182328,0.0515103159845,0.0373756574467,0.137741161119,0.184896293189,0.00200312075205,0.0770326815918,0.149390429184,0.00850232943892,0.155153497681,0.0970455491543,0.00660380899906,0.0536304738745,0.108908700227,0.0,0.138410661072,0.0,0.00951359175146,0.0501842426322,0.251125379931,0.0670992187969,0.696804514602,0.26190149311,0.412740074347,1.19157733738,0.0871395681798,0.0197579085082,0.00375871051103,0.934411855172,0.05121399628,0.0598455730453,0.35423986855,0.389987622797,0.101325311102,0.325646887869,0.0971213641763,0.259574879818,0.0177885723859,0.183338776678,0.577943243012,0.187292690761,0.105200754702,0.305285117216,0.493761060312,1.10901757658,0.861409703419,0.0,0.19847395137,1.51013045549,0.0428667700291,0.0195816750079,0.00728631615639,0.128135202229,0.0565425515734,0.0503257906437,0.663990905881,0.0085051587224,0.365478823483,0.00619899511337,0.0450684189796,0.183848054446,0.00234743699431,0.260039870627,0.256050725412,0.0573438399285,0.195071029067,0.0248309644684,0.0,0.0273620948195,1.18338599503,2.56402948141,0.506039907672,0.174371700585,0.0372256871685,0.648626698181,0.0,0.0,1.71419142485,0.272523744069,0.247293483876,1.76176558003,0.122287206054,0.148516655751,0.00745051532984,0.00201711654663,0.210480594784,1.21122160539,0.0148402239382,0.748202933073,0.14833176598,0.0250981166959,0.170456136912,0.0,0.135249159932,0.0,0.0526740819216,0.630608845577,0.118807600456,0.0,2.23742248178,0.0348933584243,6.30810421467,0.0579330062866,0.237070182855,0.0174691321608,0.0266463270038,0.121054980159,1.35000560813,0.0,0.183719634898,0.0,0.0545218308701,0.296159938341,0.637934982404,0.0739151030034,3.0232806772,0.0167683586478,0.0,1.20891865909,0.461259878352,0.408737314856,0.0378812094778,0.155071168169,0.197758345343,0.000823053270578,0.0196096538752,0.00246410518885,0.0301214936376,0.304968647659,0.0,0.376387884356,0.0819670000672,0.0483213497698,2.36285867631,0.011950096488,0.0670442677848,1.09989054562,0.0337709629536,0.106871769279,0.073001648616,0.0410042413324,0.0710507145524,0.000927199535072,0.00258624196053,0.010185573101,0.00250584930182,0.0117001285031,0.545825842246,0.0,0.329500089213,1.57041651784,0.0204293370247,0.0155235360563,0.191554234792,0.060115769133,0.10314538002,0.0027087059617,0.0827167262137,0.0,0.0197902011871,0.0103006394394,0.346909212954,0.00182268954813,1.89961937808,0.0155627626181,0.340074174032,1.53203518569,0.042940955162,0.254481765628,0.303178128041,0.00660405166447,0.204734109454
88,0.0149284517765,1.3482430923,0.591063820971,1.85541515052,0.701152062528,1.4959806025,3.1791463232,0.0407858860493,0.0845623069257,0.982500288561,0.342758818455,0.18367817685,0.853000823259,3.28478141308,0.0814745890629,1.0463537094,3.83700147629,0.081946789138,1.53422856644,1.79521562714,0.511250021458,0.345374452136,0.0778268278763,0.242734109461,0.0,0.0360772554902,0.0101570342481,0.243539250195,0.910334847867,0.986280546188,1.00380673319,1.28660946067,4.7939268446,0.0585916531831,0.0317164425552,0.0510930001736,0.69068008244,1.43187033176,0.0101286410424,0.112034463249,0.501777263731,0.443777677566,0.503330029473,0.691301090717,0.0213822393119,2.29563056469,0.0938065403327,0.837182279053,1.01912400454,0.180202107299,0.0471422072127,3.05638481051,0.952414962202,0.949669590145,0.318064298611,0.0619387628324,0.237077376419,1.70492020071,0.405194407851,0.108549943033,0.324370891452,0.0677764380351,0.136873173974,0.198575952239,1.40567941919,1.55693754643,0.106598700136,8.26016357422,1.02273652628,0.000897768363357,0.260815755576,2.82873585939,0.105144751742,1.04742831547,0.120619341806,0.832756262347,2.72690975063,0.284698555954,0.479535291567,0.988370550275,0.386535177696,0.0410507228877,2.08995034456,2.06067820549,5.29739528656,0.813116190881,0.899779979885,1.71137825847,0.350284958929,0.295112804957,0.42624743999,0.0654831012711,0.275162341995,0.222447632998,0.418181244731,0.561369431317,2.95153682709,0.927644912004,0.208443424846,0.21563911207,0.705401662178,0.407170647681,0.600023095161,2.94235132933,1.10569988132,0.696810436845,0.58343949873,0.108663180079,3.6341615653,0.231482419372,1.50740228415,3.29618938208,0.494172681123,0.0382890924811,2.00316639826,0.305454200618,0.100519407894,0.561009805239,3.18485239506,0.170890682917,1.36454805076,0.0730646561086,0.146425141059,1.25415862827,0.543712651469,0.775189611539,1.92665315986,0.136687555313,0.0572476452403,0.069350489378,0.0129283893108,0.910294649675,0.956370076984,1.04789160937,0.574847485125,0.879158035927,1.72678740501,0.274748850735,0.0790664598346,0.114949689321,3.13796789169,0.384952839017,0.356031248607,0.288946939316,0.496741381115,4.28299077034,2.73142783165,0.540615780074,7.0064763546,1.03627136692,1.35099238172,1.83627099961,0.605569536611,0.911052716374,1.02300651895,0.225077304021,1.49590778232,0.660665216073,0.0134139554761,0.0206831009686,1.04274128646,0.683494158164,0.655911985524,0.988091867864,0.15896664626,1.13800060518,3.88885043859,0.280348856747,1.39840131015,0.0898636013269,0.643772153556,2.45294649959,1.68425631192,0.138458975609,1.80778832674,0.0982205868512,0.0576511402428,0.168071307089,1.09202881604,4.36699629903,0.12704141925,0.793405497652,0.0290176143311,4.04403354645,1.43036841393,0.0487402608991,1.0829641521,1.22047857791,0.857268524547,2.24526888251,0.0,0.322250296324,0.681328125,1.53817154557,0.942264321297,0.146467234865,1.33278012961,1.14996898055,0.32987685129,4.16325894147,0.0655445665494,0.0,0.00169212698936,2.3823253721,3.20142638922,0.125580110129,0.00797310575843,0.540948528647,1.79300322473,0.830696688443,0.156124520963,0.141379995197,1.23508383647,4.19339953423,1.44740306936,4.08740040779,0.381070941389,0.0269221009314,0.106900410056,0.502664561532,0.0116489863396,4.04839888573,0.160149644762,0.592519848645,0.0817772842105,0.0344928945228,2.47325172424,0.0278950932762,1.61146274582,0.254623125792,0.0118504937366,2.29047132432,1.50291417286,2.48984718978,1.06512777485,0.376922937147,0.295091783367,0.868405123362,0.913787508383,0.216204174459,0.0216511464864,0.0880943718739,0.0370496233553,0.151021379344,0.0777103324421,0.0710149416327,6.90564753532,0.7770449467,0.290248976946,1.32762488544,0.0405087620765,0.0686321762204,1.76401344657,1.62202046894,0.0170917263255,0.57750159964,1.1887892808,4.03853367805,0.130929466868,0.0637757983059,0.0740644748881,0.787449073195,0.164982908247,0.503517202958,2.88898534536,1.06099017996,0.134215315729,0.978236817122,0.292861585394,0.794657224715,3.83849757671,0.732036220878,1.71372344434,0.129261470735,0.227663322762,0.12918545343,0.424342475068,0.362041168064,0.417917432189,0.660257791281,0.938122932427,1.48213886082,1.276735726,0.316337673962,1.49278322479,3.44215392113,0.289966778532,0.110983154774,2.69201875806,0.105931767076,0.304206928555,0.408620777745,0.1841288101,0.860645825863,0.182924677432,0.657732038889,2.72127534747,2.18196275711,0.00989698383957,0.796820150614,0.957842994928,1.84944481769,0.126455950513,0.381561803967,0.101717780232,4.38637237787,0.148183132652,1.20065611601,0.0356576672941,0.27565542832,0.809454261363,0.8950124605,5.24708174706,0.444002313465,0.186351809464,0.00659036171623,0.0372621722519,0.187456821948,0.279816567898,0.000956900827587,2.90292169154,0.35911036551,0.17335021954,2.28889926851,1.0244101429,2.06647092521,2.78674842358,3.05581066608,1.40618298769,0.0267280673981,1.03504005581,0.396555824876,0.0660557298362,0.093592543155,0.20869916901,0.3587818918,0.00163590922952,0.269623888619,1.34644565344,0.184497420192,0.113913538456,2.63618541449,0.168979167864,0.134071421102,0.0585294552147,2.71062133402,1.31857253283,0.106068033911,3.80360039204,4.7514727211,4.36059780598,1.26585389428,0.141596059091,0.116653759945,0.118271006141,0.0879683709517,0.612137255967,0.234169576177,0.0381748076063,0.0915313533321,0.441579350308,0.0940810318594,0.0210742654651,0.12830823157,0.207144346634,0.227665300705,0.297274154844,0.286913237907,1.24843522057,0.683161013573,0.00354276150465,0.945530376211,0.0447567521036,0.272889587879,0.0291038875841,0.0738985458016,0.0549247044325,1.24959309578,0.150441450849,0.293954046331,0.226464035064,0.0503443653882,0.520416144133,0.4727874773,0.575504693799,1.23133416474,0.198564595971,0.560647274852,0.710618784521,0.208916299343,0.318890943378,1.31164499253,2.00439722538,0.234011635408,0.0301311811758,1.1343349278,0.878034324124,0.380449370705,0.340032287063,1.33713543713,0.209970444664,0.00554819196463,0.0615354694799,0.675920144096,0.181831497606,0.318897996694,0.0920700732246,0.666067627049,0.105554468706,0.185133347698,0.937908543395,0.22779007867,0.130680474937,0.0789296495542,0.0332129512727,0.0065412704632,0.248205924893,0.274187740237,0.651039043777,2.57691416025,0.122462162301,0.193193345852,0.431899968758,0.0142556603206,0.318365859812,0.194673256017,0.000596136748791,0.345577698629,0.174170534462,0.0091789115491,1.14683308661,0.995706067532,0.220005940143,0.347190675493,0.0262163305283,1.30754898667,3.85397809029,0.140896653831,0.680420106724,2.70864624858,0.173759946348,0.255024444498,0.145449434593,0.274354363512,0.424369871989,0.102941716248,0.645192756411,0.00592002630234,0.0169960311428,0.111456886977,0.32090143837,0.0,1.55479702353,0.0862599521736,0.390935364068,1.23321968779,0.587294763532,2.74484442353,0.0809349974804,0.464365214854,0.166816733659,0.110514251096,0.0269478075951,0.0252997607738,0.314538693391,0.0579702695366,0.316036232933,0.690527439686,0.0193152683182,0.408458386622,0.0919737293199,0.0534709765576,0.0678076874465,0.341328171755,1.43117670387,0.000954625671729,0.119619081244,0.306424658094,0.000739287137985,0.00150373034179,0.348204640895,0.556347610662,0.488761041015,0.274113718756,0.199760871381,0.568661349118,0.367973409295,0.118303791163,0.183269830663,0.680528867245,0.0753265016153,0.929931983966,0.00999090075493,1.27194572136,0.0462535202294,0.706042856118,0.715302605331,0.615804390758,0.586260018963,0.957203449607,0.0432046997175,0.0839463256299,0.0259646106698,0.661601836607,0.600925834216,0.91660390079,0.481884666532,0.329451329429,1.48389565498,0.156722585941,0.547593731284,0.294238853864,0.0477766763046,0.0697491085343,0.200670069754,0.151881970316,0.869643022977,1.0399998349,0.208179014083,0.572822357393,0.675159293115,0.346371563971,1.16917584956,0.555983790681,0.241253806949,0.00309263437986,0.0206830691919,0.219636719022,0.323322273493,0.631781250834,0.0973020830005,0.336147236982,0.0885496542044,0.378846580163,0.0178843122721,2.12062043635,0.291367205828,0.362309330106,0.150395342279,0.164339604527,0.13352711787,0.849452104345,0.208531215545,0.645253208391,0.458936956301,0.394086593464,0.973972409377,0.206248749504,0.0827934536478,0.361727434248,0.28357506685,0.013325084839,1.00381518327,0.0283207886154,0.0731425521756,0.350878263451,0.432532745861,0.102281211931,0.0252815537155,0.802638217509,0.631134179546,0.000182540658861,0.0701402450772,0.222893432627,1.25841576666,0.173380125202,0.0893186564744,0.0579272684129,0.00754264891148,2.1369520998,0.0182407871634,0.000808441415429,0.0704445626773,0.0440249263868,1.14326502383,1.24894380823,0.0023173943162,0.172320398819,0.571720879078,0.0543725602562,0.099900895087,0.57690633459,0.0838220978715,0.443221870456,0.00892750442028,0.036087757044,0.358647017591,0.16122088654,0.378575262874,0.385831788033,0.989027852938,0.0502856576582,1.55545263678,0.138620657399,0.902935025217,0.345520681143,0.129263459742,0.0667613363639,0.159453279991,0.0833933145553,1.19056984752,0.0960885170707,0.276891356874,0.115174230561,1.21428534344,0.322820904236,0.102468517572,2.3120708257,0.19888398584,0.184144681692,0.302623687934,0.374821215272,0.020034247702,0.1214583534,0.0326448449492,0.153837730233,0.0867560173571,0.189336430207,0.161894313088,0.0352321581542,0.298817099035,0.0250694371946,0.916410300639,0.13754790714,3.01105797291,0.280884461552,0.750791449137,1.3800350984,0.391163127199,1.44463228673,0.27339466349,0.773076069504,0.0251878980547,0.172431012457,0.126086261421,0.00437345480546,0.00337257757783,0.00205027176067,0.129664936289,0.177728421185,0.259576552529,0.0487978457287,0.000897347398568,0.155955707848,1.34024583369,0.000840872574772,0.687971927468,0.696127613895,0.666586412862,0.0933291064389,0.0497971069906,0.0289929349441,0.0518366953731,0.221708976589,0.187767310739,0.552158956453,2.21932106972,0.441159004532,0.299040729813,0.00880206122994,0.0305007718876,0.207616372872,0.692133580707,0.315937789567,0.0208338013291,1.00957165712,1.36393938747,0.287399107739,0.359909613077,1.09997519106,1.09994241863,0.197913544625,1.22312028673,0.177300823759,0.0748253003741,0.00140596389771,0.0679892023804,0.178078652769,0.146987594962,1.47481445573,0.0262160475634,0.0856070996635,0.484016403742,0.925086670965,0.111267393446,0.661144142422,0.24465261424,0.180517548351,0.0804244691133,0.166623578928,0.0727072734758,0.00103909358382,0.0348555281013,0.0106109342724,0.12532700751,0.138779784366,0.0200460285321,0.262015316002,0.136370893195,0.495152716991,0.0302525560744,0.0816328402609,0.0137178305956,0.0521635533869,0.239842280666,0.169937271597,0.140806849189,0.296425890476,0.456240300536,0.253295190111,0.88916783154,0.773282711953,0.0985640034825,0.345851006373,0.062790178135,0.496604085118,0.656005753204,0.0952300333441,0.263439443,0.682688548476,0.140565726049,0.0481370301126,0.0173164039664,0.215328408331,0.238236714453,0.839796278253,0.217380909598,0.793529148474,0.348176878095,0.382917581978,0.272354716118,0.637599268556,0.0,0.710628116503,0.062992875427,0.736207600161,0.000319679044187,0.0836029503308,0.151381722484,0.518015418919,0.0956313289795,0.361370862052,0.495991809694,0.0197496840544,0.608280064315,0.149574516118,0.230462125018,0.0939345278125,0.0616346702725,0.11049052692,0.0073785816133,0.959196530133,0.267496767044,0.272071303036,0.0141093964304,0.0218664969667,0.013701678291,0.0370401728153,0.342081182089,0.622900176942,0.0682872804068,0.700827174783,0.00829241633415,0.212795629755,0.188157054186,0.012833494693,0.0627639202774,0.0527989449445,0.177599506639,0.0417451357841,0.0720153420977,0.703037943877,1.09886128679,0.216478206944,0.194646513984,0.165359533401,0.853505193703,1.23665245458,0.0826847550273,0.315890654251,0.504385066852,0.191105426773,0.068785961885,0.857013023347,0.16103909418,0.0162283741962,0.000248673893511,0.522364201508,0.47478046287,0.453655940271,0.639540258124,0.0545083686709,0.506383841336,0.0757110759662,0.469248782396,0.0369567644596,0.19756357247,0.15210287832,0.046936516054,0.0654785167566,0.282628931217,0.206794016361,0.0198190767132,0.0193646059465,0.758743666112,0.049638125971,0.269140955657,0.0850745589565,0.00303546149284,0.231921493486,0.299795730226,0.188416679585,0.445476912856,0.0,0.054350434076,0.392405821979,0.35029520887,0.429023669944,0.190868830052,0.081113640517,0.0288885646686,0.753388356864,0.11044458868,0.800783414235,0.0316299057007,0.0147782124579,0.209319266733,0.197719892133,1.46442638949,0.441282661296,0.334437208399,0.299820396248,0.211119839102,0.739968563849,0.369756327458,0.134647891447,0.114572484158,0.0463164629939,0.0570214227401,0.189357376881,0.624607821256,0.153670361829,0.0,0.249005564172,0.0171410489082,0.335936990995,1.05471625302,0.00428274985403,0.0952948062122,0.51806900721,0.881798192575,0.321568157049,0.0559692036361,0.0921078230534,0.0749591683038,0.606907836944,0.339116958082,0.0101449069381,0.110891429782,0.0949356760876,0.110019724444,0.368405384999,0.12348954916,0.024581323415,0.141103735119,0.177858719422,0.193356802091,0.142486785352,0.0,0.0261796475574,0.135727811477,0.635592326131,0.0864672122058,1.26760790661,0.331885403693,0.398536003996,0.893467029035,0.0920726596937,0.0273389941454,0.00907533550635,0.609124052431,0.133870608434,0.203961614147,0.557226753058,0.311589693036,0.0262272060895,0.596250953376,0.0163121068478,0.383028721281,0.0690252928436,0.332207204439,0.544277724233,0.977225003429,0.135234897519,0.151569450218,0.681881087571,1.58288491771,0.847094873637,0.0737866836786,0.714032995701,2.65200568646,0.00141463831067,0.000247090794146,0.0049239937216,0.280658686794,0.19573826462,0.00278103083372,0.396295474768,0.0,0.19957847625,0.0875399509072,0.0421274065971,0.00683934569359,0.016873576045,0.564951527789,0.066510163676,0.0537498375773,0.231734261364,0.0118884206237,0.0105754965544,0.00774417191744,2.15240840107,4.57608918428,0.334127246663,0.404946887493,0.00998090088367,0.456315976977,0.012640177384,0.0,1.65779681079,0.176268567718,0.174072332904,1.60473329723,0.156226252876,0.409014836401,0.00174667676503,0.00228226840496,0.0794305089116,1.85131460667,0.0226448726654,1.11538251812,0.440599672794,0.0181558537856,0.330347470455,0.0,0.239519807384,0.0508426523209,0.0240267155052,1.5638868808,0.437877544537,0.0,4.17061460376,0.0217157238908,7.97583082944,0.0,0.108459308855,0.116985873431,0.0526142519712,0.0103230988979,1.40925694585,0.0241127610207,0.226271084771,0.00686306416988,0.0929310473055,0.0488756759372,1.61401170701,0.218095321478,4.29849027991,0.0366727355123,0.0292217424512,3.60520974234,0.791050652042,0.356542878337,0.176742678359,0.206703394651,0.00312585335807,0.0240902328491,0.0987992417812,0.00897758492152,0.140462713544,0.603586085243,0.0,0.446986775622,0.159539173227,0.0394569725357,1.90286146283,0.0,0.0,1.10681842536,0.0038120508194,0.0688873549551,0.0449321466684,0.114578797221,0.261197910607,0.181786570922,0.0455176393688,0.02278009139,0.0494948162884,0.0249976050854,0.606913612373,0.0,0.498152040243,2.76518859386,0.00738742351532,0.089741551578,0.276242545545,0.00267988115549,0.12370820675,0.0953033453226,0.194908195883,0.00149421684677,0.0,0.0102924799919,0.301351041533,0.0144320911169,1.46318932068,0.0377492470431,1.11999786884,1.44319145411,0.0,0.498180001713,0.468765213042,0.0,0.0278229440749
89,0.0548109459132,1.68742994547,0.491400073674,3.32565410614,0.469897832004,0.379288785756,4.14579762578,0.010675567165,0.157407066673,0.969618047774,0.371157987416,0.122780988496,0.302295730859,2.39601253033,0.109725543112,0.932860933719,4.46590465784,0.101283692047,1.31072387218,2.98929338604,0.437026723344,0.465307800323,0.313709834367,0.186830567345,0.0,0.0537495931983,0.0730973739922,1.14466658667,0.826117491126,1.21649620622,1.31693261355,2.01822303116,3.89886251926,0.0606215563882,0.189909744784,0.0783589661121,0.79971817784,0.867314858437,0.011025633812,0.0896863580006,0.188153438717,0.309106044695,0.268603077456,1.03875162244,0.0953518244252,2.6038329339,0.0384108814597,0.540920848101,0.365950565301,0.142555886246,0.0473729620129,1.71283547901,2.14662334993,1.29772551596,0.502616106831,0.271200962663,0.269038499445,1.93040637136,0.161245579971,0.190856472212,0.486718287487,0.0419913561642,0.160128961131,0.535195015296,1.33710364282,2.69896854401,0.14484256912,8.12657329559,1.33256798536,0.0,0.801034892052,2.7255340156,0.123062690496,1.2179827556,0.272827829244,0.912066648826,1.37822043672,0.113968582675,0.732892664894,0.641867172718,0.221069830842,0.15611363333,2.03811224937,2.85816811085,7.03202102184,0.479094691277,0.947385104001,0.621181640148,0.10440224316,0.217269515609,0.274208964389,0.0303879477084,0.651944360435,0.644424264878,0.823770936131,0.403350277841,2.96858785152,1.0380917187,0.239126347639,0.119444489293,0.927330629826,0.198686879296,0.304175549001,4.42531302452,0.701381041855,0.03454460904,0.892688673772,0.163237390071,3.16349897861,0.171745684594,0.51681675043,2.90466201186,0.291244201738,0.00828951984644,1.23726156026,0.387844135463,0.0198887994885,0.349090852588,4.07146827757,0.139132506102,2.92440134645,0.135309944041,0.0866137656011,0.376330416687,0.249983876869,0.423775291517,2.58813330352,0.0953898577904,0.0805042354017,0.427974193171,0.0,1.32637050726,0.991869124472,0.322955710478,0.413985600881,1.76750519156,0.832754110992,0.0925697794044,0.108840578198,0.237016238272,3.51452939272,0.494489512071,0.109969095737,0.161087526875,0.81134660095,3.91644917727,1.6027008456,0.457566297352,6.72797705412,2.05863580376,2.64572938681,1.81946777925,0.307375080958,0.708514808565,0.682361077182,0.197949022204,0.558808444887,0.347533763573,0.00581414114684,0.0401459187875,0.381982512856,1.85749005467,0.486582109779,1.22164178953,0.0625459780451,2.64199968815,2.51478105135,0.167268179894,1.96929014802,0.123269230947,0.840257587433,2.9172228539,1.22701352596,0.145692067929,1.36667394757,0.146583305001,0.0412325283885,0.857833911479,1.00453873992,6.44568234921,0.157542079184,0.797504391372,0.135386839211,4.54194167137,1.20925587654,0.151509995461,1.50299799681,1.42396832615,0.614757066537,2.467357409,0.000558683425188,0.529427524954,0.580733849639,3.90222777605,1.68730260253,0.226595596373,0.90824300223,1.81069438636,1.12155650422,2.96835867405,0.0621070337668,0.0251941895485,0.00450751759112,1.539566525,3.48650618076,0.132252978841,0.017512954995,0.870073307604,0.879209482819,1.14432772495,0.277595305592,0.248687905669,1.91542403534,3.13776143074,1.01725531645,5.74318775177,0.419924400076,0.00840780958533,0.145316343084,0.415029535592,0.0478224983811,2.62339853883,0.0234783922881,0.664804695845,0.0594459309988,0.0265259925462,2.50381753445,0.00653827279806,1.32345519695,0.138001057394,0.000713338460773,1.41726703614,1.66108420551,1.84012289636,1.00783636816,0.40807240841,0.360296490719,1.07155712962,1.38444351181,0.423611447811,0.0237079663761,0.0970590183139,0.36211289987,0.185414454713,0.067921072524,0.160940704085,5.34823329449,1.05266241282,0.224237351753,1.81916911304,0.0695606585592,0.105082927481,1.22948481768,0.85920509967,0.000725247487426,0.189303845614,0.589066551328,4.38155463696,0.452789824419,0.0483208985254,0.0160086872056,0.534739667177,0.143309286237,0.254216809645,2.2039728117,0.89715743795,0.0267502869107,1.72320881426,0.207089435458,0.905674079359,2.73577796936,1.17077297702,2.30083419755,0.139563391916,0.268609532695,0.0536921961606,0.408651982509,0.236552393138,0.964690127075,0.823442430422,1.18654871136,1.22793362021,1.75679439113,0.870404839031,1.62998853743,5.03539297104,0.214563817196,0.0401832638495,2.56293950438,0.270619134568,0.334625008032,0.663782773502,0.253610440493,0.618636150062,0.329294216484,0.580478894971,3.2337485826,2.497329669,0.107571535707,1.95261335254,0.884505585432,0.702253942043,0.140300324801,0.354411486536,0.0354787101783,4.55469861031,0.432645711377,1.10941858232,0.289101938456,0.283558813073,0.736075519323,1.2572476095,5.35782574177,0.281330962256,0.356643215625,0.00323161333799,0.0306062342227,0.115116069093,0.375244179741,0.000804176758975,2.56446534753,0.602562675811,0.126441183407,1.35632043839,0.554375147969,1.29437357366,3.37454988599,4.49680400848,2.47987510204,0.00537739126012,1.45685248643,0.184436267158,0.098305215463,0.0361291522533,0.198424457253,0.668327213377,0.00241839777678,0.265499754697,2.57672791839,0.216026342791,0.0293838626146,1.34354998037,0.123545277491,0.353648273721,0.0317825015634,1.5951859935,0.783974521495,0.0900216238201,2.94987769991,5.45495241642,5.32090713024,0.915339232683,0.341921807006,0.602750449553,0.529272125512,0.0272953899205,0.911457596123,0.475682237505,0.0571969033778,0.320396463685,1.46191418484,0.284355683774,0.0423379118741,0.040293546319,0.258446553145,0.39255220851,0.0799632906914,0.340629939158,2.61414893061,0.395002144016,0.0330528499372,0.472115081623,0.255857468611,1.26973947138,0.00472238443792,0.288053833544,0.142273106705,1.2238757167,0.398847503737,0.239767152257,0.251785985343,0.0266648963094,0.57867394329,0.665865562521,0.474168734998,0.505180468783,0.240626188815,0.354724400975,1.69393926442,0.0223135973513,0.584877321869,0.327378974035,1.48962749535,0.164655304439,9.48019418865e-05,2.02112554491,1.6473248674,0.991510482822,0.643108035251,1.42020402431,0.345820857957,0.0209866192751,0.0224154627323,0.0236456370354,0.0754577020556,0.732721467614,0.0396070450917,0.653236512393,0.756355656683,0.932681830674,0.387099666223,0.62012268953,0.738580540121,1.03383931927,0.0819521373138,0.00687061414123,0.291940903682,0.166086594481,1.68957383975,3.64359918833,0.488680616841,0.0624095473066,0.30272619918,0.221311326027,0.575392724872,0.503575945348,0.00104926712811,0.138809780627,0.167102636211,0.0299118050188,2.42881866608,0.778816057369,0.304287034664,1.17560425341,0.127375629228,1.99899642169,3.2487865568,0.0167154571787,1.01463378888,3.27779885173,0.0442510632798,0.103550084223,0.139215501365,0.450855537523,0.383745552227,0.64980120685,0.26597240838,0.0251158014871,0.00640139342286,0.0782094208151,0.502957876991,0.00716999843717,0.999682112932,0.371820227802,0.667269748603,1.08299440484,0.297180141471,3.85619219601,0.112733757645,0.866219374239,0.151990470588,0.163660380822,0.171579897553,0.0109326905757,0.169827632755,0.0861422258464,0.0373713700403,0.971548081934,0.0498427428678,0.115464877933,0.154699142252,0.314627152234,0.0662361487234,0.134843480974,2.60762866616,0.0789142753091,0.0821762008069,0.34899295032,0.00766583546996,0.108099315874,0.2401133883,0.774184140116,0.210552113503,0.130445846021,1.11052062213,0.225307869837,0.18305152908,0.0491130810697,0.475151613727,0.31899930045,3.8709056098e-05,1.4393765774,0.0137841618061,3.08702819124,0.391282144412,0.346325915232,0.520868594621,0.265436110049,0.352910790928,0.157029054668,0.0409726437181,0.231093063979,0.0534602840431,0.610758447275,1.27703705039,0.369284594283,0.280925817303,1.02923694871,1.59067727555,0.343874089718,0.0686373287439,0.291382726505,9.60486300755e-06,0.590936462283,0.0846011257917,0.391269554198,1.02252572559,0.54838467028,0.724137226604,0.840156531241,0.585256032832,0.288988883942,0.849713928699,0.478095110673,0.0836827003025,0.00625076599419,0.181113178785,0.257817433104,0.334557233211,3.07743049115,0.0303886657953,0.707686095592,0.0314707613364,0.340719010644,0.105401552618,0.832037738785,0.812013854533,0.206832273528,0.140175733715,0.278710719869,0.278045321734,1.79221704483,0.98654582914,0.417539432636,0.0601388922613,0.578331834376,0.386647747979,0.102985646445,0.0925939314067,0.024257748425,0.70183206778,0.107876448501,0.61660643667,0.146252469048,0.509623647258,0.535775985457,0.461321289111,0.0685248676315,0.393970590532,1.23327234581,0.447846457958,0.105363804922,0.0152683305484,0.430430303514,0.961736181676,0.347426840663,0.0541755035892,0.0948982193857,0.220379097611,2.19235928804,0.0212458615005,0.00859328851104,0.0269719204679,0.0171857392113,0.892275155932,1.07975489795,0.138963125348,0.213968373798,0.743325214237,0.464579060003,0.19082965821,1.08589004642,0.411725855395,0.209205060862,0.135054062307,0.0395376923494,0.682470570761,0.0136718425155,0.535656843515,0.306748635415,0.245326804942,0.469774082527,0.299650733322,0.0,0.786791394204,0.404125313759,0.0279425084591,0.393226628564,0.0469682884216,0.289590430893,3.30393225312,0.0249246783555,0.494444057941,0.267930933833,1.51607328977,0.451578625683,0.42902639702,4.60473648988,0.533527130932,0.416115074489,0.630338264331,1.13398585809,0.129182770811,0.0186277197301,0.505855337381,0.311700748065,0.220686886609,0.0350635872036,0.616191139594,0.0823177981377,0.106142627597,0.0183156073466,2.0955085659,0.270776162334,2.7429848966,0.00952085394412,0.936193249747,0.319432623833,0.57702894032,0.733675928572,0.213770849379,0.0871958325384,0.0932007071376,0.371349837184,0.32302310288,0.00243618573761,0.00115587795724,0.0108987088734,0.16432005208,0.988118674457,0.0828828048706,0.239168519769,0.0150039175153,0.0686496869847,0.745281957686,0.0502250019461,0.29171635509,0.307786204852,0.347622741535,0.0872829214483,0.055642516911,0.068736204952,0.0296077045798,0.0107720863819,0.0178151261806,1.19114172459,3.8304144001,1.60801045597,0.144262553751,0.0606461044401,0.312293029949,0.930226019546,1.20943903968,0.216396960826,0.00268886435777,0.882668205292,1.2471163954,0.391465536254,0.343270236701,1.85967567861,1.10433782041,0.0686138978554,0.658618642753,0.18901492158,0.0339865064994,0.00047402985394,0.0197293749452,0.465028776741,0.322187999859,0.938934208155,0.016181307584,0.0782187683228,0.2904609812,0.862874589873,0.303618828417,0.759929483607,0.278326635584,0.278123534807,0.0367360448837,0.637481991872,0.0553599013388,0.0,0.061648253859,0.0299267796427,0.0230907693505,0.016483964324,0.0136617681105,0.39581799455,0.247069727448,0.28219288276,0.202049564854,0.0239809216186,0.282769050673,0.0687448840402,0.203210303881,0.0499417561106,0.122535851281,0.23662735045,0.401015752768,0.707225312218,0.497757478971,0.51192189442,0.0912948113075,0.601362027675,0.0905358976126,0.659438362718,0.0881047485955,0.230536578,0.113492168491,0.385990962377,0.0520441120677,0.121860862374,0.0694765502994,0.235226552635,0.0447105478309,0.525642712712,0.123959788689,0.597391891591,0.377150077,0.170074481349,0.0638758486323,0.270202630172,0.0145015668869,0.615835304344,0.377895039693,0.343498416692,0.0105970692937,0.137022609983,0.434949624576,0.465809257515,0.0884490992432,0.550161034997,0.45885640705,0.0293500050157,0.304460951239,0.291479913592,0.163057667613,0.187658824628,0.0594191697209,0.17583605451,0.0512299180357,0.619169174563,0.103910071817,0.246849314757,0.0389285449684,0.0234980573505,0.04158413659,0.0944376938045,0.34359860045,0.33240688052,0.0235028652847,0.465969111323,0.0140392321348,0.401034366081,0.181109578386,0.0113165199757,0.0240398287401,0.021013374906,0.101920020934,0.170767713012,0.0746920921374,0.791812578538,0.932158211693,0.171336356848,0.205526284026,0.306861042604,1.10547115013,0.742043227814,0.205013780911,0.362008980792,0.480232483801,0.173497815803,0.0901964364201,0.120284922896,0.231744842906,0.0854847716913,0.000398566685617,0.595783440764,0.546487680823,0.227071382209,0.668599147797,0.000151499146596,0.194729587361,0.0844149447232,0.215232795142,0.112991433591,0.170575725697,0.167624438703,0.190199557431,0.0339686820377,0.0652867812384,0.181663194932,0.15360071063,0.0345932519436,0.451572939493,0.149674675465,0.331756853908,0.0894452104717,0.0961518056598,0.182202398209,0.551088064611,0.0901456920989,0.199665787639,0.0374163299799,0.0282962664217,0.128534871377,0.26254083246,0.230950344838,0.149820732027,0.00354549944401,0.0207414227724,0.693259130344,0.156519344375,0.694424136598,0.0815824667364,0.000318392924964,0.430070239231,0.383103355616,0.985641296208,0.178491290221,0.155862721205,0.0842343297973,0.141434124745,0.668302436806,0.544647599775,0.0296543377265,0.141461024433,0.10812387377,0.0594217617903,0.693325237632,0.41911745545,0.148806010406,0.000531462645158,0.185638069744,0.084057922177,0.082684146571,1.08344260025,0.0689781823754,0.0702218481898,0.13681227034,0.675880568608,0.358861518325,0.0384467310458,0.00764911260922,0.100540816975,0.309810753725,0.278186166771,0.0440125662088,0.161440742388,0.0472682946734,0.075495416224,0.224088400712,0.212730990318,0.0305122663826,0.0893002563715,0.276125893034,0.0369942144305,0.272237581493,0.0367103171349,0.181539937947,0.000673419032246,0.458868135195,0.154027448464,0.929369898885,0.463218379095,0.227602176666,0.368503461629,0.1231419833,0.0342352736834,0.0217421982437,0.574422895946,0.111658523511,0.100051405802,0.15578635192,0.146865380239,0.026191367954,0.488365345132,0.0950899013132,0.530839219969,0.023102208674,0.404065778255,0.535214038856,0.356896644682,0.0516487655044,0.206025652178,0.366227906533,2.50666456968,0.233256360441,0.024188625887,1.15491894089,0.923558897986,0.0,0.0234676896036,0.0540487194061,0.00396144986153,0.693750871345,0.00493343427777,0.371853255183,0.021352497898,0.494704575837,0.031004775092,0.013970740661,0.0192762408778,0.0597078794241,0.86775661597,0.148447829187,0.0101066702791,0.331562492717,0.188885523099,0.0,0.00588916756213,2.18860575795,3.22242126636,0.881865706071,0.22369821813,0.00313018641435,0.331718851887,0.0,0.00176311805844,1.04302455813,0.0939189515449,1.14098635294,3.56716043323,0.337342759706,0.0649289866537,0.00186621844769,0.00707634925842,0.0921382048726,2.35460660767,0.0573379945755,2.13117562903,0.296371025927,0.000182723421603,1.09152711597,0.0103225183487,0.918248907924,0.0,0.0525560274743,1.08575762182,0.269579193145,0.0211232089996,1.66531757474,0.0,4.64521447692,0.0,0.0424534362555,0.287611561492,0.242718779109,0.439591620415,2.39072129369,0.0,0.37228243215,0.0200254607201,0.236865041815,0.139754650667,1.15935708076,0.116910972819,2.32068447784,0.00835907369852,0.150679908544,4.1597907058,0.218593639843,0.368630183488,0.0486375916749,0.821647543311,0.358320183903,0.23624306038,0.0140627582371,0.0401848211884,0.0295383557118,0.451073426232,0.0,0.455908365026,1.03477238685,0.0,0.990487005711,0.000698276087642,0.00010793316178,0.380405462477,0.212774668634,0.0990514888614,0.0386302048061,0.0503616005182,0.155033658445,0.146074855924,0.505005836207,0.0553525553644,0.0,0.0078247025609,0.559119687099,0.0,0.0981311906874,2.08111991853,0.0448222502694,0.00311060935259,1.36826556653,0.000466722771525,0.00342125594616,0.0840153825283,0.3981696558,0.0150276862085,0.0,0.127325344831,0.00978034108877,0.0133029407263,0.476250138283,0.0435036163405,1.48200517565,0.555252858996,0.0,0.0587209858792,0.567224179348,0.0320685440302,0.0244529575109
90,0.0901960743964,1.74980294652,0.854954957366,2.05709049001,0.235997104133,0.920947367474,3.53885647416,0.03447692018,0.282445608377,0.502279914453,0.215247568712,0.274991597533,0.654728988037,4.36112493992,0.361918505318,1.18605592966,3.54344652176,0.0303599070758,1.3923348242,1.44986010611,0.710460418388,0.203001696318,0.24703698948,0.102151719332,0.0,0.0167240898311,0.0155142799765,0.147529671453,1.45961326122,0.979642409384,0.747727888897,1.41995454311,4.33849995613,0.0182753348351,0.0288754460216,0.0210332405567,0.60004919216,1.25550125837,0.035226829201,0.0667312515527,0.312305348217,0.507456476912,0.400423130095,0.544032152537,0.0205153636076,1.7236185208,0.196112094186,0.526173949298,1.09556957365,0.103177491948,0.167533088364,2.46721338987,0.794401144087,0.696277134866,0.201347089112,0.0215458074212,0.210296361875,1.67113944292,0.410955704302,0.218151263623,0.616067525409,0.0647876169812,0.215245074332,0.210019414276,2.17408693276,2.61271791667,0.0966063010693,7.57139872134,1.60502920806,0.0,0.24823401846,2.42387735605,0.0889837008715,0.548791871732,0.268184149861,0.921028441265,2.78324735582,0.379586463068,0.483120115548,0.421754163876,0.77296358645,0.0650385548174,2.48706821203,1.64925404385,4.7144583106,0.631349708848,0.872711379379,2.23994106591,0.393148954157,0.362197931134,0.407068001628,0.0168110084534,0.204543644581,0.197684214599,0.460683734864,0.538950242102,4.59233578444,0.903042491078,0.145551983872,0.0912979625911,1.4579524827,0.0944709198922,0.419291210473,4.24575604439,1.78404107988,0.630668765083,0.250529902633,0.21325747855,3.16680109084,0.145234033391,1.00624713123,4.35879868746,0.630029929131,0.00397047273815,0.76913315922,0.151414343119,0.0267662815377,0.760148845203,3.22969231844,0.0311785615236,1.56574162722,0.0734185738489,0.165227098055,1.89561174678,0.642422050238,0.296523722187,1.32538230613,0.0989362271037,0.148819724768,0.0159700718895,0.0,0.739839311317,0.907752748579,0.907878838778,0.567306783795,0.889725348353,2.00621503294,0.250813719295,0.0333543066308,0.288867690098,2.68304171324,0.729240225777,0.854305628821,0.56197092548,0.582963596284,4.34418441296,1.21174292613,0.445986193568,5.0832441473,2.10325763226,0.879216255844,1.84796197832,0.410495396554,0.580241872668,1.88502830744,0.33403755676,1.5851598382,0.908237479739,0.0267142603546,0.0334224537015,1.29464122713,0.573063442931,0.170399297904,0.896593904793,0.262714903206,0.791786082089,3.05435153484,0.279525366575,2.00105268478,0.0121990385652,0.411556389779,3.04204598904,1.38419401303,0.123899185415,1.38255053997,0.335212373324,0.0646843199152,0.120092398878,0.690197164621,3.17672093272,0.104024291709,0.55475947842,0.0573526498675,4.24193500996,1.12597894669,0.0439657454193,1.72807663232,1.09406071067,0.520465216339,2.56777281612,0.0,0.493107602149,0.516863287017,1.51332979679,0.486087760925,0.114352852236,1.32521345735,1.18102020621,0.748807479069,3.68179477692,0.121232714951,0.014220841676,0.0,1.22590606123,2.8156946075,0.126312024444,0.000433034300804,0.581119245617,1.99067680687,0.852875439348,0.160957845151,0.30450330954,1.74001079474,3.63293065786,0.834806113685,5.06296693802,0.234056311101,0.0455083456263,0.204526383448,0.20208236035,0.0,5.56851955414,0.0556877246499,0.260356305614,0.108500023559,0.0629038809612,2.89034435749,0.0122526118159,1.17331486691,0.339094904438,0.068003822735,3.02743245542,2.31564569712,1.74015096664,0.329285524078,0.404705924019,0.292613194101,1.13518431544,0.569674241692,0.17222823143,0.0243504761904,0.264976756442,0.00967746261507,0.442534964979,0.0504119099677,0.0888053365424,6.17057804108,1.71971663415,0.734685405083,0.954488212466,0.045649615936,0.00592504078522,2.00085422993,1.95987993121,0.0104760812223,0.581854279041,0.904085008502,4.92613575935,0.0832241577283,0.0330448346445,0.0194855052698,0.715819734335,0.122304651402,1.02020357624,3.39663419247,0.730707671717,0.0734471745696,1.13490139157,0.549523629099,1.29184623163,4.40443348408,1.14122917682,2.51473563176,0.289066669904,0.268076072931,0.0,0.415305280685,0.246729934966,0.491672372222,0.195428849123,0.539123332351,1.17603433371,1.12151412874,0.156327507719,1.59402606726,2.92135920286,0.397050452232,0.138020574078,2.01457605839,0.158538806089,0.311176357195,0.661991066821,0.346747899801,0.584151772261,0.280236426741,0.407323951088,3.95809785843,1.02882631153,0.0723761409521,0.528569659032,2.13978937984,1.80733837781,0.27100145787,0.443785832403,0.200560367219,4.02947344303,0.0920670243725,0.985371157229,0.0397911542654,0.101173294559,0.737119850516,0.80308675833,5.68088895798,0.366488576978,0.346789330021,0.00292282953858,0.0399687629938,0.112864603586,0.35217328778,0.0856979131699,2.95897157907,0.512290166169,0.184330139933,3.54978021502,1.67834207922,3.15319953442,2.23689180791,2.91111479759,1.18820372537,0.0404791358113,0.963328021765,0.212959640361,0.129407533319,0.167636613771,0.165913136192,0.441290320605,0.0,0.376779428869,1.93287258655,0.0818557592295,0.0363617317751,2.06640565617,0.239522865862,0.061007467024,0.044031874314,3.20361543119,2.33710740149,0.0889713746309,1.59144417327,5.47100666285,3.66566294312,0.615029954016,0.142239959799,0.0832730903476,0.586104035676,0.165896956008,0.933399707675,0.233184843175,0.1757820113,0.454342494849,1.05962061651,0.122004575431,0.00511577770114,0.273731438741,0.103675328214,0.226189060677,0.432086663842,0.762209255397,1.62310774237,1.14474500131,0.0205288987607,0.905540355816,0.247774956524,0.231343234256,0.00455370525829,0.0680013010092,0.0129764370993,1.23267303586,0.257402802184,0.0758477603272,0.162713207677,0.0391063659079,0.409698047275,0.448063661853,0.66973331281,1.15424944699,0.170568091199,0.312044105381,0.787192528583,0.0903831088752,0.436864046156,2.87392285347,1.74586406171,0.365375972744,0.00264889799058,0.936482217312,0.983425658345,0.706420740709,0.94936985828,1.43690841079,0.15288138225,0.0160029196739,0.0322747182846,0.435789227784,0.366327878283,0.218695221953,0.00928025770932,0.747274201363,0.0619823431969,0.606621789411,0.890592435994,0.179625179917,0.449799024165,0.173060211577,0.0673083326221,0.00141577512026,0.163447826803,0.472657478675,0.841299011186,3.64788186908,0.198258043528,0.0733494000882,0.951483025178,0.0334234768152,0.136933870129,0.229808398467,0.0,0.183859988451,0.0673829681519,0.0445154944062,1.38274579179,1.30822710663,0.951318678409,0.396277603307,0.0228994552791,2.03178288937,3.83254923582,0.0858772435784,0.629541216884,2.49977715433,0.0567055246048,0.678651985228,0.207435153872,0.213988783285,0.420639550351,0.561254655495,0.471424338557,0.0417855428159,0.0427376427501,0.0695337779634,0.320996853113,0.0,1.71060298651,0.315684814602,0.624080412239,1.45810550649,0.171426492864,2.66162637949,0.0663011085824,0.647092847675,0.0700604215264,0.139391437492,0.285268970532,0.00514444753528,0.271903445907,0.106907681525,0.0315830302518,1.39137819875,0.0513239393383,0.126378153358,0.0697603169084,0.112948042229,0.23340265315,0.613680107575,1.43523101568,0.0189468724653,0.104572988008,0.381216137316,0.000453820116818,0.0647832217813,0.434679914638,0.665723288804,0.929740636032,0.122966580689,0.29660091199,0.93665446721,0.246873273738,0.042113083452,0.180379557163,1.63800014041,0.162548867557,1.44502277493,0.0154238283634,1.19858727187,0.0192377488734,1.17620030403,0.644679136835,0.514382436499,0.593392498386,0.35416909588,0.0380591123179,0.129334805012,0.105987598649,1.26947759733,0.677776189242,0.645579371897,0.471531372815,0.231921642721,1.5439569369,0.394548621401,0.869045989495,0.32184648931,0.0777949437127,0.279792018831,0.104477906153,0.0529167392943,1.34324100077,0.615930730999,0.516394105256,0.688899533818,1.26302202761,0.138200156968,1.01714623801,0.299018782409,0.379646468274,0.00040464732796,0.171893064529,0.0343368783221,0.399621465951,0.609160656109,0.0495446482627,0.374131645674,0.070069555426,0.375685847998,0.0489251830056,2.9524983706,0.49699446477,0.0657380858064,0.0369243705273,0.279690643847,0.0343526332453,0.825215653256,0.112655307492,0.445700647831,0.288796308457,0.423791062236,1.1482364522,0.0924101062864,0.0668850154802,0.471386373974,0.517494225074,0.0324297273718,1.46595758642,0.00761540427804,0.0545564656705,0.277784724757,0.869433144927,0.0822619520128,0.118637518585,0.713434428057,0.390785258561,0.0,0.0338169100881,0.241220906121,2.47332220793,0.0651226288127,0.257272265228,0.0332135466859,0.00585479259491,2.58449044704,0.0118436297402,0.0,0.110092654787,0.0134456509911,1.06264470924,0.893534298837,0.0751290342957,0.316884558536,0.331524279676,0.171662046388,0.110120089687,0.507064995943,0.0591054557636,0.909418001994,0.0394218742847,0.08527654659,0.757749827635,0.0828315140866,0.396789706331,0.299623788595,1.01017534207,0.0905782813486,1.01051117644,0.141681582667,0.440572810471,0.175531419627,0.135192204863,0.0699190912955,0.17029992342,0.0561421032436,1.65156173222,0.163853708468,0.349848505408,0.0354056740552,0.750951259956,0.0183623636328,0.62449251933,1.95507792205,0.267632740811,0.248235677797,0.775823635161,0.122371737584,0.000590447029099,0.0105768293887,0.0,0.149166032821,0.0908605641127,0.149960817546,0.391425183453,0.00468119412428,0.198451803327,0.010152923651,1.1793620519,0.0651844400913,2.80276546597,0.393478556871,1.05177890763,1.07933281038,0.385332439952,1.70714195073,0.042889225129,0.889896709584,0.0201295004413,0.053997118026,0.0767447726429,0.0187449405948,0.0135997036193,0.00120517380536,0.158428466393,0.253992263712,0.351423767395,0.174152556532,0.000592259392142,0.406037021577,1.14363337599,0.0116655880306,0.961307029724,0.750855801366,0.607941083945,0.00932527191471,0.0222039107978,0.0172509843111,0.0025718729943,0.170804123729,0.0948229192197,0.523517338373,2.26337116957,0.903745813072,0.734706041035,0.0308669602219,0.0469404823706,0.4270673641,0.681373248347,0.146117410399,0.0114355358481,0.937302651927,1.66292423118,0.282560176342,0.166070527211,1.62403237522,1.08522742588,0.0423523081839,0.881491663456,0.149261765629,0.0490414073318,0.124187123775,0.010904494077,0.113541665729,0.0826958277822,1.17875645556,0.0790464009065,0.0885212490149,0.598889089972,0.578243949562,0.305122694774,0.447276716456,0.181792638479,0.144011429287,0.00891965635121,0.34351050742,0.0465650859661,0.000379657559097,0.0411240805639,0.0208373410441,0.0837991425395,0.0632306680782,0.0267298151832,0.411640479416,0.372483513057,0.321330870241,0.101443135608,0.0536689648032,0.0812524208054,0.0196773329191,0.0896265853196,0.0312600593083,0.0916877485241,0.20529397198,0.170027446151,0.20644991566,0.745859858021,0.507604781371,0.0776662243018,0.329535878561,0.0127899961174,0.43521883294,0.287440889918,0.0533803932555,0.187458892205,0.4166498922,0.0601904715132,0.0187170273811,0.0178786495724,0.240751746893,0.0684227925725,0.398083319305,0.106214552037,0.553109687418,0.256430590126,0.277355232164,0.195516046248,0.492838603184,0.0123443317413,0.604216134883,0.165642586397,0.679037785549,0.00193744897842,0.0326603781059,0.180581369102,0.320532403635,0.0627398334304,0.289992153123,0.416775038384,0.0620507725887,0.401919093207,0.0597094077617,0.141625685645,0.0630974575318,0.0102643400244,0.0810311473161,0.00584845542908,0.648347280771,0.118858324997,0.117214553803,0.0166941507906,0.00666699320078,0.0458464861556,0.217443996742,0.272605100125,0.490194866136,0.0191149387788,0.632854215968,0.0827992725372,0.168099739654,0.102755688708,0.0,0.0272393335775,0.0121666932981,0.108509888882,0.044540322572,0.185610755775,0.470791325197,0.900034794509,0.203724925667,0.232071955577,0.374673781246,1.43723390996,0.995696632481,0.0657968208194,0.383707359843,0.366779658198,0.147157378271,0.120447151661,0.566764330063,0.0675397429615,0.018322388744,0.0121351187583,0.631373319663,0.124284810219,0.22902495943,0.484313479615,0.0121167045273,0.197719121873,0.0627370196953,0.315553904455,0.0248866447806,0.0473845187668,0.0318818530813,0.0392924717069,0.031582423721,0.221268334854,0.134648866095,0.0272369243763,0.00869500942528,0.546539999044,0.0303391931951,0.17289982955,0.0484553113021,0.0116598017514,0.444515569694,0.166144737508,0.0432111081528,0.340827741325,0.0035572367534,0.0334444926679,0.335188287441,0.260649476579,0.274437227584,0.141489512287,0.0337730344385,0.0361771413311,0.463272748329,0.0992712652497,0.810193430576,0.0456711171381,0.00206340814009,0.135116056781,0.163246131834,0.944115707912,0.265050388286,0.157773093805,0.213627364858,0.324379443191,1.05532892345,0.394524418032,0.106969148177,0.0637025182633,0.0638834885851,0.0646935089305,0.297426531231,0.249463686206,0.207860295423,0.0115196526051,0.154064415749,0.0029864046938,0.266265627518,0.614998053638,0.015554432869,0.0556506557018,0.281968222558,1.04031349041,0.178786385655,0.00894793976098,0.131317177489,0.0458884915337,0.401255586669,0.28747804096,0.0104165387154,0.0538826605148,0.203186897896,0.120951157212,0.290440414553,0.162789947931,0.00130056262016,0.110323008075,0.36774875442,0.0558843100816,0.170457729697,0.0290207937732,0.0566884825379,0.0298292511795,0.254738637125,0.133241238408,0.48526183994,0.315190688372,0.321548288418,0.90919996094,0.0673171002418,0.0263178952783,0.0184730863199,0.444191787783,0.094144464545,0.111691502759,0.311338830944,0.310681575583,0.0595746681094,0.685300306976,0.0677621226199,0.426589976214,0.0507548285648,0.298352448074,0.399028925169,0.544179396443,0.18612003373,0.110463688592,0.508545782808,0.948262207955,0.727851370573,0.259575419426,0.670360370707,1.89215970457,0.0755815130845,0.0220868962631,0.024767293185,0.404526021257,0.431077617556,0.000698976917192,0.167981435768,0.0,0.192933702844,0.0,0.0143240642548,0.0344905588031,0.0,0.511537330975,0.0643522638828,0.0379138534516,0.0627124404255,0.00486789166927,0.0,0.0268092513084,1.7947849942,5.8427855587,0.254701642394,0.366408892274,0.00679961737245,0.515304529555,0.0468439543247,0.0187203411013,1.31248582024,0.438616780788,0.218452965915,1.82499444366,0.405839108061,0.198988441974,0.0321881759167,0.0,0.0290857382864,2.42168937922,0.0851395504922,0.469294049703,0.119689202309,0.00275549083948,0.527635450028,0.00566028773785,0.227492532134,0.124016227722,0.0882132273447,1.39528398126,0.734697470991,0.0,4.47435472846,0.082488226518,7.67979523659,0.0,0.110303375125,0.137522740364,0.000443553552032,0.11527678784,1.15951108202,0.118937067091,0.182567496961,0.0,0.297015425034,0.247525291592,1.98187490448,0.146830947362,3.02100344896,0.0554760175198,0.0773119473644,3.16577769265,0.114107821211,0.516979665458,0.760820850581,0.0677870321274,0.0136705040443,0.00476671695709,0.0482124322653,0.00659764323384,0.0938509076834,0.769793177545,0.0,0.316253779804,0.0681945601106,0.0539248818159,2.76385127395,0.00273548364639,0.0,1.81376122683,0.112579288632,0.0266270976886,0.157117697001,0.00626058265567,0.372085761968,0.0,0.024521791935,0.00660267651081,0.0706539262831,0.0351027670503,0.431690638503,0.0,0.912396303415,4.79095104218,0.0,0.0923502227967,0.0334124857187,0.00823611110449,0.245542450771,0.000706042870879,0.733479590528,0.00470856904984,0.0,0.0113183408976,0.0906442511827,0.0,2.0169064039,0.0373751555383,0.726299284101,2.90584709331,0.0,0.139224076867,0.293052967563,0.0215638107061,0.0224359309673
91,0.237773861885,3.47686372101,0.729811475947,2.43798506737,0.72256984435,1.08816512227,2.63402512074,0.0425977386162,0.426496967118,0.752759479582,0.531760120671,0.197214202285,1.10929154674,2.50060506463,1.29198033638,1.03919608057,4.9318450737,0.293338418622,1.79274235457,0.460883210953,1.83468565516,0.208971627196,0.396160373241,0.0453968503699,0.00266592916101,0.055973469913,0.105738156065,0.716649410129,1.73509123579,1.02716134489,1.11704250813,1.30843256377,2.32812544905,0.0239202754245,0.226234554388,0.228968932945,1.01802364301,0.466928670108,0.0152692276239,0.145497414768,0.593393508792,0.115008465499,0.214682693817,1.15709702611,0.591454313435,1.48992644846,0.207720860466,0.824290598333,0.330764437504,0.193757418543,0.249442605525,1.87453823417,2.37642971635,0.333168879598,0.223167506959,0.0674637517519,0.634953316152,0.862116314936,0.680918899179,0.859068663716,0.802768039578,0.0317764551006,0.389110581651,0.293105072062,3.43434972644,4.58647669792,0.316281041205,5.50642126344,2.37161696747,0.0388100397587,0.615686324537,1.17535744723,0.253244686127,1.33709670946,0.0469716430455,1.84337265491,2.47682685852,0.476001693383,0.73531897597,0.442977994531,1.22889968321,0.0232722640038,1.42847694755,0.864966179878,4.62416063547,1.27307922661,1.34370985672,1.21180398971,0.455964187011,0.739479189366,0.209277383937,0.141845300104,0.142769840732,0.154106980246,1.40039670289,0.869707420468,4.78518315792,0.944130018596,0.0557170527428,0.538700239509,1.91735642081,0.20626490254,0.640640344843,3.84477816105,0.774605292976,0.357762497216,0.692061674744,0.760294317156,0.780980634838,0.225790394936,0.804246513098,1.54191291302,0.86367078837,0.0348233357817,1.08816018239,0.232619814388,0.0208800742775,0.15226728214,3.69675374985,0.0528493899107,2.84001747966,0.541264487803,0.338122775033,0.551945193158,0.543721555918,0.586615979373,3.67336324215,0.309383682366,0.343005691692,0.0630495008826,0.0,2.15042094886,0.63504942812,0.608320492245,0.557488535941,2.09976214409,1.44807296097,0.525915628038,0.0864634292945,0.62203329117,2.3255590117,1.67919849748,0.915302302241,0.15454113055,0.760123403668,4.34177938938,0.191356670409,0.906286922395,5.51849928141,3.22796309471,0.909932031706,1.15945819894,0.0760887475777,0.438198392671,1.88464940965,0.821765778959,1.27093447447,0.499950874895,0.0328588634729,0.00446575623006,1.64359039806,1.23065243956,0.441146755889,1.74865130186,0.374312243648,0.952050758526,1.13271862686,0.140365464576,2.0931123367,0.228483391143,0.334355946258,0.74182357125,0.506876435727,0.101536531188,1.45215291686,0.65070781298,0.147926386576,0.251500595115,1.06739547312,4.70550926208,0.44163369488,0.906694358885,0.334921816587,3.37032519341,1.36018071532,0.0608099813107,2.59857803106,1.14593475282,0.377887656763,3.69141129017,0.0,0.472881122604,0.603240708411,3.33580336511,0.502377308831,0.833414315892,0.964097210094,1.69323592305,1.43992749795,1.37277852312,0.0525134456158,0.0288419849589,0.0266596766934,1.29108000517,5.40673681259,0.972046300322,0.0424609887972,1.50458408475,0.671540838545,1.00837381668,1.08240328535,0.22400283806,2.93277357697,1.27607848585,0.764847556204,4.67128352165,0.0467354802042,0.218732180744,0.00459235839089,1.63622390531,0.30951926888,4.46242509127,0.191907222345,0.332351042479,0.0102681399655,0.080509394519,2.2992788589,0.376107566915,0.354066187963,0.312861667341,0.0337463314459,2.408446659,1.67717261791,0.805666187108,0.207788852826,1.10805754099,1.03490557358,2.86909383178,1.34874252439,0.280447819256,0.171502084434,0.283627837785,0.301896558702,0.859590335563,0.306163143218,0.133575568199,3.4005702883,2.48337008357,0.531160935387,1.39657012761,0.155888695493,0.0764903590083,1.57679813445,2.83051104337,0.0143907679617,0.995082617402,2.08145130277,3.43690593719,0.224335349333,0.0415276845358,0.199804392667,0.604314456433,0.430001394078,0.903804855011,2.64211277269,1.71325863853,0.388581991792,0.975500656143,1.7673810184,0.939353615791,3.9652493,2.12701587677,0.890859491378,0.221778802015,0.393223917782,0.0365940567106,0.624853001162,0.213431981131,1.13462709665,1.16033535898,0.93964978382,2.39958018303,1.43816098392,0.487354592606,2.34529996485,3.87360185862,0.72584870711,0.0171614868939,0.761685833335,0.338643515706,0.867760395855,1.31100537926,0.590049936548,0.458876677603,1.67191406988,0.188458984271,4.96198391676,1.30127029389,0.193504807204,0.582906258404,2.29447520256,1.97025987558,0.419188766181,1.0553321445,0.131044846885,3.83993375063,0.620510046352,0.800432757065,0.196666571107,0.418720344976,1.25013603345,1.39183774233,4.2632283926,0.215259874072,0.413269921243,0.0575421240181,0.0347946637124,0.350823095888,0.321087279022,0.164203136414,2.36831692338,0.46379737094,0.266231833957,2.54166731,1.97130764127,3.63119117022,1.1002036231,2.60858349562,1.50273044914,0.0143332535774,1.04109744757,0.416028652862,0.237171525862,0.128581976324,0.763069456853,0.955354653671,0.00129987642169,1.05990371808,2.61901993394,0.539522033082,0.304363543577,0.768047663495,0.0948081706278,0.670313320979,0.0926050358266,1.55510674968,1.75162648201,0.193859244883,0.442482398683,2.91551454782,2.27577991843,0.557838430256,0.414697554484,0.701115567478,1.84163957909,0.152138724141,0.521646443419,0.335131912176,0.3622720908,0.637190685719,1.38692658156,1.05840551972,0.0661197836697,0.596675771102,0.205793340728,0.725432467149,0.697864635289,1.57173552558,2.74713536143,1.74856006205,0.269711458161,1.19739113345,0.0959656857699,0.49443693351,0.097404243187,0.515566022098,0.0566441968828,1.45571226478,0.392588864677,0.438174603097,0.838162975013,0.165235317647,1.3168735181,0.456734904926,1.39157227583,1.81561417818,0.212422163859,0.705401225649,0.563399583101,0.666213593185,0.9231903667,4.54440904081,1.86454159498,0.574749789834,0.0736921203882,2.16612440348,0.662211782336,0.596237435564,1.81287245542,1.60977955639,0.0993108724058,0.230160923079,0.114027084243,1.00733559281,0.80238233204,0.382706648558,0.245750574418,1.33082630906,0.66934389323,2.65867912352,0.602621431611,0.559460972687,1.03402188577,0.372681720257,0.0515146985278,0.183426879495,0.108211486712,0.866363502741,0.914082843959,3.89373661041,1.19686778873,0.39218676798,1.82773654522,0.165183532545,0.405019878577,0.784017700404,0.00364679098129,0.916205625702,0.445690706,0.0739993473701,1.24180250123,1.58683178253,1.44519362473,0.862555864453,0.00675942718983,1.79913421392,3.36218764603,0.20892632097,1.51190709211,2.15703441843,0.0945775289275,0.313290413488,0.290667491723,0.259667929728,0.740992251933,0.862560363321,1.00057726502,0.125157735695,0.0344435212016,0.447256295234,0.27788771648,0.119650941491,2.96619034484,0.829187858999,1.30074158847,2.30778819084,0.615042488612,2.20025866747,0.244265313204,1.13975961976,0.947718036771,0.929714574367,0.725531600863,0.14492993976,0.738618135601,0.487774737356,0.0808144213259,1.45941064622,0.156837570965,0.397210969748,0.255873726457,0.169187333407,0.383324140459,0.908788892254,2.210138615,0.085582446754,0.289415332386,0.708662380427,0.163869025707,0.186063673645,1.23204273522,0.851209768355,2.11554354466,0.237449984727,1.82822015703,1.71403225631,0.429162515402,0.0200358390808,0.396960287078,2.3272533457,0.155024006255,1.54211915821,0.200088394508,1.42970524549,0.114872834608,2.24789713286,1.06848083645,1.59505003616,1.01382015914,0.758952558041,0.189625452079,0.277765341755,0.729000330539,2.72512545928,0.772251547873,1.2340904215,1.0584794274,0.68700621523,1.18253699198,0.7426806283,0.987212422416,1.85032864779,0.219079496451,0.938651986606,0.166099748723,0.474244636148,0.7965619836,0.742669174075,1.822731691,0.574342187769,2.18371361747,0.211761351805,1.17433287144,0.562890342902,0.24223606132,0.0533444020525,0.256706637889,0.132339173183,0.129039608426,0.606948432326,0.421386182681,0.334454532294,0.186200878061,0.964838695526,0.197193294466,4.80922445834,1.01416653194,0.757789319083,0.510098508373,0.310558794364,0.0355603358895,0.85822270073,0.53896214772,0.632916043024,1.16813758537,1.25801455349,1.19054085895,0.228021435291,0.249763808846,0.720754487887,1.47995222388,0.827004976124,1.28362220883,0.0974498200417,0.146819936372,0.489282765388,1.57863794059,0.145099048018,0.884737172127,0.539601231068,0.44068181701,0.0,0.275176779865,0.615957255042,3.4721339643,0.445091428235,0.34937489396,0.148638048694,0.182204407379,2.96636053562,0.093639202714,0.0119666406512,0.408580482714,0.107467782162,2.23921037376,2.43045843959,0.0255678266287,0.220935264379,0.147113331892,0.541230268404,0.507729671225,0.869786678161,0.231628052704,0.885055121556,0.0589587596804,0.161048645563,1.1676097323,0.104389890693,0.69830637902,0.655222972333,1.75001736656,0.368829938067,1.3886839696,0.508421931313,0.785821149796,1.81746742085,0.227678276021,0.244270996316,0.194776386619,0.629180056565,1.65919723272,0.189454019684,0.817656657249,0.66010617435,1.02960632829,0.42149961561,1.29123515345,2.39611459268,0.160999342222,0.335008993298,1.94143715473,0.732462799498,0.501741735977,0.294661389142,0.29123376701,0.265695050359,0.108015187443,0.382507432848,0.819580663648,0.00493107587099,0.460122980773,0.0701565536484,1.42127265856,0.262196376799,1.70027883813,0.799107948574,1.68809973225,1.19789591193,0.9053854765,2.73574505031,0.116614973471,2.09356437489,0.294888377404,0.731716747759,0.375233658738,0.194771545753,0.00269913911819,0.138575043976,0.913764744401,0.714947290048,0.669595016427,0.812457734642,0.0251137176529,0.939049983919,1.12398450449,0.172805374283,1.27113579154,0.838206397557,0.555844623446,0.036871804297,0.205036205314,0.0161373086517,0.208484487832,0.126521520019,0.263683584034,0.616169345081,3.37559340239,1.70580919378,0.817190971151,0.0373195117712,0.292329311408,1.09916788578,1.10765073203,0.131996842474,0.25637447387,1.50153187171,2.87172205508,1.45131473735,0.477144995313,2.79034568548,1.80416650012,0.464769554809,1.76919586269,0.885264507402,0.101754401028,0.132595444843,0.136598375253,0.477605453006,0.734031477682,1.90658984605,0.362571825385,0.261578564346,0.294713645205,0.55334098747,0.481430798173,1.0094264178,0.510094420752,0.479425180778,0.278597605228,0.641192694735,0.240683345422,0.00244925253093,0.432538324222,0.357922547311,0.174528358858,0.0626232036948,0.207421985008,0.44088258082,0.804259085171,0.715137017202,0.0868061437528,0.230625313295,0.734066962879,0.21993785277,0.469109692592,0.135971716456,0.241343553364,0.675251426492,0.606556099299,0.468451862391,1.28273765057,1.41000348408,0.378972061425,0.883944601044,0.0534083755501,0.276461144313,0.339700377457,0.341907021655,0.345434149373,0.529177827165,0.393867782485,0.132315158248,0.18435071459,0.308060505418,0.649630130231,0.321032646187,0.260438065268,2.16225819767,0.954912463427,0.352766965441,0.708320356421,1.18602906927,0.0908952376619,1.13500300065,0.367119050417,0.931789454762,0.0537170544453,0.0612082537636,0.113517901301,1.30630919814,0.142704242826,0.198989652842,0.98560005337,0.107568924055,0.666069341581,0.163397569589,0.162395708635,0.252248703316,0.25419365406,0.484387559444,0.0583780877292,0.731331663616,1.18180187888,0.371149489852,0.122161096018,0.115146833956,0.0318233241828,0.422823672299,0.774833387285,1.2612041533,0.137999962047,1.03997439116,0.178902835511,0.754513392583,0.4653832311,0.060822403226,0.109907721765,0.0899022439122,0.685235428885,0.240519684553,0.359720213935,0.928337682132,2.11517062753,0.355323702805,0.159437323175,0.623812110834,1.15212648153,2.15002741426,0.232996809613,0.284148331285,0.323942163661,0.358681098297,0.253308572769,0.319683325365,0.109457016299,0.108485804615,0.172128977105,1.33432140373,0.914304675832,0.522129665498,0.71102085717,0.28971690394,0.850213003978,0.166392464321,0.365108386092,0.270720384964,0.399099864587,0.08682594563,0.515135306306,0.41226913746,0.769022292383,0.354764557406,0.73430421412,0.137246535686,0.709016825333,0.501690809131,0.819468596429,0.154497246575,0.229001384545,0.671732847281,0.647859575227,0.275006650686,0.522872051746,0.0972499775141,0.170089771226,0.566212779358,0.275316639645,0.749200898036,0.305286107585,0.685656173527,0.124663366079,0.385695833429,0.289631189704,0.712699832059,0.317930535842,0.0971860671323,0.282329431882,0.270138946958,0.935526793934,0.730248071291,0.607438820265,0.15144556216,0.708228086419,2.21320897736,1.25514447361,0.237956903982,0.285438842624,0.436988518089,0.0310229368554,0.607147227796,0.775622524768,0.343198366016,0.0119561337307,0.247055290733,0.222067986,0.428862971067,1.98515128613,0.201236964837,0.108253666889,0.522319787536,1.0303527014,0.867565422356,0.275795784108,0.0470755101368,0.16374753708,1.28616729807,0.639019600227,0.0841746158991,0.165912863165,0.690797372293,0.0997589009348,0.267927170824,0.520196028426,0.024886809364,0.021172682828,0.259471859448,0.119212450422,0.417260235585,0.203970268816,0.357261244245,0.208519355208,0.890863229558,0.381377584189,1.58996212438,0.660979191959,0.281017260607,0.505280382792,0.392851180434,0.0829269841127,0.246233362108,0.714269515723,0.377683674246,0.247120750919,0.820388745638,0.219061791361,0.187643450424,1.13062608216,0.238506939709,0.741768455282,0.274253878258,1.14353655756,0.642021873798,1.83602814711,0.390867102277,0.430697693601,0.731323843785,1.98026115239,0.54678421855,0.323938009962,0.266891318448,2.03444920778,0.0685693618655,0.0221104362607,0.163389503136,0.626371615082,1.81884551302,0.445781825781,0.454647524497,0.0319748983532,0.661551314257,0.154389745295,0.492482132399,0.413972143224,0.150329698473,0.474123178087,0.0255235463381,0.0963082274701,0.703361140192,0.0341019540047,0.00430579476058,0.208607574999,1.05883742154,3.80013079315,0.334962679893,0.963260199577,0.0929718619213,0.269897780418,0.0910603711009,0.00947078197729,4.7144988966,0.69468814563,0.188830977231,3.99595054626,0.536346780173,0.438840865344,0.219704228714,0.0699459583242,0.163188329805,3.61380912542,0.0122347460687,0.569101647735,0.0793594340235,0.129708924294,0.811366636008,0.00760947808623,0.472227354199,0.214064175747,0.106334353201,2.16447023228,0.552458994575,0.0618474019039,5.75146283861,0.129441280141,4.90034853697,0.627764997967,0.420603021085,0.0921424694918,0.187036758624,1.00321492553,2.16305255387,0.0340789552778,0.252399645629,0.0785691040754,1.46543120831,0.100976790674,2.75548819333,0.49136408031,1.03157894492,0.0200779756159,0.246418765485,5.6713246879,0.252326322943,0.457728065252,1.19975058079,0.901827650219,0.119544198383,0.282853346467,0.422406142894,0.344307406619,0.372679154351,0.447982828878,0.0,0.573664026409,0.787114067823,0.493477135487,3.74412786484,0.260296967626,0.0782745437417,1.27646606259,0.102681541741,0.290531901624,0.400891871306,0.025555204656,0.46506999467,0.00839622430503,0.210018241107,0.00550622910261,0.00681489467621,0.179605262065,1.0389837351,0.00132009550929,2.14159720995,4.05888502061,0.0257556313276,0.0606313237548,0.0684818735719,0.056283968538,0.587110247007,0.3587650932,0.324642205425,0.0545834597945,0.194252773561,0.0476652872562,0.584316433165,0.0484939457476,0.885697010309,0.913581711613,0.52743076615,0.846996745877,0.110253969431,0.876681183577,0.124082831517,0.031818670705,0.209519458711
92,5.77813101888,6.06257077217,0.428503106567,2.45122978866,0.303601318374,0.555098941624,2.71654905796,0.0239285657555,0.0233284407482,1.4864839226,0.266879879641,0.714430844197,1.12326850116,1.93532194495,1.03499653101,1.02484182686,2.73919203281,0.29209231779,6.78051361084,0.961598682366,2.48315483818,0.527609257251,0.746222947836,0.0842065065354,0.0,0.944635412097,0.132393770609,0.487801987715,0.534111953117,1.44115034491,1.37179875255,1.77655590042,3.94928462386,0.0205428207759,0.190446591452,0.0788786373287,1.03481257141,1.45666768014,0.110142082348,0.104352900086,0.161268124552,0.458751634061,0.657935680076,1.65199646711,0.140308446735,4.51912243366,1.2395842731,0.539704545438,3.90831720352,0.227143085748,0.0721292744577,1.33896434566,1.3218214342,0.83995569557,0.582246833406,0.149763175845,2.25115679592,0.907427335009,0.307778254636,4.14288134336,0.766143579632,0.0988561039884,0.229263257235,0.186589265428,1.1610932444,3.85657324314,0.240584499985,8.14749219894,1.78069413275,0.0,0.339691924825,1.11058388919,0.0590932741761,0.415752866268,0.155842992384,0.542738392353,2.15776712656,1.69349510431,0.0942334196344,0.754716431499,0.0565879561752,0.213598360717,0.540889384598,2.03599657103,3.41712436914,0.11078856118,2.45816553354,2.20375903904,0.1237523067,1.89426216066,0.439424763513,0.204258091897,2.19757089615,0.79581533283,0.360301275551,0.373691629022,2.27787569523,1.23550260389,0.194022286558,0.257380386265,0.796752943993,0.272684088349,1.93305473328,3.99835318565,1.52831922293,0.0995413848478,0.734937222451,1.89989216685,3.07171132326,0.291721975505,0.166485628933,1.80106988817,1.48456539914,0.0641167747974,0.261798336431,0.0638458470255,0.0675338957482,0.39548158709,4.23537267685,0.00829049434513,2.28826959593,0.0823561541736,2.28235851765,5.35926785946,0.304342877194,0.361082228664,1.11308634341,0.047169299759,1.01934625268,0.0419853032194,0.0443679511547,2.68180111885,0.806832086816,1.73168401778,0.882270586491,0.86091901958,0.601911772937,0.167381930735,1.76174137503,6.3069280839,2.28238022089,1.59586399704,0.223768975139,0.688612379469,0.567166076899,1.85476182938,1.51030488968,0.645204376286,3.85561401248,2.01900988162,1.76606053829,0.717283596098,0.0966390589997,2.90882819578,1.44038015448,0.495849864185,1.30042476475,1.00518511355,0.0,0.0152580234781,1.08315751031,1.48065018833,0.186672081351,2.00252296448,0.0214372639172,1.3325755401,2.27134842843,0.687478777766,1.03054747373,0.212740134746,0.843122430425,1.3236170727,1.44239591688,0.197665133383,2.86147208899,1.00339340242,0.139326401949,0.0655171373487,3.28418760777,4.57408291817,0.921948556304,0.312133592889,0.0896611204743,2.95440678596,0.760216289833,0.0347797356546,0.897618214488,0.436545448452,1.51066363245,4.64165927887,0.00564926341176,0.320209555477,1.01018121332,3.47358962774,0.518382658232,0.793136722744,1.26434990138,4.8633383894,0.874152708873,3.1417507267,0.0762849091738,0.060269674873,0.0372573012859,1.40155108273,2.98860023022,0.18398864612,0.0341812904552,1.97793768495,2.02488105714,5.20828327417,0.138291468937,0.276561599076,0.622390598673,3.19244688034,2.15447040915,5.18843862534,0.365796457678,0.114059770107,0.141832109168,0.222236115634,0.124724799395,2.64040182307,0.0911578346044,0.733647385538,0.111334974952,1.46962445378,2.09059939384,0.140506806076,0.870824236721,0.324419423118,0.0369035795331,3.82541498184,2.31854465425,0.856484046578,0.509617327042,0.313118458986,1.40202026665,0.673983243764,3.62290950537,2.03911083937,0.142888818011,0.403675255645,0.111153391898,1.01875520006,0.0671353083104,0.316028278172,3.7945281446,0.826134376526,1.8814827916,0.586029667258,0.0235232390463,0.420052361637,0.725868725996,3.15079285383,0.0197961731255,1.28256638236,0.658043978512,4.26918441534,0.227863531634,0.00494396485388,0.072002109196,1.55114400029,0.415905570164,0.466466717869,3.11041432381,1.62982354775,0.148851745427,1.66930870295,0.0364984422922,2.16999566108,3.29362553358,3.31307846069,2.06704239249,0.448463164275,0.315211345446,0.0291911005229,0.306490807235,0.131765213013,1.15531972378,0.336998928897,0.46579133451,1.01750915408,4.29734652519,0.951005665958,0.778494766653,3.33512868881,0.075297339242,0.285144316033,1.9460149435,0.32177219403,0.269143223939,0.0954199602362,2.8864323473,0.39165132165,4.91580306709,0.957591642663,2.54541087627,1.00775051534,5.06808726311,8.10486378193,1.10659624837,0.812860603556,0.00403357252479,0.434912185669,0.0190296204388,6.21769046783,0.553459927142,2.49680115461,0.047711616712,0.107630935311,2.89555464506,2.07667388797,6.83243069649,0.757469718754,0.42222307764,0.03467669487,0.265647059819,0.0891297443956,2.77160170317,0.276180112362,3.1297945261,0.35982793903,0.368310215943,2.82057469606,0.837766475976,1.52204782128,1.662894454,4.26853797436,0.643409440098,0.00815145630389,0.931042560935,1.34090884477,0.203252115697,0.0362192359567,0.628594752997,0.294706654288,0.00481590002775,1.30381928027,1.16372506961,0.0725759840012,1.55232274294,1.30246318489,0.145305605233,0.176152764447,0.0840109470859,2.6429125762,0.762236745656,1.68564686,2.34799769156,4.89960747242,2.85050437212,1.14775785843,0.508102675145,0.12378724562,0.395510590933,0.0235874310881,0.18721790513,0.522661965191,0.321728061251,0.296552021801,0.530593479574,0.422537238747,0.19005098748,0.163695914019,1.09565925747,0.0910191256739,0.0733551543951,0.708411450908,2.51625034451,0.228249115944,0.0903288015723,0.41485144943,0.166856594309,0.0559018735448,0.144182825703,0.345218641316,0.233228227459,0.289310422093,0.124051503446,0.624577303901,0.124804679733,0.44001323849,0.454664196372,1.19312502623,1.2788262023,0.87214468956,0.209133468191,1.70338513017,0.203894941844,0.1216036807,0.892695782781,0.46353846757,0.472329246402,0.813738924034,0.165618040948,0.316615713846,0.497992856279,1.21460355692,0.401588590033,1.31989372708,0.0916101137176,0.114153175149,0.283408065811,0.457445720583,0.14365169026,0.948277747557,0.346625444838,0.996386767328,1.36093121991,1.22501638815,0.716461212039,0.548659057692,1.12166610122,0.259879628299,0.0952866235748,0.195344168358,0.0649908000696,0.147408849094,1.94458881617,2.38284329891,0.539054441378,0.254280869067,1.15739788443,0.0130288641574,0.668765377402,0.968271668106,0.0,0.266434147283,1.16038207449,0.0763575976994,0.721453181729,0.346858716793,0.721486352086,0.941367413104,0.0,1.44457929775,1.53808972824,0.687945550773,1.08235595688,0.539630621672,0.316004943307,0.230929883644,0.0662605944648,0.120868217034,0.463719552234,0.168761177044,0.0947176970541,0.173768238258,0.0923063333891,0.399397402778,0.446944325119,0.0249728516862,0.154269222617,1.31113905609,0.24395877501,0.900649936497,0.240116317123,0.843024594486,0.300670739934,1.28059980422,0.60106474041,0.807827068933,0.346739169322,0.135154369846,0.556714837877,0.0901231846632,1.50750270426,2.30005529165,0.26448584798,0.462052407768,0.115066364333,0.534489722922,0.0760719541833,0.486353249615,2.80901540756,0.113028148967,0.069678154178,0.798637967631,0.00437011063099,0.209000860296,0.561039882144,0.394841484651,1.90214862056,0.350869047791,0.477641739398,0.522680915585,0.361072795019,0.043208112251,0.553074144274,0.14201963149,0.0481963143498,0.800797319189,0.0195282197744,0.480483004227,0.239732487127,0.781726933345,0.758679989073,0.960702105165,0.636284684241,0.865998697281,0.1999159953,0.18944016574,0.775624459237,1.10361677975,1.23598626494,0.240682468787,0.865323210657,3.5293499583,0.0601965346187,0.0411591957882,0.783785656393,0.230237184465,0.0900616612844,0.264393583339,0.0283314587176,0.13453785392,0.48625500001,0.754988279492,0.604114807267,0.0312438259297,0.875999863707,0.179587941049,0.164421475008,0.412924824972,0.0975207380019,0.167866545394,0.186173269339,0.51900202224,0.0782350887358,0.202971098535,0.397709355429,0.136369648203,0.0368963047117,1.18754167199,0.0955768657103,0.421906079762,0.314511250257,0.534890854247,0.210254368992,0.0929108852148,0.171861484023,0.613173773289,0.283802191038,0.801400844753,0.261931458265,0.188524501789,7.49131684575,0.291284875534,0.524197876845,0.0683003234863,0.247340627899,0.254516229518,1.82578932757,0.425327409059,0.161957101859,0.240236126259,0.386438791454,0.0627882866934,0.805352994055,0.771566279829,0.18646376783,0.0,0.319020001739,0.778120819256,1.48201319024,0.900396676529,0.859985105097,0.177245768979,0.201191001385,0.354817894977,0.035929777883,0.256270616651,0.0158309187368,0.241623660065,0.185382720828,1.21849266246,0.0624105554074,0.591128593422,0.247019780576,0.472567020096,0.125079121571,0.0396281472594,0.0979111846909,0.456284557735,0.0716773241945,0.189768015854,1.67054363132,0.579266571011,0.289994135499,0.718486831961,1.01169655487,0.049064635213,1.08429271825,0.0780423421413,1.03378930507,1.6602352114,0.0284345495701,0.135090417862,0.0937405447662,0.212097200919,0.785405200124,0.27408520896,6.00830709979,1.24725660652,0.590357051939,0.597115538269,0.110690831929,1.0723152938,0.0689572099596,0.0886810199916,0.150086619635,0.0879752633651,0.392509829737,0.4789459721,0.111063515022,0.274742600769,0.186653485522,0.0125182403997,0.472915689219,0.0503678201139,0.475466801315,0.320268483907,0.393550446795,0.19673020076,0.24381268084,0.543933980465,0.675986179411,1.51492355466,0.261778531298,0.56627077356,0.140953385774,0.329610580914,0.157614113558,0.507902844176,0.706346316785,0.149188516941,0.0636634704843,0.0914647343941,0.623216851093,4.56442120641,0.149257461354,1.08876489736,0.0593930045544,0.190285869678,0.677794086579,0.130038828999,0.818536062986,0.644888372421,0.347834254578,0.533988779932,0.236249407381,0.0564889683574,0.00398312073201,0.045594354989,0.115694669597,0.372047966993,1.03124143191,0.063148027719,0.290247684717,0.0982274191082,0.0657076914608,0.938270952851,0.46453202486,0.23004881151,0.193097423985,2.54425405383,1.43359541088,1.70830728255,1.33947781332,1.55813511848,0.565881360844,0.572939956553,0.715456785299,0.50628722677,0.182736067791,0.259769859551,0.0232681275159,0.172032245379,0.155313842557,1.26348375946,0.00532891171984,0.206865402088,0.0804962454247,0.83420174852,0.381686861217,0.877235054746,0.617616532277,0.221940528452,0.0751048650779,0.0178110918403,0.281796269119,0.0,0.1591821972,0.021831202358,0.0415668256255,0.0169355590269,0.573154440708,0.783837470934,0.126197582101,0.111583156958,0.376635934561,0.195694345934,0.140476384675,0.152108702008,0.865810352787,0.0396154964715,0.0248825465841,0.998379315585,0.602363050319,0.0878324029967,1.91372496396,0.205447555501,0.443844428244,0.257927503437,0.386861572172,1.86722149283,0.942082510944,0.36144189138,0.646378229335,3.15299082994,0.211591242086,0.018001107946,0.345442436505,0.225292022638,0.300030946136,2.03822057948,0.128198483377,0.542493154239,0.531934507582,1.40778047144,0.391609926932,2.06305542499,0.0301749826968,0.341156789437,0.662914847881,1.28786157399,0.0615049714595,0.249821963236,0.410659584627,0.74614577122,0.0899543531612,0.757655863315,2.15013708115,0.419214156196,0.427459594216,0.981896128277,0.39635816142,0.291418003514,0.462909457386,0.0907658396196,0.151467247885,3.11253684759,0.378957368787,0.429807682047,0.00344842165709,0.059018336907,0.0650524281897,0.236715780124,0.411911944151,0.233207505122,0.188961061835,2.87681956602,0.0620379363,0.361241576374,1.34764330417,0.00250246733427,0.150082954802,0.0504298238736,1.04129896382,0.027981262859,0.163600410158,0.455305699958,0.82839368552,0.0974836475775,0.169022874073,0.578172539175,1.11732668519,1.76745471731,0.714768581074,0.543907307535,0.663662793809,0.423514241874,0.0,0.125041647255,0.459203210324,0.1361585921,0.223977949005,0.827556261942,0.168340043304,0.300003169128,0.160636899094,0.0,0.541815251261,1.12949103117,0.474538325258,0.256758849248,0.406695515994,0.422119482597,0.0288186697662,0.312494951263,0.140243185759,0.435187356509,0.581287831068,0.0784959891438,0.80317760149,0.109078503102,0.408317397721,0.682217075732,0.330710783321,0.748792011291,0.442779845763,1.00466628566,0.0801417707466,0.073719447786,0.0289527464285,0.988422868848,1.14957813084,0.164898918793,0.360272168666,0.462235914394,0.26004980051,0.254104408738,0.0620029746741,0.830759941339,0.176147336392,0.0568229789904,0.20026668123,0.396872739713,3.45197493076,0.361361357886,0.398105496913,0.0190603939421,0.197479374558,0.124775219318,0.250347997416,1.10629902899,0.351673728107,0.834880193956,0.00995930787176,0.0867073440552,1.05685137846,1.51488342524,0.00439036495984,0.478965769038,0.00496053598821,1.01577707272,0.22014973124,0.0466710037785,0.0666618925892,0.845095984135,2.82236069322,0.0833532149903,0.0553809089051,0.581346235215,0.410535947382,1.21113738767,0.0854100213014,0.015419838205,0.0497443523235,0.119048511144,0.089639897896,0.0981067360565,0.0686871336214,0.000261600939557,0.301476035286,0.00843660487677,0.358387751281,0.118503264412,0.0,0.215776456371,0.240389006548,1.50707003627,0.565677238312,0.0611361587234,0.21388373435,0.402595986761,1.78869172692,0.597350314856,0.0207788922079,0.245825095251,0.329954113942,1.05168025494,0.0447140945388,0.747848221362,0.271197512893,0.018740538843,0.021701486744,0.00466271623969,1.22100395776,0.0633742804453,0.700160669107,1.88024665013,1.46309471788,0.25975567244,0.752522159517,2.21512328148,1.53822884973,0.300431568511,0.0199728810787,0.370033442378,0.201130203372,11.9993248183,0.0636577299982,0.297633394059,0.48241548121,3.30188218981,0.195312884524,0.594272717629,0.0,0.953767076582,0.246253446639,0.0,0.185438312404,0.0,0.237145524323,0.297484072745,7.86169654906,0.507901588045,0.0870371636748,0.0,0.0132255490776,2.29739513636,1.21624479055,0.0888888079301,0.596678778678,0.0938646104652,0.736837301776,0.297833772153,0.0,3.36035398006,1.28587329756,0.0355350917578,7.20943860531,0.0239764546603,0.0458195798099,6.92971469134,0.00517321225256,0.39094801493,4.30917413473,0.140902596489,0.355545636043,0.326621216238,0.14506831333,0.30536968559,0.0,0.530711537302,0.0142560563982,0.330000680164,0.100469681323,0.389021649892,0.00935201343149,2.90349767938,0.0929264520109,1.58306419849,0.222679524422,0.276109961867,0.425493025868,0.4790074341,1.71482895285,0.993696883172,0.0110457493365,0.0614465447888,0.0565756309032,1.03346186429,1.15727838993,1.04287086636,0.357500341207,0.345589399114,0.243195096478,0.0726630026102,2.32706590101,0.505604255162,0.187403229102,0.242986721164,0.0301337426901,0.134852427617,0.179867064391,0.514889198691,0.140947190523,0.148519815821,0.383130397014,0.0478099052608,1.06255318493,2.46369807273,0.157284729481,1.82382402092,0.480393613428,0.181694990024,0.941453163922,0.0181665508449,0.19850741921,11.1354876587,0.118497540355,0.242096386999,0.00429650068283,0.00952426075935,0.207799590137,0.0311335939169,0.0,1.96874654586,2.41515556931,0.380402236134,1.43238587499,0.0969199163094,0.267706013098,0.819954132624,0.461116831601,0.598061355632,0.112581054568,0.00385451681912,0.671118608341,0.380627586767,0.058618593514,0.331565110534,0.462305966169,0.228942376003,0.20123692235,1.62701213039,1.57547207519,0.0128690230846,0.363452824056,0.108085416257,0.0,2.27523837566
93,6.62443050861,6.11390832901,0.159077731129,1.22261442393,0.741272159517,1.69871890552,3.1056847477,0.194235973656,0.0,0.816041079164,0.199249163596,0.591604446322,0.85751692757,4.32890603542,0.351207720265,0.683950230777,1.32498573244,0.256065026894,8.94271912575,2.41077994525,2.49380547762,0.216978087798,0.784957305491,0.502185278004,0.0,0.922252818495,0.0412543268502,0.197985855043,0.185030052662,0.851793135405,1.9247458744,0.756373368204,4.61857759595,0.0873808091134,0.243684879038,0.114753123056,0.804957138598,2.35505151987,1.290140374,0.0050482159853,0.217345285695,0.827145294398,0.394956416413,1.74834533654,0.0419957969896,2.93390586376,0.806389607787,1.09303170739,6.51864090323,0.186676245891,0.117887790408,2.26902096868,1.0085909649,1.18587975889,0.508111797869,0.353598815706,1.87749568939,1.0117262964,0.161999236494,4.40523683071,1.0803786093,0.180829616264,0.252907318696,0.480824633799,0.658379710093,2.63775411129,0.112726977766,7.4245244503,0.604107415751,0.0,0.0332091563568,3.32271602869,0.0203585219011,1.08577104896,0.216972774975,0.590900724083,3.52592075756,0.954458629712,0.0981828139722,0.806602008939,0.101461890116,1.38430487717,0.652929223925,1.83393943667,2.84080914497,0.253863368931,1.80094287157,2.85079929829,0.0714464286505,2.1034034729,0.200568545349,0.369534752974,2.12886347294,1.17579578966,0.40718125172,0.0993426917493,0.91551733017,2.25841745138,0.107553328946,0.205464668202,0.156783615574,0.102161283963,2.82557321787,2.54922243476,3.19291547537,0.00328251473606,1.44975274295,2.45355693713,6.79434925377,0.42046429038,0.846268319879,3.38351786554,0.701105429539,0.0088887514174,1.85124011874,0.0203452020884,0.0829014321417,0.649900677949,3.97836693048,0.202956619635,0.429860003293,0.47842148602,2.15367606282,5.72324892044,0.63445197314,0.1167149287,0.702198771723,0.0346369748749,1.23248568296,0.0368900903687,0.000153613965958,2.13072745085,1.1169980064,1.34268226773,1.37114270687,1.13447907619,1.47936756104,0.33030931294,1.74863496184,6.35997951508,2.61140385628,0.432434211113,0.0635061024874,0.723663759232,0.153679355234,1.31801701814,2.64190580845,0.461843981147,5.68585857391,0.228413071781,0.840254479349,0.537521858513,0.106470651235,5.3787129426,0.447499665916,0.605833410174,1.83922730029,0.986491099298,0.00494743127376,0.0482528896257,2.07197975159,1.50104925647,0.161952915471,1.36289991796,0.0298221277446,3.28418219566,3.45203853786,0.296757449817,0.59259049803,0.234320532084,0.345604642704,3.23233790278,3.32812703609,0.0676237151772,2.78083800316,0.474353115857,0.0129199932143,0.0441582148522,4.43315899849,2.80904250145,1.12843513608,0.439264123887,0.104615823478,0.974292507768,0.832631300688,0.0540640064608,0.432245846912,0.384589893371,1.2254123503,3.74281620502,0.021330772154,0.584989896119,1.7482190156,2.83661514878,0.321819681935,0.281259767786,2.31411729217,4.51309044361,0.0824478127062,4.43178395987,0.149912000448,0.121615875456,0.0128439748287,0.625619976129,4.22799005032,0.0649356811307,0.00119489829987,1.87864129543,1.42442411661,3.07439919949,0.18921468854,0.816538551701,0.0768227637373,3.98532765865,1.85051897407,2.67585986558,1.26842640892,0.112408273779,0.48828705579,0.15539565362,0.0853041371703,3.28140590906,0.114268372096,0.89936174199,0.117865331918,1.61129854679,2.18264295101,0.0381607883796,0.847731010392,0.0788817442767,0.0138279561512,5.11252870083,2.01690193653,2.50198130488,1.44987795651,0.377801639256,0.698691006303,0.559266660726,4.19015788019,1.62965132952,0.00828260632232,0.0879639589414,0.102387989704,0.307039125618,0.0514296805905,0.0701815172285,5.41665044785,0.197838102914,1.7131279397,0.609880959392,0.0,0.281912331209,1.12548142716,1.03489192128,0.0921266265959,1.4395301187,1.00993394285,4.13511650085,0.580247354284,0.0605620098114,0.408857283294,2.47102297306,0.220326794095,1.02957815409,1.94700068116,0.445425737351,0.0987944050878,3.35034426093,0.0668074496463,2.92069708824,4.0183413136,3.3756368041,2.56340999573,0.769353524446,0.442952867895,0.0045167092979,0.900451315083,0.232211906416,0.898257620186,0.376390735507,0.384658001699,0.887718584556,3.10489103317,0.370278579518,1.61526019961,3.27269951344,0.0154981514082,0.5855788357,3.4417014873,0.274478922673,0.115102143623,0.130550041497,2.68951167583,0.95128937602,5.61103117347,0.889840284623,0.450359373316,1.00072117865,5.09113509834,12.2630328751,0.5126025258,1.46431968704,0.00685511857271,0.315913819242,0.0348959901184,6.67915154457,0.466757091582,4.54079020023,0.108334249967,0.0363619126379,5.344492805,1.43465568416,6.42935862064,1.68816519897,0.760188623071,0.165313390717,0.0327783811465,0.105493518729,2.44145562649,0.566488522887,3.09160000086,0.658075950798,0.317979023121,2.11235869884,0.48233849667,2.01715930045,1.83240947604,2.54965656817,0.769551733062,0.0458834012598,1.21786969311,1.41722599745,0.0924444548786,0.0168824632466,0.199460241622,0.71423297219,0.0284122781456,1.2481408906,1.09965029716,0.393047329253,0.88989140287,2.06280936837,0.0554656513035,0.109324810077,0.149000746608,1.40671753526,0.0235990804434,1.00337738156,1.09133038759,6.0995014286,3.14251691103,0.801362357214,0.34163793534,0.300863466337,0.269459222034,0.160411869115,0.192763097063,0.263784222528,0.137513981052,0.334234234765,0.538710724711,0.0821979631484,0.0798848720454,0.168641082644,1.19042873442,0.205633834545,0.102758071497,0.46259139779,0.966106007397,0.368789831325,0.276026386693,1.02074470341,0.0748080038792,0.0514308713377,0.0871888555586,0.272872487046,0.0688124709576,0.703757687509,0.292878876925,0.520792890936,0.424045045376,0.741126110591,0.38695118472,0.962698495686,0.764158546627,1.2708513546,0.626826127358,0.826914020032,0.075567689538,0.401249244688,1.62406902194,1.10956814431,0.439365746882,1.31825730443,0.194400397972,0.204606245086,0.0783440507948,2.34191395879,0.113755605742,2.3819875741,0.14276621012,0.096981082689,0.504654342812,0.661768359244,0.206522768503,0.584217706192,0.691230750531,0.900307522565,1.03743416905,0.444585240241,0.74138727407,0.46770282208,0.0445683541894,0.744182611592,0.0383936065435,0.0364823490754,0.0750069447234,0.383747058499,2.50295429945,0.864457454812,0.746935029551,0.00301206668839,1.31454381272,0.270122425593,0.659924717061,0.906063128151,0.0,1.0903848885,1.32064821765,0.218712168336,0.139228810929,0.27060027957,0.763058198541,0.53152079354,0.00229537166655,0.474521856876,1.83661245942,0.500735278496,1.26806061691,0.673727796068,0.207884569522,0.0511902141571,0.0578476865403,0.376024657618,0.597481325455,0.0609919212246,0.492619477212,0.150057217479,0.0188338111644,0.375819149893,0.525485988902,0.00127836399712,1.38269728988,1.0212619254,0.121552648842,0.795310707688,0.711927905129,0.370406292975,0.0683073838148,0.834462723359,0.709249143749,0.137242338709,0.20163233757,0.102972881421,0.770285451952,0.382209415436,1.37173592865,2.62525648795,0.627530784234,0.108242543824,0.184113113806,0.382345310524,0.0421889870614,1.23687371105,3.71262858212,0.0769642605633,0.0664698049426,1.52730158303,0.00253708362579,0.0065835102275,0.71596783407,0.198686235712,1.87868937224,1.02911441214,0.26200837573,0.518286586255,1.03857444614,0.00033881790936,0.119757372346,0.172950572819,0.0584980645776,0.782494378164,0.00352971106768,0.653873084486,0.256582794338,0.677603477421,1.1189726238,0.909972673059,0.570417969078,0.529892218299,0.225228728876,0.406996537726,0.70312084727,1.45549609214,0.390321172364,0.857321601063,0.440510601729,3.29506603003,0.206153546721,0.185833360124,0.6168276016,0.400596116483,0.0974119894952,0.402543964088,0.0438793050637,0.027213992998,0.409241366647,0.679367321741,0.247875599998,0.250307769496,0.536924391501,0.254669833183,0.524998861495,0.249902737737,0.172634572443,0.204024127498,0.370659190752,0.593136584759,0.00838203600142,0.209993913323,0.51400845876,0.128205021173,0.0291913557053,0.19590265505,0.0218483145535,1.23766157755,0.151150890468,1.06434529983,0.08224409163,0.327191396188,0.010421519964,0.109884918008,0.891028033532,1.58522171736,0.423008584082,0.587941026669,8.30836860627,0.854513602257,0.135848977268,0.0530754396319,1.52447436772,0.139558284096,0.461686225832,0.463675146401,0.0278292459249,0.196060573831,0.344497024864,0.0504250159487,1.0138720322,0.569677285869,0.257485881653,0.0568973260373,0.636051624361,0.213034454212,1.01656387009,1.20566745982,0.540065618753,0.345936352871,0.0590835729986,0.135338371135,0.037888880726,0.224803147204,0.0457703691348,0.129933863431,0.94399627462,0.934269518629,0.229669946544,0.392487449944,0.672691815645,0.323162240759,0.627804799229,0.38825534761,0.129435404874,1.33158743866,0.176224011481,0.15771113731,1.44892239213,0.369307684442,0.24489550408,1.06339464935,1.1119565767,0.0219598410651,1.56484031647,0.0791113095172,0.944795058817,0.776335320361,0.180750847091,0.0477890975401,0.166056003571,0.155969092534,0.768673849851,0.0671706747264,6.86016593933,1.04597513221,1.14857276678,1.32125154006,0.10218209601,0.389294861443,0.128455063663,0.423320362419,0.236057270654,0.0668144345284,0.132448583618,0.457585565113,0.204828963801,0.0994841393642,0.311117136758,0.119794327132,0.380044518262,0.521899335701,0.155981874429,0.287029980868,0.210586436242,0.977517463162,0.426730486304,0.75663015658,0.343042754007,1.49187757254,0.198549020216,0.820419578534,0.0957858298719,0.441742907763,0.0536499715224,0.0989974758774,0.635990134701,0.0825509995082,0.00470027240925,0.195454585254,0.194461870478,3.83705425024,0.268490736336,1.92599916339,0.0465204132628,0.127590337843,1.7840273428,0.00338825861923,1.32329179436,0.761318122298,1.45351056516,0.624772908166,0.060605086945,0.0123813587427,0.186396202296,0.163421666548,0.361564796753,0.0995407465147,0.06761023812,0.109030604959,0.435114635974,0.0252785464939,0.00639951132238,0.126466501215,0.244164240249,0.298228068445,0.112487904131,4.33508148193,0.489945668513,0.471049308516,0.467238114063,1.19425595552,1.01767000869,0.390620516911,0.765241295714,0.0915225824248,0.0361909203976,1.0566977106,0.0609086476266,0.618765765913,0.0509144429862,0.284501600154,0.0989955384657,0.103620401919,0.587696550521,0.662694571875,1.60301587187,0.428069341667,2.26912958682,0.321178435311,0.0126858493499,0.267389217131,0.124305275157,0.0,0.124362548068,0.000302758505568,0.034554342851,0.0631403484941,1.45116795577,1.38552713767,0.14370293282,0.558036617115,0.690445122905,0.0803767270409,0.0404880283214,0.0929427389801,0.733853724003,0.0293726470694,0.111837088093,0.268118552873,0.338023049012,0.149035143778,0.669480464831,0.322894662544,0.140501882397,0.624589093067,0.010636330843,2.56119590998,0.65798592208,0.180798717337,0.204858687581,1.03505697072,0.737699441873,0.0619975495897,0.230539584374,0.0524410881329,0.0151092734188,2.31477077559,0.375913155824,0.0546009262331,1.41494650632,0.858426127434,0.262378969854,0.29268003894,0.0930842938647,0.414575445652,0.270621207708,0.30254955403,0.00129997640848,0.332757740468,2.20603457287,0.603561347425,0.215410351255,0.985239405781,1.69202373326,0.219840672738,0.555815965668,0.15357546404,1.16129515929,0.320621950626,0.633690352701,0.237408826156,1.10697730348,2.66251854539,0.183489160873,0.65186545901,0.0148607124761,0.210663790032,0.125946882316,0.0178450015932,0.271021495182,0.286391891427,0.197484738231,1.36154511873,0.0022962708585,0.573990542144,0.743208287731,0.00430650672875,0.347946245344,0.107023493112,0.193844709969,0.00911122843623,0.150532747973,0.423073402159,0.594383888021,0.280272898683,0.138465460818,0.256638911045,1.02120335743,0.600425281227,1.18854192492,0.540126466863,1.19676066344,0.0969351816364,0.106238584761,0.187008884847,0.0773031334393,0.357255637182,0.0530830731243,0.75675543882,0.0901527328789,0.349495876692,0.163725743853,0.0,0.249116981025,2.54558287906,1.68911876529,0.597556623891,0.142153431252,0.82913453497,0.0189229459688,0.112381454818,0.381732727438,0.0118746943679,0.0982489765622,0.0217841392756,1.07680323631,0.229886766523,0.110878157653,0.4267179811,0.0608203767613,0.199534077048,0.52103619311,0.405852518491,0.276726938402,0.0331318027992,0.0731724685151,0.102433343142,0.518083040491,0.317901019892,0.081667978036,0.0208805809915,1.13569906808,0.897620909214,0.11775425043,2.03536601841,0.0497973750532,0.0396490750136,0.33666944012,0.303496452123,1.91442960501,0.102162904786,0.813063898468,0.0712848068727,0.276480646292,0.518024689704,0.861842766255,0.284156634063,0.434910108766,0.114502130768,0.00498085504398,0.327945834757,1.35894078821,0.899853500519,0.00368009120226,1.57431748662,0.014019903671,2.59161985457,0.643545093238,0.130147901922,0.109708134159,0.040331145227,0.0931111555919,0.063811442419,0.162598793898,1.30722406149,0.257826430174,0.190436259732,0.927782084662,0.0214362738212,0.128512801882,0.0120769858547,0.0363209242374,0.0251725508459,0.270897913054,0.0,1.43822264612,0.239347414672,0.0677636161447,0.229104373637,0.0372844100464,0.128425114242,0.0189366040379,2.76046227127,0.14657670889,0.464327844083,0.35349245457,0.632148039863,0.234372186884,0.297587424405,0.0495750769973,0.29227728514,0.734061454386,0.450371446833,0.0683846798539,0.29755628787,0.102834037486,0.0871965953708,0.335368059152,0.013829674907,0.767158311307,0.0583439315856,1.9379167369,0.59446167402,0.049146596957,0.0730242585263,0.726063061655,1.81602855206,0.125708911009,0.479318609685,0.224576208293,0.143195827641,1.41595401451,10.7239422571,0.380179167986,0.0468480321718,0.173876207024,2.93969463848,0.00105609813705,0.198590291142,0.0,0.0922673524916,0.00241135690361,0.0,0.0,0.0103267729282,0.113882392496,0.0607794885337,5.29429791689,0.398243414015,2.20561757803,0.0,0.0230547916889,0.920367406309,0.714047186375,0.0366589805484,0.392376822848,0.0,0.290746763572,0.247048295103,0.0,4.45961788058,0.676507163011,0.000983443334699,2.94657203048,0.0761166958138,0.00151273667812,5.20077793002,0.000108726266772,0.414124812409,3.24328091741,0.0770262098312,0.202552665398,0.631218626499,0.496517066145,0.0298734964058,0.0244987517595,0.0812303377688,0.067049240768,0.0833691971097,0.0753576292098,0.113115243022,0.00769446402788,3.44559798479,0.0671064078808,3.14577293858,0.0,0.137508037388,0.260098229214,0.381527792346,0.432717875317,0.447850989252,0.0871425011009,0.603425358608,0.0141321209073,0.656002874002,0.363086235821,0.171667796969,0.276628459021,2.13013956867,0.468023668975,1.68699936777,1.75334577352,0.153786249161,0.601876595318,0.0789602254331,0.00310969293118,0.477492213696,1.42073087968,0.374773445725,0.0934398460388,0.088782256362,0.612083037496,0.0,0.798784675617,2.01917378455,0.0191375263035,1.39428299852,0.304709323198,0.0,0.477327940613,0.0,0.0779964089766,9.45755952992,0.0397085897811,0.150703978054,0.516993888393,0.0,1.02820121273,0.0,0.0283261305839,1.40837703124,1.42167974144,0.0298116473481,0.232062072568,0.0428409817442,0.121538954526,0.341983535886,0.274307210445,0.0961482331343,0.0,0.0535674610734,0.0102304664254,0.259538926482,0.0676690240204,0.071522877384,0.638915955517,1.66884316057,0.00424696445465,0.491037284881,0.893364417106,0.0,0.883976744488,0.0289460968971,0.000229157824069,2.23582737088
94,6.59805566788,6.28840025902,0.629055014178,1.30490620136,0.361021837592,0.645755129936,3.04713341713,0.79780856818,0.0100618125498,0.414220995363,0.408567646444,0.368369080722,0.385859499946,4.88443809032,0.252246406302,0.371254129559,2.06883833766,0.0772476954013,8.74858953476,2.56440463781,1.70168648243,0.19886300534,0.496835933402,0.543487719968,0.0,1.0942544651,0.171273687202,0.323849438913,0.0425112443417,0.449965002104,1.100120897,2.03748881936,6.04309934616,0.476767097563,0.247656859625,0.0356481250469,1.65709057927,3.00015322208,1.06824906707,0.104802014232,0.67626508072,0.790620187819,0.335200131387,2.0279379575,0.126315551996,5.11263338089,0.512860386074,0.724534665942,6.81574440956,0.816774412319,0.461945345514,0.894173800461,1.14626971513,2.89069375992,0.629695049822,0.0674045981467,2.67261898518,2.68022327662,0.141936060507,4.33185207367,0.770468868241,0.407181775719,0.149706480304,0.977934416533,0.0832244187966,3.01942403316,0.094661013782,7.35365989685,0.804079366028,0.0100090704486,0.09115212542,5.40844133377,0.000326768122613,1.17510629773,0.230330804996,0.800101407543,1.47741635099,0.744320118427,0.0446158212982,0.678392234445,0.0616672918573,1.63841768503,2.89501243353,1.91615320057,4.04830179691,0.183370045051,2.00210115671,1.87013701439,0.148665938079,2.00262340546,0.549902390689,0.456380648725,2.93220748663,1.39311937302,0.490489960685,0.0250121839345,0.474480890557,1.45354934931,0.0743213587999,0.129419783801,0.101730290055,0.058072733283,1.75913728029,4.03671086311,2.50856782198,0.0,2.83675710127,2.33318680286,9.51603588104,0.807736298442,0.241895616055,1.75129824281,0.307233773023,0.0273154588789,1.68360276818,0.0292801898113,0.199866038412,0.676135042757,5.29463988781,0.21096067098,0.344189963993,0.843119353354,2.01117184997,5.39213492393,0.0687612593919,0.097224332802,0.751544217342,0.0398209379613,1.35260996461,0.0783330233581,0.0,2.61981619835,0.871189369559,0.478187818229,1.43942788988,1.5197508204,0.576815375015,0.312282965966,1.34999776959,5.30473791122,2.00722591877,0.269690486435,0.230252647921,0.687814962193,0.738288000375,1.47605790257,2.28100043714,0.10223840408,3.78447606087,0.592814196348,2.15536618844,0.271504647965,0.0320530804759,5.92592000961,0.0540331381559,0.440291440934,2.37595728397,0.47510486383,0.0147664212435,0.0994443064183,1.97884709358,4.12721570253,0.0351435364783,1.36452823162,0.0621527249645,3.22889348507,3.75285463691,0.129763341807,0.820373701155,0.262462077476,0.638357023001,3.1867643559,4.04735022545,0.0205853115022,3.2051780653,0.28373766005,0.00108369342983,0.0496131774969,4.34167271614,4.1525106287,1.20995968103,0.427665739506,0.143164803549,1.18096652746,2.04672765732,0.503316050656,0.366326002516,0.929745220824,0.947127837539,2.90601839066,0.0946498741955,1.44637460485,1.17778962731,2.48588418603,0.239230719507,0.0838180854078,1.97871967316,3.64090012074,0.205839128792,4.68656485558,0.100058772461,0.145697963908,0.00817654035985,1.01168158531,4.30402813435,0.259459606558,0.0134633681178,2.04033100605,1.24605592981,3.34165728569,0.069722709991,1.30200710297,1.2657928431,5.04903042793,2.2520059824,1.95398212194,0.765810406208,0.157986937566,0.586084270328,0.0224993431941,0.073730815202,3.5734538126,0.0196170645952,0.822803687751,0.0648453382775,1.32667381108,2.3247793293,0.0382792992517,0.695886705667,0.134494466484,0.00719447597861,3.28917649925,2.11255813122,2.92274433374,1.8828878963,0.150015582573,0.603009752296,0.0829594502226,4.29958358765,1.66622408003,0.0265758726746,0.196073393077,0.0876279877871,0.121229684725,0.0583961947402,0.157865597513,3.52819894075,0.216668917872,1.68224426389,1.62493917877,0.0355816585571,0.36346763324,4.33637517929,0.203266034164,0.0360706824064,0.802000735365,0.153961346149,4.85950231552,1.37750929832,0.121259145141,0.49234700894,1.81927355886,0.634877975956,0.739820489734,1.57053180695,0.252887652442,0.191417534109,4.93723326206,0.569993492141,2.88370241165,6.05071309566,2.76963549614,3.75992801189,0.790384133235,0.19314073273,0.00278313263319,0.563744868338,0.255915191732,1.17559572443,0.367876086682,0.278169471179,0.118340734318,3.31068220615,0.631737433374,1.711761747,4.42116915703,0.0917622965761,0.553639247715,5.27105118752,0.24170440902,0.417831449211,0.122059821635,3.31148259401,0.986502863169,5.49975293159,0.920368917882,0.156789993197,2.40503563643,4.82538737297,12.7163272095,0.309700217489,1.25357136399,0.00964860677719,0.0558400397003,0.101417791918,5.66838750839,0.159178580642,4.56256250381,0.213981990367,0.012933242023,4.67945179939,0.949053307772,5.06106180191,1.52501211643,1.10041194215,0.0603885118663,0.0214315134473,0.318771183342,4.45743869781,0.656964255571,4.24460152626,3.48122591972,1.21684627563,1.6795634973,0.288732901802,1.56963077098,2.36613212347,4.34494731426,0.70369618196,0.0245406949334,1.25079126596,1.18738283366,0.242160050441,0.00102398856543,0.17130774606,0.550224000067,0.106610041857,1.38315908015,1.10852858335,1.11673680931,0.517763828039,4.11431432724,0.00579617455602,0.0100681132078,0.00260811634362,1.46508376464,0.0174778699875,1.08008057237,0.557238627672,6.40207801819,3.04043833733,1.35244873255,0.196882608747,0.358589757308,0.188503699005,0.0640455151442,0.0143323020637,0.659723627798,0.0179087341856,0.150055396929,0.629657577574,0.28201140549,0.088048492521,0.00751402176917,0.7458488065,0.0718111595698,0.0400424726866,0.0378105133586,0.50672223866,0.508181666918,0.361181855872,1.42485075489,0.668609449193,0.112092984943,0.0221290946007,0.241927159578,0.10633286126,0.740035116076,0.345631900411,0.505513274148,0.03878711164,0.311247031633,0.213924922422,0.960656085908,0.252327533625,0.308057016395,0.266390639804,0.779872773886,0.0498698171973,0.0448644893989,2.41173994511,0.434464592673,0.722044271231,0.561024065614,0.0297682659328,0.0617452393938,0.0896896655206,2.11854105175,0.0973364300281,2.30024552584,0.0933882877976,0.295690984353,0.310211680233,0.117964795497,0.000323751978576,0.753249742985,0.41262116164,0.317597953677,1.50913906544,0.727463811338,0.0993847682327,0.655861227512,0.331964037865,0.975594758987,0.203727183247,0.0104359989334,0.104731462747,0.335390997343,2.39232198954,0.489431125596,0.503202178478,0.00318900829181,1.19211716056,0.785442382367,0.606026405841,0.847611890286,0.0168279075623,1.07426041018,1.30638514141,0.0442374192551,0.207980739214,0.938195249438,0.57767830044,0.944358476549,0.640493154638,1.27157655999,2.01462801158,0.379216636522,0.373431300372,0.721347172558,0.114539033929,0.00314780950546,0.0,0.454312369656,0.712144573592,0.0582799370959,0.707484702468,0.000354691930115,0.00580974280834,0.587788318656,0.45130101949,0.0117370865867,0.449879832342,0.412199947648,0.403605150136,0.12605024837,0.130265093893,1.99605220735,0.0845682692528,0.905622082204,0.625929635707,0.0902726829983,0.148698778972,0.235069746599,0.309975648373,0.346918788776,0.914760112315,0.906625597095,0.58627728954,0.0401177722216,0.221625445802,0.478512746692,0.0253695544787,1.53285372846,4.69204689741,0.183642941993,0.38058858145,1.39697004422,0.0,0.0207560412958,1.14868094116,0.275653515961,1.17851494394,0.408003480826,0.418758580443,0.0990111733228,0.231302319942,1.17360332297e-07,0.084572124742,7.3494813405e-05,0.0337478327285,2.88421600237,0.000190269704908,0.666386850476,0.148493525962,0.0842505333945,1.16246415421,0.839407215118,0.542529849522,0.138585955575,0.0130862228759,0.151535400739,0.302382583097,1.16772246331,1.89348331049,0.363267799206,0.105672164708,3.74427886009,1.00498283885,0.00708544708788,0.397258072197,0.469777897596,0.0264340091124,0.382214615978,0.00152019232512,0.00243888739496,0.442469945177,0.191205367949,0.269630471207,2.22584874034,0.535096884742,0.100513752727,0.42600193426,0.535377941728,0.235246305987,0.293467958905,0.348713882966,0.345604231134,0.0367703688517,1.25620993465,0.326621132195,0.970375117827,0.03674731493,0.0521478376072,0.00393107205629,0.897456042543,0.903002272472,0.831927576736,0.011092043221,0.263596201888,0.130983583927,0.248994841352,1.52615534604,0.912236434966,0.191999371508,1.36579968338,8.47030958652,0.267233386934,0.332619681805,0.017469577454,1.88864463374,0.0212874143571,0.568172052205,0.428754596561,0.0113466026634,0.15295080632,0.322645739056,0.0665424674749,0.743621199569,0.151607220806,0.185268238131,0.0138647877425,0.563108190894,0.238489776254,0.407037665695,1.81126713112,0.148404761963,0.174685739055,0.0365330570564,0.0505733051803,0.00598736740649,0.338033311293,0.00875574979931,0.0233446965367,0.650963772361,0.81562958993,0.307771168128,0.630924553899,0.52068653129,0.0520941740274,0.548837819602,0.250843612254,0.132804431915,0.329130969252,0.093990316391,0.0810066082748,0.654969958961,0.493767655669,0.0658192513883,0.0918540592492,0.977996553434,0.0721052056458,1.11319982622,0.0,0.61188165009,0.759159679934,0.0829529870581,1.03761289358,0.00164549514651,0.0444456423074,1.97183062777,0.0,5.59138864517,1.27388667941,1.59488209397,1.80214133001,0.00649891898036,0.664867784083,2.23619108155,0.256811897084,0.0772263483889,0.211759456098,0.307678835632,0.0396892116964,0.730164778065,0.0583117995411,0.078402858153,0.0757935896143,0.372410573205,0.150882425159,0.304039417133,0.18240045337,0.262737526167,1.22934292421,0.255232794136,0.0610862009224,0.313121961337,0.676651943922,0.188304154277,0.387273234762,0.0592286436073,0.00905901484191,0.159515284691,0.305918456331,0.156118750013,0.00050711359363,0.0128592492361,0.0926285781153,0.0956946067675,3.83200422764,0.169545056932,1.55168190718,0.00604569852352,0.0614536959678,0.933955244273,0.0078629488498,1.55636746764,0.270586534739,0.445300600156,0.367473669925,0.219601600152,0.000643142014742,0.018727900032,0.00415242642164,0.282330138721,0.342449460924,1.01276561441,0.0463261770178,0.021486511305,0.0853971253708,0.0,0.0256377722137,0.0385493056316,0.984041303322,0.0914809598774,3.48023084879,0.504003498852,0.417774592787,0.409170916709,1.08024629712,0.807867961898,1.17498613209,0.968138888702,0.483322526515,0.038994052792,2.09462344479,0.114469787106,0.177478459105,0.0983496825397,0.66042371613,0.0424712856766,0.0590798898041,0.338829992991,1.97795339048,3.17086276591,0.306375914961,2.00112627834,0.0729532221518,0.0400645121187,0.559417629497,0.235683999062,0.0,0.214921770915,0.00493488360196,0.00845201557502,0.00164928555489,1.28448721528,1.71287785135,0.227317073345,0.190422036918,0.841056127697,0.0734269249509,0.00569468975067,0.0934717691108,0.896659248471,0.0267562013865,0.0897134674306,0.0944206922129,0.568122423589,0.372966490639,0.71378680964,0.151405964643,0.00998947349377,0.252426774784,0.00064740255475,2.65062091827,1.32461455146,0.0356880407035,0.375606879033,0.704271000624,1.40009795971,0.310918055475,0.0250952946302,0.332952167466,0.0271433293819,2.16992817692,0.166728544608,0.0821430420876,1.74737462491,1.62567076296,0.132873751242,0.976861761287,0.0646123834886,0.293463510405,0.66319369182,0.216026832591,0.0047409516573,0.266593665844,3.15684016779,0.513987042829,0.322104744029,3.12584361553,0.704288848633,0.682646314558,0.423096815199,0.0727834685147,2.99408351421,0.581972519681,0.837584961914,0.869449292272,0.880719096065,3.15862728596,0.0558897357341,1.08411159724,0.000592534579337,0.112363753244,0.228683087304,0.122592504434,0.887987323701,0.165015368462,0.130310338316,2.02821252495,0.000914054438472,0.66165668413,1.04095531196,0.0037591698952,0.478366475962,0.228623272479,0.15298769491,0.00446192001924,0.0645035600103,0.16188232511,0.185879042521,0.386786472043,0.114488957524,0.269379083695,0.793168530762,0.450881124865,1.98545029081,0.778648589579,2.64272897452,0.212090528607,0.360065284036,0.264616119266,0.0115226814151,0.824163462088,0.0892570261657,0.256662265696,0.0827415812109,0.0260226294026,0.394885061858,0.0,0.193266600594,2.48070554674,1.65360401004,0.629311205503,0.0599175501242,0.736777377874,0.010586881265,0.127480254173,0.33384613445,0.0549091071635,0.0812336150836,0.00248038247228,0.963273795918,0.208330251258,0.306199338431,0.125893956535,0.0543489939719,0.359729155451,0.232551668584,0.141580025069,0.0420451605229,0.0257385845482,0.012883494175,0.116573005491,0.267632074049,0.416671326756,0.243412588164,0.0169950175285,1.86191433556,0.595789646376,0.0721851768671,4.17326702595,0.0605127129704,0.0216192897107,0.190577608161,0.0584090516716,3.59846503735,0.10174460609,0.924810806662,0.0296378010511,1.48434785878,0.0252203778923,0.633627657443,0.259432886094,0.276198024824,0.00834968583658,0.00041275898926,0.193708339839,1.39905120581,1.50380326062,0.00143905792385,2.09117090581,0.0176169234887,3.83116730329,0.672529251575,0.0525066899508,0.318039199999,0.429581020214,0.718761300668,0.148360157632,0.03612134533,2.56253097907,0.213614577353,0.584778108643,1.26170331836,0.0,0.0328555500507,0.00069188894704,0.00563393831719,0.0762436906435,0.608935876824,0.00112748742104,2.30861382306,0.462666211743,0.0521104570478,0.0483102081809,0.13251422897,0.0194869488903,0.0143575191125,2.63588941306,0.0989797176514,0.102641298249,0.603496906683,0.358928288086,0.641264898703,0.251065744776,0.273465412296,0.36380230397,0.312348425984,0.589063090421,0.0318149810098,0.29036154923,0.196558827609,0.189774317885,0.239741478598,0.139371345863,0.567467263639,0.0403574326634,1.23896962717,0.433048618441,0.0877465938777,0.112919133161,0.875979415178,2.75413689256,0.165928659886,0.0691183678806,0.182217141017,0.00869887497276,0.357779568434,8.55582367897,0.539001764115,0.0122462207638,0.0,3.2986340189,0.0628929969668,0.0486610940099,0.0128349381685,0.207976802364,0.0493202006817,0.0258409237862,0.0,0.033256881237,0.120334292203,0.0585620566458,4.74306670666,0.0700263722241,3.01109693766,0.0,0.0,1.07030692279,1.50844539374,1.93427357107,0.201513950378,0.0,0.107277329564,0.115901810974,0.00715341478586,1.40100254294,0.339667961746,0.0,3.47455233753,0.0590472298115,0.0,5.14100531623,0.000236163623631,0.114978395179,4.50570184708,0.0,0.164422815219,0.357132271975,0.872724224702,0.152004496679,0.0,1.87015152037,0.0,0.020790838711,0.0558168567717,0.213609044757,0.0,1.96025546432,0.00852574408054,2.51225914828,0.00523050963879,0.203935967758,0.122564821318,0.0466842078045,0.432136362046,0.650093747526,0.285176695511,0.705702826306,0.0,0.481814532196,0.374941213513,0.944694790151,0.461480580438,0.959634111673,0.560638575554,1.23614848852,6.21719546318,0.0585181400925,1.75075232983,0.0137542390078,0.013845435977,0.784216235178,2.01569995954,0.478691583946,0.142619946301,0.0806626922637,0.00492663266137,0.0,0.130475000031,2.70554413676,0.0295570487692,0.415550870351,0.209174540043,0.0589728105068,0.0894876176538,0.0243836408854,0.0176334235817,8.26408444405,0.16946965538,1.6836368525,1.79757150769,0.0,1.31076420791,0.0,0.00358807474375,0.526104928907,1.07245300986,0.000473473221064,0.00154718324542,0.0445847912133,0.0,0.317993821446,0.837246976998,0.133030525744,0.0,0.0,0.214228004403,0.354604555964,0.0,0.225639071465,0.802593722492,3.19642772913,0.00458486706018,0.089022205621,0.250084667057,0.0,0.0813317221962,2.29856930673e-05,0.00187100548297,2.43463742971
95,6.21067922115,7.48802134991,0.686659575328,0.879638833106,1.12231923819,0.482760535488,2.72577980161,2.3066894139,0.166774264872,1.04657308385,0.71905622378,0.0986428572983,0.609612508044,1.45107944518,0.604015028477,0.553610671721,2.89955538034,0.0963080073893,7.43359358788,2.38289907217,1.73696275592,0.244973274362,0.667566903234,0.0418867431581,0.00117180921137,1.61677492678,0.0210118126869,0.181611300707,0.0505528931506,0.835808235006,1.2289108181,1.61530735075,4.88524195671,0.2364717321,1.02179052293,0.159425265938,1.10353310019,2.90879462838,0.925922929347,0.389648947753,1.26550824165,0.397815509737,0.381591947079,3.08182496786,0.0958196906932,4.55493360162,0.568358593285,0.451166511476,5.00481980324,0.827935107797,0.986695467215,2.10117096901,1.85968015075,1.22981202066,0.82499750305,0.170138194477,4.02793242931,2.45520812687,1.18082012933,4.82346168756,1.45277516544,0.524401410669,0.61927432254,2.60361370444,0.0908146381378,3.8426450479,0.703967420459,5.68925019741,2.17838573337,0.0,0.294476490431,3.46556868196,0.0242961984873,2.57209618092,0.172911247388,1.22683408439,0.582800972871,1.22604725063,0.894761866927,0.150210703686,0.835965107232,0.603204201758,1.18441674285,1.4175823994,4.44698179245,0.483431784213,1.67194140673,0.989082822613,0.281543016359,1.59412661672,0.666485182345,0.489103690591,2.16904359579,0.687552386671,1.98651555896,0.717181106713,1.53940921485,1.60783502519,0.200278636664,0.105444099414,0.103729032113,0.00373418033123,0.932001733184,2.88560650826,1.1972791791,0.0663168382645,2.27386909425,2.70003633499,4.01162764067,2.33340057731,0.0197755004093,1.2846567595,0.320446993224,0.220157611221,1.22564422518,0.367112583332,0.23894821614,0.498613243172,5.56380300522,0.205160761923,0.838330806494,0.673472201824,2.70756660521,4.62813375354,0.022726167962,0.204986729822,1.21318406209,0.167510970477,1.312391399,0.0445675058663,0.00350673556328,2.99055526018,1.54704643488,0.310607827306,0.52727365803,2.22385105371,0.295797837488,0.19860478811,1.63172198057,5.41254964352,1.86144030333,0.596310712695,0.939920256287,0.392818183899,0.845453563333,1.53021756411,1.81124920711,0.176769995689,1.89736721471,2.62213388383,0.470411011279,0.431477223262,0.0726785266679,4.84208454132,0.0833974337671,0.615642020628,1.61535322964,0.753119083773,0.0267320351303,0.089954418242,1.41249383956,2.54673986912,0.0432093817741,1.68961111337,0.0304938464612,1.69959340513,1.94207111835,0.118511507548,0.0943708293373,0.409137609005,0.450712084845,2.84442726851,1.67401493669,0.107172886953,5.12235558987,0.233562537823,0.0103985668067,0.684179955497,3.68077575207,6.51811455727,1.39182097912,0.318013705015,0.137152033262,1.60311378062,1.28309638511,0.518523000009,1.75383667231,1.16331060946,0.875252308846,2.62683507681,0.279455201067,2.17028614223,0.72689633131,3.17269981861,0.513452915046,0.217691435218,1.26772950798,4.40027505875,0.947734811604,1.33838357866,0.122417143695,0.535750327446,0.0337028500997,1.15940537874,3.16561406016,0.487187491208,0.0,3.44297759533,0.575329558402,3.17988950014,0.221031166287,0.387462370172,4.09766067266,2.47338565826,2.22104067326,3.11232683986,0.738100406826,0.150222217441,0.677535154819,0.563444982022,0.0291955089569,4.11565911531,0.204676576927,0.78026605472,0.0135114952549,0.953137202095,3.81301470101,0.0485127051175,0.767284831405,0.898050711453,0.0244317861646,1.99295467481,2.58978178799,1.61794729441,0.332201172914,0.19081006852,1.02669886589,0.473533022106,3.51241775513,1.66863221437,0.0869055291638,0.391899454296,0.325335102826,0.0863484974205,0.0368374201655,0.177376691103,1.24464659154,0.365224313637,1.23518380687,2.31010451153,0.0795384826325,0.64673927322,3.08975993931,0.35314420674,0.00837975248694,0.453433562815,0.0145825123787,3.69235104799,1.93575987638,0.0719663316011,0.848600040078,1.35645431995,0.383746058545,0.533701660521,1.64751254082,1.48178632617,0.827330106888,5.03719550133,1.31012896642,1.82589328021,3.56615955353,3.05435231209,2.71979772747,0.311396711781,0.0497256091237,0.00132743597031,0.842479361556,0.174478510953,1.33755357459,0.437657473683,1.20118892662,0.240361882374,5.50156965137,0.262139097378,0.731608097553,2.56746158481,0.327059638025,0.201766610518,2.61476583183,0.338020511344,0.932848972753,0.413298991323,5.26022798538,0.477844967432,5.20049814224,1.27731601194,1.23679176658,2.07503664106,5.44106113434,10.4439714432,1.22097958475,1.27062260643,0.110766331777,0.0865221661702,0.476453830525,2.29479303837,0.58707326578,2.90026819825,0.347355276793,0.0357569254935,4.54363126755,0.552205845583,2.72379551003,0.920904511809,1.18809574336,0.156298091263,0.194060875811,0.518121809438,3.69084075451,0.873243089914,3.59504720211,3.34190952659,0.908785106745,2.9084401679,1.19099018574,2.16363447517,2.77947621346,2.0544967404,0.530573530644,0.0,1.29817195415,0.653994407058,0.14811998792,0.03992003005,0.134866454452,1.22118968964,0.261266490668,1.4063983798,2.21430826366,1.2377151233,1.13536227703,2.01640221924,0.0420525903441,0.0692815025523,0.00420268053189,1.29988774343,0.387076166011,1.23368556917,0.35228682097,4.0321276927,2.99059261322,1.04055611977,0.210183781534,0.734194018282,0.533720128685,0.149551924951,0.128433417827,0.39334083274,0.60694295194,0.307776888348,0.995797989517,0.80997190411,0.245612273514,0.370838308959,0.609164384231,0.0877480315859,0.481927914843,0.245293509262,1.26394692779,1.13582506776,0.399203871544,2.31322332337,1.05746060155,0.162988735083,0.112672700584,0.113265171302,0.32539329581,1.8140427351,0.13267427111,0.161505237529,0.388380642496,0.317765987702,0.649237313475,1.15436381489,1.76560272098,0.504714732468,0.325389455413,1.00773455657,0.321910840273,0.217640447309,3.02540917277,0.776798875928,1.39934752703,0.380543700829,0.0494521111809,0.121443756074,0.171953188777,0.493796044234,0.195540143251,1.64078741506,0.129868426472,0.613431779444,0.463949643876,0.233524555974,0.128808571771,0.51267103943,0.203512290865,0.362097969204,1.1780783312,0.872392683625,0.562231693864,0.38620660603,0.930191429667,3.75053229809,0.425577558354,0.116534263529,0.125372304544,1.48934065767,1.43700551462,1.02966233388,0.468087241575,0.143943985701,1.72828397542,0.888779172599,0.410981893279,1.02511452843,0.124065568876,2.28513628483,0.820303901229,0.00817450032104,0.50925579479,1.64123614177,1.03263428377,0.736811874211,0.754371939898,1.10221268415,1.68712148905,0.338817900517,0.590983910263,1.0547059691,0.147427295609,0.0892707874998,0.67495557487,0.0141526886262,0.130237249956,0.915723185986,0.78953658767,0.0117594277859,0.265570197068,0.716433662754,0.757865829542,0.102209773511,0.490321141928,0.174392399229,0.953592396677,0.390476973802,0.0410678098351,3.50648430467,0.361143550575,1.4435637854,0.605412875116,0.575327007547,0.301999270692,0.112305431068,1.24329059446,0.267258359343,0.837312867418,0.421228972748,1.46070658594,0.0882302661473,0.355263248635,0.416599385738,0.0108062439412,1.75190314159,7.2744614315,0.036029522717,0.495574310198,2.38036419719,0.0018570612371,0.0981224012375,0.814937000424,0.689516068697,1.94011999309,0.727448390163,1.58587128162,0.531574964523,0.324476470202,0.0270114864409,0.380792313218,0.396105619371,0.108412965238,1.39025681954,0.0177623473783,0.935728110075,0.423042841172,0.208362783343,1.30118435428,0.695187572837,0.235904861633,0.261090427488,0.0210386708006,0.0317322763056,0.286634984503,1.43431538999,2.84109142718,0.0772175423801,1.69117041117,2.55911647266,1.14905992776,0.0385231527686,0.986011171043,0.70823702842,0.187615472227,0.248657953166,0.147614598274,0.883817324582,0.473109907247,0.361901072934,1.54174553081,3.77472607508,1.83000720397,0.0826313448418,0.697977483142,0.848976463974,0.967354841828,1.45933012098,0.447210924723,0.547082185894,0.0899382745638,1.85861890659,0.530816001873,0.849345470667,0.101622928381,0.278183565736,0.369383303784,2.73151886106,2.63526584432,1.36740443423,0.127392817042,0.115889361817,0.18255849354,0.194671764746,1.66158620223,0.500790094063,0.706631219238,2.47820620023,9.79208539546,0.537050920725,1.13182043672,0.336452448033,3.2299183692,0.0668071168568,0.217959964201,0.336404637955,0.0766922799405,0.239223944936,0.348112240769,0.0260146194696,0.928639700562,0.152813351117,1.03492689926,0.027629156895,0.463589857034,1.5840937008,0.695946210437,1.28879661385,0.193041591197,0.173576254174,0.0481371881766,0.329858512804,0.0827112790383,0.320872474322,0.0225915597379,0.205695222095,0.314253609888,1.37674221456,0.433025674792,0.314593559317,0.480622085631,0.0511084137484,0.674345516264,0.156365998574,0.0998017691076,0.419695093632,0.192674929015,0.641123980395,1.90278854251,0.35604637038,0.41335391324,0.275419351403,2.3794737865,0.502435965091,1.06215143505,0.045305943042,1.57462837785,1.63112404615,0.13883675456,0.952655506954,0.0758134841919,0.0160720437206,1.48824702531,0.0233003871888,4.98042740583,1.18665497795,2.4855651927,1.26254884005,0.0819245252758,1.01782194648,2.08556370363,1.26253810644,0.243383547887,0.277597583383,0.431971736234,0.304822360277,0.639524176493,0.0680245184898,0.114631030858,0.033957662941,0.0576872275025,0.063412322402,0.50640229065,0.656196752479,0.394315330051,1.81794371158,0.624935089312,0.302547318544,0.598215040937,1.33843717873,0.267710101455,2.16391553819,0.0722621759772,0.15774812229,0.260225410387,0.783651891798,0.16915685578,0.032270091325,0.0169156848197,0.0247089022212,0.17336115187,2.0488247405,0.725546674281,1.13399176415,0.00191428169608,0.375369704552,1.76253706002,0.0629276284575,3.0940156436,0.425387527645,1.148789903,0.54171387434,0.0773688669503,0.0123777893651,0.00591526657343,0.114929721653,0.0157815673947,0.968049784582,2.89956679642,0.0585374898976,0.0780137050152,0.129925087392,0.0488376880996,0.221714222729,0.242221868038,0.956832852922,0.353477796577,3.30250055581,1.49122366786,1.20380065754,0.142445662944,1.42042634267,0.603702831529,1.37137663022,2.23835692946,1.91068041325,0.922942469269,5.21331675529,0.631849322766,0.629736550882,0.632308672946,1.73601456732,0.174703706503,0.163562506177,0.0929278004169,2.46127812684,6.66217936397,1.62640211248,3.46178426266,0.127751387116,0.0129579541739,2.01235179037,0.363084170632,0.0,0.399585704543,0.253852558807,0.16718596058,0.00485720893368,2.48335153267,3.95387905598,0.793415189497,0.50590022149,1.75248681515,0.371168120801,0.408973846845,0.161365662515,1.36382287107,0.10785130986,0.228941229452,0.14687757086,1.2172078683,0.879773044325,0.835654658526,0.456993853152,0.330445284583,0.823727870304,0.0434855828434,1.96829658151,3.24622286916,0.135341047877,0.904865581952,0.583983892761,3.51947213367,0.43025053449,0.334928821474,0.51829702355,0.647515423894,1.63380455468,0.102404424516,0.921757876091,4.17297762454,2.80063531518,0.715049845921,2.79062310474,0.463194263726,0.685155885406,1.59968400925,0.60613463901,0.0246520714462,0.176421237737,4.71263916373,1.64566723809,0.835775898322,3.35115980685,1.50518567454,1.80310124606,0.289616843127,0.101451679431,3.68892712116,2.26556537598,2.24560241818,2.35101522539,1.8425455121,3.63524677515,1.38068940945,1.80464512981,0.051301659625,0.448154824376,0.653983409405,0.797120110728,0.921215634495,0.265481141172,0.0639199327934,3.92444733322,0.402155247622,2.18164274812,1.75606606841,0.0260785514116,1.28840824448,0.564971099757,2.08512872858,0.497806120664,0.442506348749,0.454917064868,0.526319565922,0.25749672845,0.156420731377,0.906653815359,0.842236303687,1.07965674467,3.69309589235,0.970058102831,3.57917989194,0.392579169516,1.10586124731,0.583788693994,0.0139627999067,2.1121522682,0.531227576435,0.846343161836,0.558328844539,0.0870194772631,0.462985125538,0.0469595436752,0.359790664762,4.29861042023,2.59939952731,1.72348751426,0.689312036205,1.12593673767,0.106252153087,0.0973486030102,0.380818185192,0.136342493296,1.21697014362,0.0636366604269,0.973422663906,0.106238597357,1.28147123553,0.229604329988,0.371247490756,0.690101085715,0.866365636289,0.47707599103,0.246493661625,0.0837593352795,0.506589682456,0.370623166496,0.358263386525,1.05320075738,0.904345605243,0.651275682561,3.29598757505,0.464201969877,0.197174946638,5.29657471657,1.39618626329,0.123297573368,0.207677584216,0.297832690096,4.3280717051,0.328215784989,2.76494154572,0.0578013145179,1.85612214327,0.142681078017,2.38411271334,1.05752364738,0.870237904023,0.274183070413,0.0131889611855,1.25788091443,1.99454399168,2.57277745187,0.0657560037822,4.13243710995,0.26242934227,7.80999016881,1.44043719992,0.51472273469,1.52752521478,1.82936403956,0.863814303875,0.742184184492,0.166762313843,5.45756258123,0.942992362473,2.70662614107,1.90617926061,0.0165933046117,0.0347538097203,0.273314133489,0.117856707145,0.343481172659,2.43625752382,0.0835138913989,4.26416992337,1.23300194263,0.261471660417,0.0819415167347,1.22963337794,0.300691255406,0.331042461488,2.40627700448,0.431845305879,0.46455932647,2.8354608608,0.577488836134,0.697757047508,1.02021349914,0.547641162202,1.27323016351,0.229028467359,1.64319243163,0.275844184994,0.839811618477,0.00627972131595,0.397159616146,1.10549057275,0.3489361386,0.928292528167,0.31732786661,1.48590613425,1.03590307342,1.25832828417,0.674259684384,1.81836087409,3.9238113451,0.701479655458,0.0141256131232,0.645247075856,0.0136238750815,0.115687136836,7.62247749567,0.751705490537,0.2555146797,0.00474698811769,6.00469054312,0.393734535314,0.201509228349,0.176322004721,1.37467448808,0.0534828834236,0.0955157043645,0.0558900690451,0.285369253438,0.023867164664,0.0676796006411,4.42747331142,0.328720504232,1.61007844031,0.000439881682396,0.00920322179794,1.24693408847,1.45365099192,2.05210757017,0.24122876294,0.0122923344374,0.541993771158,0.907321479097,0.00885245203972,2.56467301339,0.308143062145,0.29463076584,3.46970636129,0.655228067129,0.111342960987,4.92339685798,0.00106698874384,0.204235827401,6.4974693346,0.0674258279428,0.155412976742,0.375887406468,0.575183540657,0.472776628286,0.0199511007965,4.63407741666,0.00877186059952,0.178399165459,2.54413603747,0.170477899387,0.0185194794834,3.42943438698,0.0108618140221,3.67706408024,0.0326475870609,1.3327101917,0.309581190888,0.543350709956,1.02635281503,1.61021114364,1.02398635199,0.596599768996,0.0304730026238,0.86172065258,1.96202923894,1.97659762919,0.607459410068,0.00858774837106,0.605949369222,2.29621635428,5.41030071735,0.0206569493562,4.67008300424,0.827360053658,1.69270831227,0.733007513806,6.21061223686,0.402464262964,0.127951237112,0.030682235267,0.183689175248,0.0910044193268,0.0358584478125,3.47131608009,0.0955262151361,0.469596392922,0.13693870917,0.109569952488,0.46329362927,0.476054423265,0.0360475379229,7.76604452133,0.589986751974,3.92170736909,2.97115461946,0.433033247031,2.25619435057,0.0812336865067,0.00190834745765,0.90866442157,0.503186279237,1.54910790622,1.0400742802,0.204153420702,0.026933529377,0.164367281608,1.39890031278,1.97506440893,0.53702205807,0.0518299096823,0.654671679419,1.52130057693,0.0,0.716360103637,2.83976526551,7.27758333344,0.0194630349055,0.426145086028,0.0194583905675,0.0,1.02679750562,0.173713175803,0.0661308690161,2.34066161454
96,4.32276260018,6.83722775221,0.533876969665,3.2086295414,1.15519747853,0.0578372156993,4.83026268959,0.767045865888,0.0024591792468,0.907779521346,0.489066687152,0.350402381476,0.30670320686,1.07024391264,1.19104813784,1.1825559473,4.06398679733,0.562956053806,6.13711737752,4.52166991234,1.1662662302,0.0654112586007,0.707632843852,0.0151367157698,0.0,0.617581661977,0.0432125810254,0.229404238686,0.120730246999,0.981536734551,3.17813863277,0.790525333881,6.35193853378,0.125022161948,0.733328645378,0.0451956544071,1.61886108935,3.78713563681,0.66898024559,0.064788511619,0.099745565448,0.493713532686,1.10652165934,5.49864021301,0.167937013581,3.48856925011,0.654379535913,0.514113728739,3.11897105992,0.241445241272,0.317388985753,1.0968684376,3.07944531918,0.84264904052,0.61719414264,0.644083944336,3.40777184486,1.03369296074,1.44340912521,3.26684578896,1.28773186743,0.269031769335,0.132459071092,1.53477259159,0.123680189773,2.88085707754,0.0280376237049,5.77374100037,3.95524731755,0.0980831636488,0.603274415694,2.81960363388,0.123546181731,0.898638759181,0.196326697683,0.250767108947,0.705526164398,1.87130126312,0.0449978224421,0.640016590748,0.0479573530704,0.327785300466,1.201933835,1.59632503688,8.54233606339,0.03846791544,2.48821259379,1.30207438871,0.122801007032,1.03055892587,0.296712427586,0.201372628724,2.24412364364,0.470193709433,0.125006180927,0.175660043806,0.607888894081,3.62327135563,0.164376675347,0.188267625868,0.299503229614,0.085474197939,1.89645850858,2.62839174747,1.64541722059,0.00186369642615,1.76536723852,2.02077979684,6.20038477898,1.47640084445,0.0159281687066,2.41384139776,0.74542203851,0.711415155753,0.994470685478,0.398712966442,0.028982595019,1.1714855665,7.06834958076,0.309708034247,0.760113629103,0.0991186117753,5.98304732323,4.35408061028,0.183631472811,0.387031309288,1.11879769862,0.109240059648,0.932281938391,0.284516300857,5.66373532638e-05,4.0421733427,1.18909206957,1.0115516147,0.367244177163,1.26215210557,0.325099456683,0.208783076312,1.01002473518,3.8244397258,3.64324253082,2.13633331612,0.0463228164613,0.657423110157,1.45183652092,2.84820383906,2.41430021763,0.107360995505,4.50402405024,2.80340938926,1.11260785431,0.207199173607,0.0174062947556,2.79700536788,0.145887678936,0.442261561044,0.734259205461,1.10246242404,0.0,0.00496019296348,0.435679846108,2.17433798343,0.0539382281899,0.737605298907,0.0326763261482,3.58331796646,2.76766361117,0.148009644598,0.379522169679,0.362393847033,0.486944231763,4.78770370007,1.61573042631,0.411785730794,5.96828585148,0.332194502037,0.0359985960275,0.848453568611,3.56659440994,5.02922765732,0.98721532613,0.229637755826,0.170719377585,1.25733559757,1.21446619987,0.387506222799,1.55508532286,1.15322217405,2.60134529471,2.47979418159,0.0552411995828,0.523516915143,1.28729701221,3.84674167633,1.14418085635,1.41992562741,0.816141724288,4.17671422362,0.350646836087,1.59373825304,0.106817172244,0.305655761249,0.0309406079352,1.90106179416,2.10928713083,0.409672331288,0.0298719486594,2.20523355544,1.3427624549,8.01715010643,0.189341924787,0.122337951809,0.438636095338,2.71416456468,2.21833382964,4.9739040947,0.434973517172,0.439375650524,0.285568958968,0.299162696078,0.102518297844,3.23171162128,1.01163439214,0.358706060201,0.046282190308,0.808452895582,1.26793803275,0.240721486956,1.1330427146,0.756855862141,0.0227058750391,4.34096731186,1.5219461742,2.26099816799,0.329135296829,0.239745277539,2.93329101563,0.416137984172,1.7444020997,2.41557773829,0.504203098759,0.0999795748619,0.365776482783,0.258055623178,0.0671050189808,0.562446655929,2.51270288944,0.525241809106,0.504859598684,0.715821776782,0.00430945068598,0.922188740969,0.973479521386,2.10253653407,0.00617082029581,1.2315753904,0.354953862131,4.51505396843,0.636060011573,0.00148420527577,0.664640225098,1.28963570744,0.857797041684,0.726552835926,3.68839341402,1.76511045426,0.0951172681898,5.78007375717,0.153366507739,2.38813866854,4.85098685741,2.99128770113,2.52707044363,0.120509760827,0.0773388204724,0.00732375236228,1.69935421407,0.157904427834,0.654023452401,1.0873793477,2.11448745519,0.439629571959,5.9488278085,2.24658302069,0.215916503295,3.95946282029,0.0680498578027,0.148380712382,4.46972609758,0.0179499816895,0.192085567787,0.200239499956,3.98401033074,0.865659236908,4.93930500925,1.9287012291,2.91184669375,0.955449096113,4.7787660408,7.55110257626,1.17842056781,0.643108501807,0.0477512305975,0.230865787044,0.0287895374838,3.01647961378,0.207729690149,4.087771945,0.293468764061,0.061956313476,4.50922222137,0.614759354927,5.47942445755,0.685092229098,0.578395639956,0.362433177456,0.353102608956,0.19839411783,3.01420654356,0.658923231661,2.73862905264,1.70762812853,0.585984644601,2.95476094246,0.958437744379,1.02902283473,3.12708165169,2.25545121193,1.61046244621,0.010094104521,1.15300158657,0.910811036453,0.674310411699,0.00381812748034,0.426385249794,0.956737569571,0.226484394521,1.09259109557,1.72177113369,0.173348820619,3.83928538322,3.78305226922,0.249321899563,0.488059379412,0.00258962783962,4.03182559013,0.226100156754,1.07049682155,1.23232486084,4.32767439365,5.68674151421,0.797723643743,0.732105422094,0.656387991905,0.370450958218,0.0641843828224,0.180971168876,0.414683922958,0.141918683127,0.331687477343,0.525668430328,0.311521363519,0.493100215746,0.318122477079,0.850891656429,0.144415892027,0.112301301258,0.216017960152,2.12046264172,0.289100748301,0.57016233325,1.18575098976,0.513498828709,0.161946223108,0.0752223101258,0.184043880217,0.297693592329,1.34448693886,0.121593954837,0.546787135527,0.196505498481,0.473982718512,0.538763448671,1.69104504675,0.681388073713,0.358332084045,0.872836490497,1.29281048037,0.900645964742,0.378335453421,1.03189801931,0.99520368794,1.30953657299,0.516719884258,0.151171074063,0.253422119077,0.32201739803,1.16657110423,0.539380899891,1.42854510188,0.285529958149,0.336456708759,0.297549862769,0.086128347069,0.0443284457177,0.782660572305,0.381969437748,0.535430843141,1.10735337235,0.709990040064,0.396214303933,0.488590472341,0.171737854071,1.64755307019,0.013814008534,0.139571382776,0.181781654283,0.55246561572,2.19591555059,2.21561766773,1.13975201465,0.34624408666,1.82952157781,0.745837106258,0.198978631394,1.51505597636,0.0221373893321,2.08714923415,1.21598316252,0.095904122293,1.29652471572,0.487103856802,0.324170595668,0.643940942958,0.151182267964,0.759652610719,0.897022311909,0.427513438324,0.578711959235,0.692669062093,0.215875767721,0.0868644998968,0.120157549335,0.245526742181,0.36321543172,0.142856698781,0.413184167221,0.0818604715122,0.231683987975,1.0230998911,0.963414907008,0.246884341538,0.1856648299,0.710387894213,0.240604927214,0.517341734171,0.0694203566015,2.20626447797,0.281335640848,0.969423900694,0.998785814941,0.123884974271,0.580565725267,0.746637993082,0.446708530933,0.325920581594,1.0864109437,1.98196815006,0.752584758475,0.0774547186494,0.269295150675,0.320245954953,0.0660878790542,2.05491501391,7.82424821258,0.154680232555,0.245492082499,1.91080709822,0.145322619975,0.278852413818,1.20914299361,0.748898153575,0.9445787476,0.430951228291,0.181547353789,0.312389861271,0.437643210888,0.0494777363539,0.566568362806,0.0312607336044,0.572746602842,1.57944535941,0.108217043057,2.45413677938,0.479310262799,0.35722244136,0.541453387886,0.679112301953,0.243268498322,0.43440842025,0.224566549682,0.0546475036442,0.59329081282,0.903191030808,1.24443140715,0.0489427214861,0.973845158219,2.52067528842,0.596859447882,0.0054683752358,0.313732319721,0.952222683281,0.414149545125,0.676900268719,0.237046570648,0.112001552731,0.178013201128,0.401025607958,0.620955389738,0.685577037446,0.501936765164,0.250566560174,0.331115876837,1.15057357389,0.154254804291,1.18362516344,0.657613381296,1.4348982634,0.204685812518,1.1237402977,1.40879700422,1.09522617921,0.0969019373879,0.542122601308,0.0759535565996,0.760598963574,0.24194041118,1.88631129598,0.267524500415,0.117660113261,0.146818830669,0.387059744671,1.70795021076,0.612783967108,0.500213468149,0.7152832295,5.7909989493,0.240010007881,0.920106453486,0.249336750396,2.57797170572,0.126318816207,0.597220093962,0.677761773262,0.0222795483377,0.16042015804,1.20363328658,0.204373961538,0.849974358976,0.404890331626,0.770661133081,0.0017631188035,0.647514122985,0.639517761767,0.64251595024,3.63703481875,0.21573396489,0.269197658747,0.0589196568821,0.241632768437,0.0340179763734,0.367379501164,0.0216994022205,0.306214897446,0.144978368282,1.25342338048,0.777740797549,0.468045827895,0.846690343618,0.150213783383,1.01457594406,0.0755364341661,0.131653686091,0.197611891776,0.322187337056,0.343530733436,1.93606098294,0.785224085683,0.138766748309,0.174519788385,0.659749092162,0.194685156792,0.749391521644,0.130217886344,1.40357037269,1.15820401847,0.162907785475,0.590701435506,0.15925927043,0.577150230519,0.967397449873,0.855841036197,2.94812396705,1.35909212109,2.29742000181,1.21498492733,0.0264366185886,1.51670897335,0.505382448174,0.420410271659,0.0126177440025,0.424044655785,0.807490463555,0.304531752467,0.776001975834,0.0585119858012,0.0815950500965,0.0164995402098,0.417770588174,0.0436528224684,0.148394385502,0.439135835804,0.359888009783,1.8850722064,0.69515694771,0.347201313293,0.116281781346,0.706470558667,0.232107788977,0.239956736192,0.582965518162,0.192655954305,0.437174623087,0.545107403025,0.302779940432,0.374524251819,0.185962312855,0.294143287083,0.407694869041,2.22823938616,0.316492802259,1.18652577579,0.0380458898097,0.462709101122,0.966593380421,0.0971350451559,1.60530094981,0.599461219646,0.514582025073,0.425400251858,0.376534168869,0.00923531830311,0.0,0.00263213589787,0.229610951841,1.29028104424,0.823788261637,0.129534339271,0.118900651298,0.0967855449766,0.08023670258,1.16697027575,0.752590077128,0.207728091106,0.682899461228,1.8867130981,0.769914723225,0.587301205695,0.700287772639,1.63172403157,0.835322655812,0.685992310764,0.612641298324,1.24883642837,1.34042284444,3.19982153952,0.0541870485805,0.555831105411,0.60427621468,0.920764487535,0.0789155375957,0.184596223086,0.0766014090739,1.91918989237,3.99598006964,2.07153357506,3.77177623272,0.501590615101,0.343018164039,0.765138972849,0.500560742645,0.0,0.789956883639,0.440260290653,0.0971653157286,0.0222830043361,1.7998433468,4.6956076479,0.110852365065,0.347365925163,0.928674829602,0.159651925564,0.0690863724193,0.38010521479,0.458099433556,0.0116092122509,0.4092304289,0.442403894626,0.290468590222,0.353361439961,1.77630540907,0.0710803808272,1.01100104541,1.78724485636,0.828044451661,1.47737727642,2.66929218978,0.385870019346,0.583678423063,1.58598834373,2.60275431573,0.324414888015,0.123920442122,0.0604940082692,0.438413923383,3.1537524724,0.872482644022,0.15197715912,3.44256687343,1.68910358429,1.01448775679,1.24347546011,0.299919780549,0.681426527761,0.137977621946,0.51890050919,0.176765488088,0.488405451626,4.13991748333,0.441869863644,0.557988645025,0.839657015204,1.24311191157,0.474444753975,0.0601833457826,0.655522798849,1.52312282085,1.66847657632,0.708545754403,0.762492444012,1.50911896303,2.51411509722,0.553576247995,0.741815483533,0.184495384544,0.243383999504,0.569026166052,0.166239314601,0.406043339809,0.162574081067,0.237503026929,3.5160535413,0.102573924065,2.96788257569,1.21933894336,0.152692530304,0.341388721764,0.206483171945,0.726930731917,0.0380188089982,0.47594332099,0.628327439129,0.29159073238,0.0408895967901,0.089183036536,0.24988129992,1.49535542307,1.00243706703,2.98669164389,0.124415526874,3.29441911787,0.0102143490314,0.171961648762,0.365566542186,0.181659686514,0.712214830164,0.364321049077,0.364097053297,0.726641340107,0.309235619996,0.405000824183,0.121362616494,0.297632616386,4.15671698451,1.5889894953,2.03111581326,0.462617834508,0.743510169089,0.167791589126,0.178313752897,0.230199982971,0.719311348014,0.750044161677,0.0390015057102,0.150707011819,0.678527598083,0.390703735873,0.350841035338,0.541652792543,0.325287441388,1.36360986948,0.391755958851,0.419500952736,0.0442301034927,0.273537569344,0.448217243031,0.112846981562,0.344138498651,0.0960518537159,0.447294890825,1.31347541392,0.827015304118,0.178629933004,2.66219725043,0.548415623605,0.100551442849,1.13155047774,1.21519308871,2.36140868038,0.0754593175463,1.62530835867,0.0704576640623,0.745335992817,0.499443842992,1.02876350611,0.628000282645,1.42938132433,0.171875456364,0.0190131543949,0.750003644992,1.79013212632,1.0117535084,0.145962002855,2.31166944027,0.350653915373,5.64261021137,0.316126832068,0.626723392904,0.517955727316,0.945563757271,0.54437893752,0.705760831609,0.0714086207037,4.05732197046,0.978708363799,1.22122359544,1.33487111956,0.00825559564692,0.263361002505,0.0917020905763,0.359431313574,0.199091039959,1.270900141,0.289927745312,3.09093701243,0.540781580433,0.312374493927,0.164270123467,0.565057805292,0.72208050979,0.390404859632,4.082493941,0.669511579052,0.105023796223,0.74388030462,0.417398148999,0.264025638942,0.588778301543,0.324844416562,0.474597129859,0.130853224056,1.42453996435,0.109228463881,1.50958015651,0.0524757516943,0.0141293540969,0.455467874482,0.16108150512,3.07994164139,0.063270181641,2.55755047798,0.949006317556,1.26064462423,0.108183207363,0.721390236616,3.51696375906,2.03844279587,0.314924116582,0.502380587757,0.186631301735,0.0651599216461,5.64867173179,0.622973524183,0.52647651769,0.0237752366066,3.76679919872,0.466220095605,0.711651218385,0.148423033878,0.291267254129,0.121780754365,0.0757256698608,0.323104448915,0.91199474588,0.0128379426897,0.136434806231,3.22737769589,0.0619201433286,1.58120688736,0.00117396682501,0.259589165449,1.50235924631,0.170772124492,0.0711972008646,0.489939184934,0.0016167716682,1.02121039543,0.189902124926,0.000524080619216,5.11654335827,0.5798179546,0.263112773895,3.2456181033,0.110101556778,0.00664806976914,4.32375990648,0.0295382359624,0.284546449706,4.73322398663,0.00682402808219,0.0910416722484,0.326846214756,0.458290773351,0.279382771924,0.0,0.896665067524,0.0686682605743,0.0296060696244,0.291882514581,1.40874842167,0.0962336879969,0.942471287251,0.172568827037,2.60520707428,0.617255079746,0.157419344634,1.10438079238,0.413144384474,0.627474460602,1.66241197079,1.00116753653,0.737509997599,0.115333512127,1.87562395215,0.499027057737,2.01919348687,0.408446242213,0.924753085338,0.711877286024,2.75363042787,1.79095976871,0.191745011508,1.32599759042,0.0684386528283,0.0367464791331,0.687231593523,4.44474268377,0.262626153231,0.518201211616,0.137657764107,0.92173761338,0.0635425165296,0.0383811605722,3.06979653716,0.386262709871,2.02623780243,0.455101346374,0.203274894059,1.57182880193,0.0065158623457,0.411807522643,6.28792038441,0.00925517350435,0.346218746603,1.97242297798,0.180799311958,1.4479888767,0.0632867050171,0.238554857895,0.929310570285,1.5942806983,0.0,0.274382805638,0.190164661556,0.068642411232,0.257137126476,1.04025653288,0.12125150732,0.0138000050932,0.0,0.974513200308,1.43224166095,0.0040528216958,0.293063302785,2.22768700689,2.2940012759,1.22041608572,0.998656056672,0.338893051594,0.117390803099,0.0212322060764,0.0817754097283,0.206789154708,1.01829893231
97,1.55060218155,3.89804885387,1.26759197637,3.4119821614,0.393042358439,0.518402367681,3.02971959949,0.0785891115107,0.0385422685742,1.07481806487,0.487235725969,1.26550617665,1.19450196773,1.87290079698,0.425030696988,1.06838581707,3.45446421444,0.635525267571,2.21234676242,2.30761117935,1.39384357333,0.0840208234638,0.488665926829,0.0889158421382,0.00106001757085,0.236122668386,0.0637080099795,0.743111610487,0.946707967222,1.06170854121,2.11484017983,3.28556214571,3.99012537956,0.0554899884388,0.241643548962,0.329118226394,1.02803207874,1.45225651622,0.00438476143871,0.158880481049,0.661603779867,0.127070893422,0.178316368312,3.05650583744,0.0725014665723,3.80972063541,0.492394590974,0.377206069678,1.33494882077,0.166956931204,0.362872304008,1.09981662959,2.03969636619,0.577350824922,0.331808397984,0.262739347871,1.40434051603,1.16623613507,0.633736338019,1.79425872833,0.449830441796,0.673408699017,0.119658981562,0.359443539083,1.96227795064,4.21427709579,0.451166316387,7.16809761047,2.05701733589,0.0,0.8476366584,1.92837685466,0.0166262309253,0.691474301293,0.146806645282,1.61482033312,1.25401004031,1.52305395186,0.460455006249,0.715049759746,0.10215377152,0.0736421289481,1.30833227128,2.14292060018,6.78294085026,0.186947531104,2.41273655415,1.18114810802,0.409673720896,1.70226178765,0.247952498198,0.139647701718,1.505696628,0.31703848809,0.776075305417,0.435100490414,2.91808588386,1.07833241105,0.0834024950117,0.300743870884,1.04488027513,1.18075553894,1.55271856949,4.92583039999,0.74583629787,0.228082064688,0.727230331823,0.715901700482,2.70851873308,0.577039268985,0.0626127088815,1.45916456103,1.16122137636,0.0176590292319,0.593986468296,0.287338546561,0.121237271801,0.658525535017,7.50251960278,0.126363451295,3.8664102149,0.205546857477,1.64351648569,3.6907356143,0.185582806915,0.349318232387,2.36238215595,0.0867934506014,0.124560596645,0.342909026705,0.0,2.37488136888,1.12258984327,0.26026459199,0.40768898502,0.49928330563,0.525439033806,0.508631416559,0.698385917842,1.6449578701,3.39015845299,2.33708730161,0.275400769264,0.731040716842,1.75178135193,4.09447185278,0.926054239124,0.720637745932,3.05806772947,2.17857113466,2.54062767297,0.836922280267,0.161623767242,0.907654620335,0.708555737436,0.799489104003,0.896578263566,0.888151380159,0.0240441342071,0.0693694230542,1.08990835577,1.70083736459,0.0892332066596,1.8465501672,0.606787724495,1.35117901959,1.31375442386,0.141847504079,0.998850669414,0.305031939298,0.669872371256,2.03835672397,0.511897999868,0.612752703624,2.46262021542,0.43868314608,0.186928873733,0.600388994664,2.14061648846,5.46343463898,0.506420495659,0.510750559792,0.0471940299124,4.7434589529,0.885287086666,0.13121393159,2.64759410024,1.32857243121,1.97885000587,4.32333418727,0.0,0.38086816892,1.28352347762,3.34882167101,1.89013564112,1.44054660141,0.610491709933,4.21999241352,1.55092655808,1.42390200406,0.00547474622726,0.0945465576649,0.00554208859801,1.1406594646,4.18529958487,0.267337704152,0.315895704837,2.34039208665,1.0724571684,6.72758194461,0.20213985689,0.0537031720579,1.78931223698,2.4707382226,1.08692737579,5.59500357151,0.479967575595,0.120946256667,0.155841026325,0.454560536481,0.0662508250936,4.10867092863,0.0621368092299,0.550244997516,0.0206391891837,0.541098884344,2.24454976082,0.298522990607,1.12524465715,0.714919837471,0.0271762189944,2.69521640897,1.00268119637,0.623340827877,0.46848258635,0.0741830213182,1.68563519071,2.49597302973,1.89815473467,1.93021004692,0.140839723274,0.462089393139,0.239672352225,0.47735977456,0.0359144480899,0.260439400803,3.27114497662,1.00080283787,0.712560900599,1.34279146433,0.0362052288465,0.143458983935,1.73999535084,1.04160684828,0.133345040753,1.42001663715,0.903307573199,4.5866471976,1.1088423124,0.0211590610445,0.305009315312,0.513360809982,0.154132394046,1.14582305327,1.94162914589,2.29768845405,0.333796111941,3.09655848265,0.16402998969,2.57299367428,3.03462585211,2.27255961895,2.28844247982,0.182807365451,0.239649610016,0.0114412033185,0.263751277234,0.471684276704,0.656370238364,0.677863529325,1.70784695923,2.86339463234,3.10092093408,2.38990408361,1.16391722202,6.10787109852,0.270867622346,0.160682085026,2.74265296675,1.37393671185,1.3441549325,0.53463005919,0.991294017956,0.654301885483,1.55608729325,0.719729254171,3.60601419449,1.53756902456,1.77023062393,2.88678000808,0.904915851057,0.993355847225,0.0243176077306,0.68861456126,0.019635695219,4.43390480042,0.201977776848,1.67831591193,0.211402617171,0.635817123353,1.44675320804,1.38236315727,5.64012436271,0.311234049983,0.137234369665,0.0457036331296,0.365468940306,0.120783958137,1.52068223685,0.306449254006,2.74405043125,1.23587946031,0.18458305724,1.38357426941,0.676426750422,2.4079491967,4.55037581921,4.85613405228,2.08816643193,0.00924994423985,2.09154909968,0.798634588532,0.179576315433,0.0353422249854,0.398187656738,0.478565513138,0.0383096015453,0.408716574758,1.7416294986,0.519365834147,0.641538767479,2.09710473299,0.079222644791,0.359657983929,0.074463869147,2.64866843402,1.79542063951,1.43929616779,2.42456374571,3.90039931059,4.39926609516,0.499492924511,0.460854513273,0.171785381995,0.68178069707,0.0752572536841,0.448274411261,0.209633470178,0.36823703751,0.595682410896,1.16597468257,0.338292428348,0.349308573902,0.496399046658,0.462838684171,0.0690431402856,0.158155213576,1.41601834223,3.03253324509,0.534286002079,0.452831411064,1.22224355876,0.640791252293,0.204422218502,0.16290976949,0.549518497288,0.427003634572,1.12314468414,0.267403013743,0.239022328133,0.760133508965,0.616276828647,0.84482972513,2.02370041102,1.30736181319,0.510781829357,0.895598829761,0.90542042464,0.563572348058,0.490252745412,0.612054082118,1.21238247951,1.43479211777,1.15342735201,0.15509754939,1.36735494983,0.740689853504,0.878292076094,0.752554195113,0.922818274498,0.0932738951221,0.112057232428,0.139706964567,0.226074859649,0.426973169819,1.47376946375,0.250381395519,0.711582120322,1.20845564356,2.05318377331,0.43971340986,1.59677937763,1.65629117489,1.32510256663,0.106159741087,0.174052408561,0.339990558662,0.195609182224,2.78036682774,2.38611058593,0.806306468435,0.112194984034,1.05039596313,0.110019514263,0.920677477494,2.36275873467,0.0181309098005,0.478307085037,1.12096574323,0.0128367605805,2.13538088247,0.393100041449,1.82392183572,0.783856817484,0.0360193520784,0.587263613604,1.49465964139,0.35822546687,0.542997198887,1.18846643083,0.290350609291,0.804333968647,0.211453451365,0.064668784216,0.114685595725,0.307657915205,0.125793485865,0.548929093033,0.152305655461,0.194883893514,0.770788130462,0.0393049795181,0.84029441677,1.19023375414,0.623885665238,0.424533056766,0.114319024011,2.64059770301,0.243620829824,1.18359415233,0.307633248568,0.256353771687,0.602626537271,0.722874252498,0.541984217633,0.018208059594,1.02441655664,3.557081974,0.23288279146,0.574736052565,0.320807183506,0.507864278331,0.100721750576,0.45467815727,3.11198657513,0.0835642580688,0.209609448388,0.559360215515,0.0109384435415,0.163618246056,0.813304716125,0.52677424714,1.18000983149,0.272497587544,0.8898539076,0.465447731651,0.341784137785,0.339334606035,0.805137209967,0.418750737179,0.275062802061,1.03437136009,0.073944497481,1.23076877497,1.04731603041,0.849016325511,0.574609734751,1.08490502626,0.269263326665,0.608945725001,0.00530676566064,0.512285489216,1.07979331668,1.06435391545,2.08937827989,0.47271119386,1.14668458514,2.77154064814,0.338019895274,0.0497697080858,0.930799179599,0.638663838045,0.226955470908,1.06614403799,0.219134648293,0.393633153625,1.00899445921,0.612845002338,1.43559758745,0.133031372614,0.959894881994,0.18251605846,0.86712606214,0.413378693163,0.100198145914,0.155317256078,0.837248623194,0.89451315606,0.476294833943,1.09917841345,0.0882769774273,0.607510520145,0.337932434555,0.87955782339,0.309817089438,0.430824615359,0.701115338616,1.08476791382,0.0949833949748,0.247998731181,0.478824550863,1.24142232221,1.19616797388,0.590379728638,0.367376714256,1.30520979613,2.61909476645,0.114250647891,0.982561148405,0.134904512726,0.199370132722,0.54266303801,0.512515237853,0.479984104931,0.426907586297,0.383909776211,1.64766326301,0.334806594737,0.424316234142,0.629288954199,0.384531526417,0.0856653799023,0.195510165561,1.33322657704,1.87939806841,1.2010928566,0.322358198799,0.215500076413,0.195329040587,1.37560971916,0.0162938533723,0.238711685464,0.156340288594,0.216388858035,0.277951445775,1.76913868397,0.300123747438,1.06677103534,1.21516878717,1.27333495131,0.492679450065,0.210434163362,0.25842010092,0.226496563926,0.091873409152,0.226329503749,3.20862936705,0.36146786321,0.319254249241,0.745615270734,1.07567700684,0.21013216512,0.630283031813,0.147549821492,0.980583403185,1.53194480462,0.192412965037,0.134176051938,0.0627707251906,0.448239086373,1.45509207193,0.235014994256,2.38130343229,0.9877531223,1.56296546474,0.822010372281,0.192620521709,2.39307390886,0.218853973914,0.419479241557,0.781535173957,0.257990932744,0.158600358292,0.858378290832,0.141566961169,0.163138773562,0.149333408326,0.102783243656,0.105192397982,0.00910306379199,0.132248070315,0.246468358319,1.92579552993,0.206618648022,1.48571215242,1.16717199475,0.611539691687,0.689630029276,0.154176615915,0.557531838589,0.207913926654,0.379071275517,0.256206909362,0.95385195747,0.737146212123,0.208732667863,0.13689955689,0.0621606658027,0.598667498827,3.20737957424,0.298224913403,0.651372253513,0.0042921680212,0.320869014338,0.602987374961,0.219355659969,1.14946702249,0.855256331414,0.271211886089,0.511811234481,0.226177420896,0.0518200790882,0.127670228798,0.0764269860089,0.213051200807,0.871126470864,1.68600409478,0.372667799853,0.911800771803,0.0362171210349,0.346471485794,0.865312644057,0.956600785149,0.160991380811,0.052800638359,1.3638451134,1.78882667482,0.35609307915,1.02119561993,2.85177596509,0.595339692477,0.0748844112776,1.02364658065,1.64407290749,0.451172075868,0.084867378315,0.281740772463,0.914172721505,0.690582207292,4.45532392979,0.134815048873,0.539346871669,0.0834886153252,1.96031021673,0.661493977532,1.63797510237,0.741329671778,0.358283361362,0.210279425709,0.0607087331824,0.742528891638,0.0,0.233779483438,0.467286209539,0.0494104678556,0.115677728578,0.448782138733,1.18945211522,0.123589511961,0.109303186079,0.206353434715,0.326623904407,0.381142509021,0.108625061009,0.463598978538,0.417441316396,0.217795595676,1.94850446416,0.433012170196,0.228454415537,2.93666104391,2.00543664113,0.888056524508,0.825515786037,1.41740974221,1.02731824294,2.02153112317,0.834228257388,1.1049624078,3.93711351812,0.792249266971,0.0552152082324,0.0463154698163,0.195391545277,0.812956781946,4.16095079526,0.787811088283,0.866795997918,0.858150992547,1.45125748977,0.79164411284,2.92966484129,0.00845245927572,1.17637004495,0.692293283753,2.35155251414,0.0851769886911,0.426221279595,1.17578648113,1.37520370681,0.11260076195,0.584253339395,1.04714814812,0.0793659782805,0.0919861676835,1.82656115025,0.621457691416,0.731562238485,0.236503909491,0.201157202008,0.175927827768,3.92501808763,0.910694759488,0.0647160898149,0.0412151158974,0.0320349591412,0.106167570255,0.381811298206,0.258665668853,0.365277170204,0.14942285046,1.81312368423,0.361804306097,0.737043697089,1.42957254004,0.0,0.0587683306076,0.119566478319,0.90421909038,0.120600806475,0.335926878415,1.95976047456,2.32031510264,0.421370880008,0.377623273358,0.124239029437,0.823193985447,4.19209980458,0.29019270435,0.159246757403,1.40200936938,0.192197704501,0.107718091235,0.945474454761,0.48398613885,0.0606133880233,0.0629595581815,1.09530067563,1.09758635819,1.2845771502,0.418609237792,0.26136629086,1.13216272801,0.525789128169,0.153136222068,0.49701885147,1.35601605378,0.159605464227,0.365568969585,0.340895339251,0.0830352270603,1.08352151504,0.221655575684,0.0929517410696,0.386551122293,0.238053871319,1.33514925994,0.764183323793,0.201806902587,0.797117923945,0.613889178149,0.684871624115,0.149787495956,0.107355865538,0.0549210502859,0.973169478625,1.12765937462,0.450900982898,0.09752034551,0.429578949753,0.396913912203,1.46123758554,0.0125754043832,1.04020356594,0.0118000296876,0.0556008148193,0.995606076382,1.02006907009,5.08657079816,1.93848657376,0.831209584177,0.15362457688,0.400005708523,0.733566235835,0.396871578246,1.22749031086,0.323236885436,0.395512470379,0.0214546314627,0.313736791946,1.27805357888,0.608298566586,0.17308013089,0.601973809628,0.104252106478,0.604172786213,0.522763845809,0.0321081598848,0.391322674425,1.277023983,3.51608514193,1.718066862,1.27377036329,0.174573980998,0.144105905872,3.11986564279,0.268771739248,0.0476863384247,0.128031434696,0.373847360127,0.533235203344,0.414589084825,0.213546248674,0.023163540964,0.869040249847,0.0915334616229,1.85812161937,0.0324925027462,0.0578059755266,0.190978960693,1.40880395092,2.6662984461,1.84778351605,0.105000688434,0.132751667928,0.174673154205,2.99333031595,0.178530011568,0.0337756059691,0.080292041488,0.168059634138,0.882727585658,0.784863734543,3.14488040805,0.50827750355,0.359519649819,0.736016600579,0.140224071108,3.19841277257,0.161897442658,1.4496674794,2.69817426808,3.23713348411,0.0769065372832,0.801538187899,3.31177717986,4.23768258758,0.00110673904419,0.376070092916,1.4900696519,0.361411713511,3.20775710213,0.137405424118,0.108616749793,0.78102328226,1.59148246348,0.0618462216854,0.74278044641,0.0,1.51973274067,0.498663510457,0.242976587415,0.250784481019,0.0996854665875,0.249732102156,0.0869955636561,2.47913698729,0.428068113774,0.387095737318,0.0,0.00727939493954,2.00335580528,2.07477980573,0.684722364061,0.269627648145,0.0,0.314330476373,0.15595290333,0.00722834259272,2.58371595442,0.508196356893,0.390274751112,4.32452919722,0.000866718292236,0.0640593194589,2.06429033548,0.00714149177074,0.0829367911268,3.998630476,0.149930333067,0.593914600443,0.272291727811,0.0684435564443,1.0029412397,0.066479421258,0.960524431467,0.0,0.0914629163034,0.331728053987,0.367848048508,0.0500625300407,4.09211144274,0.225140736345,3.33814257815,0.12128008917,0.293668633848,0.809807268754,0.413687735207,2.07751117855,4.22667475224,0.0108603432961,0.396642127112,0.0,0.947985257953,1.28943451144,5.11359071374,0.42717165783,1.38905370131,0.502225356996,0.430178887844,7.08617039084,0.157097061165,0.594035074301,0.65919484213,0.204473282031,0.236758721173,1.93502526492,0.230570481122,0.0400261697359,0.213976678103,0.814534172416,0.0745419424772,0.761585566103,1.37339661419,0.0144547595084,1.19685779452,0.00138618931174,0.100013085008,0.353814774621,0.484437758923,0.487565206587,2.96424869567,0.0898128795624,0.13906757839,0.409732149839,0.499914588705,0.370746557117,0.0,0.00671085774899,1.47274624072,0.934698614478,0.324106873572,2.84690582506,0.335792659223,0.0916343954206,1.56275757968,0.79310858734,0.484570399299,0.101694716029,0.0706463047303,0.304532637633,0.0244681223854,0.0745969569683,0.260748472214,1.00296666205,0.410099576712,0.253894147575,1.73934406617,2.07039438747,0.0766965779662,0.544652211629,0.155296117663,0.0,0.384371946305
98,0.393297910988,1.87147294462,1.56240655333,2.55617922544,0.460979304314,0.611752083674,1.14496261917,0.408778516501,0.15108448416,0.565238270685,0.497192858756,0.69979188785,1.98987898827,3.50920073509,0.53530513674,0.702855940163,3.83419491291,0.466756070014,2.57720004797,1.63331926985,1.13744346827,0.218938062042,0.585166026801,0.612246063799,0.00090311050415,0.554667692035,0.108646508045,1.06470344543,1.07561714038,1.55029118001,2.55288220882,3.08894853994,2.94197715238,0.0798533042893,0.408563319445,0.272134551322,0.881046588272,2.29200748533,0.0653578292578,0.255881003886,1.07155831423,0.190280235708,0.133227909561,3.73317186236,0.225496777892,2.87351229429,0.242616503388,1.16845834892,1.08850522354,0.868862112947,0.881858366877,1.25059527636,1.95698532581,0.768111132979,1.33112070925,0.233317658603,2.41655100733,1.46182968108,0.769461652711,2.05816996932,1.2772421968,0.506039280891,0.443189565912,0.573343211561,3.72375806969,6.27402719975,0.642181854546,4.56996058226,2.8001966989,0.00963352441788,0.403071487658,2.06663986921,0.022377694454,0.718607719094,0.164957402591,2.56627919234,1.59066646308,2.6879245761,0.568099526614,0.392662104964,0.141414244398,0.0722869550064,0.988551184293,1.06507080972,3.92479285121,0.654974670708,4.00013654232,0.810366611481,0.243516655117,0.799228539169,0.424286822453,0.268936991468,1.31519153528,0.205787397549,1.72160403899,0.59107777867,3.11643850327,0.920323594734,0.0854404503107,0.323159349933,1.6939026463,0.521797331879,3.29551453829,5.02688517869,0.971204004288,0.254504274726,1.43373378366,0.743454741612,1.94364263147,0.957606799789,0.294596123174,1.26813504487,1.63296483397,0.0360079076141,0.772514277995,0.157522147745,0.333074619807,0.239406736232,4.56666274309,0.118885430791,3.40931352735,0.333187271692,1.6442600897,2.67607520878,0.863606082671,0.617279811874,3.55392953873,0.288305875212,0.0905663354602,0.469779314995,0.00642561137676,3.39347491503,0.918050196618,0.198603213876,0.773258702224,0.62173889555,0.771264631338,0.46136332131,0.399953908622,0.502033632398,2.92721081018,3.01141778946,0.411953900531,0.696494056582,1.55505054057,2.84593478918,0.812241598917,0.964498146474,3.07550240338,1.93974493403,2.74371171832,0.66189246662,0.251688857898,0.643431365266,1.38242496278,1.26579475939,1.75373677835,0.857232408524,0.0404315665364,0.0616923778877,1.19066484869,3.06852996774,0.111882511624,3.14076176167,0.446070993692,1.5076616133,1.58014843822,0.19339737054,1.39560422421,1.24629966408,0.519366618283,1.3936263153,1.04764089286,0.753829516619,3.12015165091,0.414014536589,0.0837344964501,0.385725277737,0.757375435624,3.74963975906,0.505888790805,0.192363501489,0.126998481061,5.1090952301,1.51689247072,0.18484845072,1.46151447117,1.36438106956,1.98285505295,5.30788640141,0.0692475920916,1.16441338234,1.01363773635,2.36492302649,0.148357100636,1.39563832212,0.710597659647,1.85574902683,0.971429386925,2.87482288837,0.00416919320822,0.0645228596032,0.00533719137311,0.752039861158,5.44570538521,0.791657560468,0.263632504493,1.37168675423,0.72213839829,7.43124540329,0.277544092312,0.03524336854,3.40770552337,1.82565631717,0.636284143031,4.08592231274,0.319277409464,0.635469141528,0.0986551283579,0.420851656869,0.128868848942,5.71262281418,0.112938361131,1.12089618832,0.103451597691,0.344587620534,1.88706676781,0.354393069446,0.925986979529,0.364780562818,0.1324458481,3.69999682903,1.49904292308,0.820778552741,1.33863278419,0.353773915991,2.46453595161,3.82505121738,1.11903904811,2.40522173584,0.353431247212,1.00045914516,0.97178483054,0.886127677709,0.0561797245219,1.13404915876,1.80224746883,0.920939310119,1.16894301143,2.04406180054,0.0484345185757,0.279498394653,2.0314798975,0.768960818052,0.0688586725295,0.424866101015,1.40037097231,3.2073718223,0.303739160895,0.158385042379,0.200378618464,1.25927676588,0.310912581384,1.36903539427,2.08716501057,2.3758938539,0.668655960467,1.29730532579,0.638170477748,2.04935120434,3.84684920102,3.02280292451,1.65920888662,0.65097690925,0.0710263543285,0.101130705968,0.932088465691,0.061631193161,0.759478690531,1.10761987567,2.11832559334,2.51397785962,2.7321370554,2.02220720559,2.73000405893,5.53228988171,0.184075054973,0.0888020640612,2.22314281255,0.971003677249,0.88390753299,0.549090029001,0.999611029942,0.367103837058,0.928906737268,0.322696311017,4.98792684078,1.2641543828,0.842739929929,1.50003177762,0.553685231581,0.48335003172,0.104904829022,1.23125450473,0.0612739694491,5.61893200874,0.489407616556,2.42564497292,0.0825175146013,0.403980642594,1.57316331863,2.09855779052,4.47527525187,1.11635654747,0.180024210159,0.0403039774252,0.496578642866,0.214620085768,1.85985775019,0.545101635754,4.5874861455,1.55064185306,0.817974535823,1.27566879511,1.36911406323,2.92395525873,2.34814339638,3.00705257833,2.1918877393,0.0283222785592,1.57414887145,0.791706661582,0.105160118034,0.0883773726225,0.239193305988,0.665229491591,0.0387609060481,0.631579445302,2.18481803238,0.277427156121,0.770709050447,1.30625219584,0.346936069196,0.671826761663,0.0439639481157,0.970097883344,1.51191313416,1.25453745484,2.28674364954,2.62901866913,1.53741994053,0.721952607781,0.56738380786,0.778148762546,1.29126907135,0.123547895048,0.494136217833,0.37745554897,0.355849004257,0.591884233132,0.713115901202,0.588909232616,0.272370882183,1.39920569152,0.724755763514,0.0525988236815,0.161854729131,1.22602808382,2.86817153711,0.668778051585,0.648537697624,1.84607961148,0.536846448546,0.193731012587,0.31010233324,0.969231780944,0.29198571831,0.844656134993,0.427542967293,0.443172976784,0.731112620533,0.336885692365,0.92158196941,1.4249196068,2.21100438669,0.819399290234,0.746435002051,1.42270120874,0.521506266529,0.806239561588,1.64622180879,1.83498108827,1.45950673804,1.17514471749,0.100154930907,3.62858382165,0.505865741074,3.0032719776,0.629915087731,1.69257517401,0.175507168546,0.301288446337,0.762910436504,0.436279063188,0.260257245824,1.65183618635,0.313619645275,1.04893914521,0.732662767153,2.71313573599,0.517623841912,0.979127360769,1.49761750143,1.25760455608,0.196319989562,0.0615810226277,0.344695376158,0.433557714662,3.20435229152,3.86419117212,0.66340576835,0.234049793296,1.28670042425,0.401676610373,0.904534310699,1.78679033518,0.0,1.45709746242,2.1430204159,0.110822606534,1.08206087396,0.471489596367,1.47350564188,1.56253578782,0.08630510021,0.706046330389,1.23280620476,0.52619197974,0.907844025791,1.88481309514,0.338515934907,0.132560418104,0.581035878062,0.247930822186,1.23015195098,0.677675182372,1.12243475549,1.02704818964,0.156881285459,0.524572595432,0.305026405789,0.0762745136023,0.78157418713,1.4286429584,0.997999589792,0.806566299796,0.527300737947,1.82678337127,0.508629464954,1.04926779956,0.712683181204,0.940361030847,0.644885270149,0.535219620317,0.926119718552,0.190046006553,0.368196671605,2.58162197381,0.342637700075,0.690346622765,0.344974547811,1.04358478095,0.171185329258,2.00307097532,4.59104733467,0.240017902553,0.23367407131,1.99599459694,0.0121186029911,0.0960130668432,1.72694339037,1.21998117447,1.89697123393,0.466623067297,1.62395594098,0.661958290935,0.810959588215,0.198934527934,0.517428301666,0.192069495395,0.0651788099483,2.68973154098,0.0630897283927,2.09725036236,0.675949762762,1.18330915266,1.67474122971,0.867310451791,0.636770755947,0.672081997097,0.163808079585,0.493148673736,0.778965965547,1.94345593625,2.71316937774,0.857707183417,1.35218270987,2.09404466897,0.650769298077,0.340369114876,0.271983656995,2.78331050202,0.0592121531814,1.2032452365,0.321078550071,1.09447739668,0.876476380713,1.27837901093,1.00016401634,0.608720102943,0.819519323111,0.307678044364,0.32908951823,0.130892519299,0.198121996243,0.342657099306,1.70631786145,1.42637684032,0.25276895582,1.4729127562,0.149670961536,0.801138974708,0.162539343182,0.940759992562,0.236608623713,1.12413820475,0.401485709613,1.72317059219,0.811290810257,0.400003524832,0.471808717251,0.480980637521,2.34357849,1.08091520774,0.944202926345,1.64525767058,2.53129718453,1.21603476816,1.15519477015,0.196965841502,0.222068978399,0.448508003019,1.0315731952,0.437250032793,0.384103915393,0.466987450682,1.31756703503,0.148013641704,0.440758415419,0.499968460966,0.328047389649,0.0524305659533,1.09605127215,1.46837344433,3.05297472686,2.34272629593,0.469999565466,0.703162885383,0.14677364707,0.972854389548,0.19478332229,0.171387552917,0.258121766429,0.249267328754,0.918941582516,2.17209864162,0.461681938618,0.995407047309,1.24447405577,0.978208457194,1.10989247978,0.4738323972,0.196208716207,1.39354295,0.0224395453837,0.266818942651,2.88160980124,0.465767900571,0.191867646724,3.07064096555,0.92722282324,0.232676486522,0.618130009323,0.635582427979,1.28268065143,2.63513277929,0.0567359074205,0.399240523879,0.0748630911112,0.348603469757,1.41047293426,0.19015884595,2.75365392849,1.37368752077,2.02700418703,2.21112239569,0.30921481885,2.06745602697,0.687641131487,0.469910455626,1.43074888248,0.194509970509,1.4990711081,0.351741157742,0.212571695819,0.197650080845,0.64661680758,0.0573047639988,0.95428547129,0.0338331432291,0.931625374556,0.554327365682,1.02241194095,0.523910670727,2.01106196344,1.41628236458,0.464170705117,0.667166102901,0.150480076503,1.37442505538,0.16883713305,0.742292129025,0.224358530436,1.50435436554,1.20236178361,0.309007478841,0.0854143634066,0.110793516189,0.685842906386,3.17267947853,0.547631368283,0.417618227601,0.100194543861,0.294788946714,0.463890677206,0.0933533477038,1.12193351567,0.760416285992,0.610023171697,0.269045182951,0.327658324568,0.0396255560685,0.251565312818,0.0668143132329,0.157798291771,0.621245626211,2.09403404891,0.204605952092,0.755498901531,0.153749298118,0.206155456752,1.46587236777,1.0402810381,0.0572291199304,0.241848027781,2.73182202891,1.33138547778,1.13044932663,1.21830063649,2.59406339645,0.738148921728,1.46268355552,2.03293655425,1.40229484424,0.500955543388,0.959595871568,0.274600862414,0.327771857008,0.600164102614,4.088864187,0.199977660824,0.301812127233,0.260872446327,1.520063999,1.17242542893,1.54059827833,0.989680865407,0.208289974574,0.17211474888,0.248033181485,0.423579113428,0.00271665453911,0.459993458539,0.198131734282,0.495439066738,0.0618746316805,0.518601248857,2.02383611105,0.258426008131,0.168036500434,0.430644739419,0.67951795131,0.791226236972,0.441476676045,1.33074674924,0.189712366366,0.200386349035,0.616612049453,0.526252642609,0.41602120833,1.79049080919,1.62789018348,1.36840032078,0.894780015945,0.56151904773,1.21821455678,1.80679786116,0.640004402511,0.96460586831,2.0446511557,1.09501925392,0.5957991115,0.281152438298,0.414140108563,1.24175956324,2.19214592174,0.192501538321,0.735486559682,1.27840062026,1.47170015787,0.458113901317,4.05062340528,0.202805397771,0.354396751635,0.852490502885,2.18488912299,0.0663911020756,0.72202778291,0.901750570908,2.44970409006,0.188347058743,0.991970503628,2.31710144043,0.297506110594,0.125640572459,1.10587123001,0.844518258232,0.812677995693,0.181275184415,1.08308899706,0.311244731024,4.82471348375,2.53173839599,0.398791002706,0.208409942687,0.400544213727,0.307742914259,0.515845526699,0.436042390056,0.246070273751,0.147692448474,2.1935865343,0.271267435849,1.26542309806,0.681343394145,0.0301606547832,0.178330011442,0.438041057102,0.972912166864,0.161556457132,0.325565426275,0.992579840571,1.40583791513,0.300420099068,0.156242119372,0.800371022448,0.908675427884,3.12691572174,0.578661621064,0.459240532015,1.49923485845,0.639095660746,0.996594310775,0.705729734264,0.378684805669,0.633284019679,0.525098754205,0.872002303749,0.792712127417,0.720825481233,0.303767443988,0.361427624561,1.22300446643,0.677984383404,0.297557654381,0.347975752428,1.77989021361,0.105859015947,0.171903254921,0.208413814679,0.137771758605,0.346088786796,0.621777838618,0.0972417327855,0.638372450098,0.148264535032,1.45029911116,1.25428119242,0.261352317296,0.93698760815,1.04629738912,0.894902104028,0.426597092412,0.0806695375937,0.496412936691,0.978422469059,1.07619455033,1.11059534701,0.170799053479,1.54648298681,0.272523324415,0.741313841967,0.145653509963,0.84791278434,0.070456058915,0.081359459348,0.473957643211,0.342719676662,4.36464525335,1.01991442546,1.03606385835,0.10171631176,0.672149301469,0.10616427535,0.683120085634,1.46818073183,0.509585006088,1.37707395276,0.00892303407192,0.525770543072,1.40997203458,1.23017078719,0.0471182187274,0.470078129396,0.512427769862,2.20438683949,1.3002050741,0.0524440412968,0.5080312711,1.14117418375,1.46208483351,0.791640823605,0.315660636425,1.13908889809,0.893466192707,3.39045045525,0.51566407267,0.0671390660852,0.110417588726,0.603269803567,0.254026060533,0.527805636674,0.660026584938,0.0412519202381,0.731664629839,0.210232936665,0.731973177791,0.0313666948956,0.843832410574,0.355048169019,0.913794883192,1.36285046972,0.98628007045,0.252023986559,0.445324748084,0.518110663071,2.41502335779,0.360320669203,0.28299168516,0.524379976988,0.306384366727,1.28545414478,0.335106170438,2.27397397496,0.178897523656,0.285564327808,0.727042337917,0.118873768621,2.38574180376,0.539531123304,1.89414142922,2.01171001777,2.78622793718,0.47767854441,1.37934606239,1.82741970472,1.41020049915,0.210406999886,0.137182328403,0.288596111089,1.15145619184,0.783390843421,0.319614578262,0.179640876651,0.811077018902,1.97126483418,0.461724033877,0.364779063459,0.011110028252,2.5951174219,0.807431147713,0.149774547196,0.129171284146,0.155254348442,0.846926484331,0.156457543019,2.38422791258,0.470722988248,1.34669859543,0.00013609983027,0.0314090123773,0.878018593704,2.27055762775,1.95723722622,0.240863747969,0.0123134064674,0.347051214855,0.153888296112,0.0,4.24419194341,0.866861795671,1.34993258752,4.76869322807,0.0827108170092,0.17982688874,0.931311565414,0.104921246697,0.118787152581,5.27498796701,0.0610586889833,0.42501536075,0.547849970832,0.285441124067,0.795917431712,0.241534700096,1.62372628778,0.0486085924506,0.121413992122,0.30296321908,0.448545034081,0.017238573432,5.9455328995,0.133607410938,3.83078127503,0.188567410335,0.4615481814,0.137259417847,0.110658950415,1.14343327723,2.22992965369,0.130609583855,0.465462403921,0.00464915812016,0.442848182842,1.59697731763,1.65005401984,1.28272059783,0.267282346946,0.342502585314,0.442412057221,9.85435888767,0.0313692584634,2.77003321558,1.32783586368,0.443345309198,1.38236559022,1.01732340351,0.0305551801622,1.38798820883,0.64653270714,1.16466583148,0.0886200749874,1.00471232115,1.98406678693,0.113114495538,1.44668484926,0.142243931219,0.144520770609,0.715127389356,0.381211832613,0.303373960294,1.99092816025,0.486864731312,0.942938267393,0.353097299933,0.248625488654,0.991822588779,0.107977140844,0.136216696501,1.64181329072,0.0969997891784,1.42955302563,1.06716663659,0.0932669712603,0.874963350892,0.682538155317,0.838170718849,1.09418626636,0.13660300985,0.126607287377,0.442286126614,0.201933670044,0.0746078219265,0.730702531636,1.20440814247,1.87047481954,0.416239286624,0.509144339859,1.64532491028,0.0557252646238,2.12298751324,0.0883264357224,0.011150803268,0.335378883481
99,0.0600329805911,2.49643003106,0.649457746753,2.53882951021,1.06742570937,0.071946849525,4.06344833612,0.291072672233,0.0224903619289,1.69348858133,0.427603938361,1.28133485436,0.226742781997,4.24659628727,0.0655254495516,1.08017876353,5.16290290356,0.542199908495,0.895271801353,4.43286136627,0.172248134464,0.115078114755,0.83260876298,0.0477588902414,0.00119360744953,0.295424185786,0.0472343055904,0.13311609122,0.700453095287,2.01927270576,1.91780579835,0.998684550673,5.12821922302,0.0512206783891,0.236258439161,0.151330897287,0.820469567105,3.76938761711,0.0428924445808,0.162547707558,0.359401459396,0.0889865675569,0.645982153192,5.11657203436,0.0430914571136,4.44745830536,0.0537769325823,0.60884273842,0.626585651301,0.230121751688,0.258680710495,2.28474907637,3.11304628253,0.579500930309,0.164535765145,0.51399691578,0.429411651269,0.973602757491,0.482878640965,0.336664983742,1.37881552901,0.602070797384,0.135555109754,0.986724178046,0.280686752349,3.42242320299,0.470615865812,6.67374297142,2.12038271382,0.0116478067078,1.19101197153,3.21613672853,0.0745034560561,0.726307189167,0.123429040536,0.928977595121,1.51814382613,1.09673253059,0.3280162251,0.410495317802,0.495125268698,0.172674419731,2.62534698635,1.61600342274,7.05804894447,0.105731199291,1.85007231429,2.22588370144,0.357629663022,1.07771863008,0.81645038262,0.293697545677,0.966968984008,0.374626431493,0.580911944648,0.216438475661,1.36047535956,1.80925605133,0.265759616047,0.232841662946,0.30752709195,1.3264076478,1.93670840919,3.16380520761,3.25941156864,0.058133174181,0.502239964604,0.290748780929,6.95714432716,0.452835640311,0.326918093041,3.97148757458,0.390685719848,0.0322623154009,2.78688109636,0.650199139994,0.118282606378,1.29967249185,8.3819250679,0.155974534377,1.21039239049,0.177153864577,0.613897804618,1.56371660501,0.132542003542,0.322302966765,2.38256552577,0.079434260726,0.0355716344714,0.17798109293,0.0,1.49698853761,2.22520856187,0.22466805758,0.33101295758,0.715973546803,0.99040375188,0.298382977396,0.377616452165,0.104568787445,3.19252023697,0.799522741437,0.220280356128,0.333406044133,0.915246614143,5.43979081154,0.702501449864,0.265749784708,6.59547276974,1.04361425459,1.9078314054,1.22483085364,0.0649956387281,0.800999818034,0.315859711915,0.347965268493,1.77844304919,1.53212481111,0.113538285946,0.0504821021296,1.21896577932,1.636521191,0.190549788699,1.46100637913,0.0225330577814,2.21091087818,2.351631146,0.15112278834,1.73204559803,0.61608959863,0.870057835244,6.14687596798,1.54304843396,0.559749221783,2.19248516571,0.216236919612,0.0508373200893,0.572281105369,3.50617905617,4.4445426774,0.122990252376,0.314462925903,0.0625087511167,2.17977646798,2.68165498564,0.631088541895,1.98063073413,2.03185602711,0.621216838788,1.69820842326,0.0476671904698,0.809679792468,1.06184999026,3.00358375788,1.8214378652,0.209245387474,0.429855023697,4.06822918415,0.0761083553545,2.51357038379,0.10103412807,0.00230193197727,0.0,0.571301935092,5.31708090782,0.15302577205,0.121431162655,0.916170994397,0.659442406371,3.00113185413,0.0697118305229,0.131077958746,1.46041210711,1.718291246,0.37548139751,3.24059752762,1.52303238332,0.153605839685,0.0232451717556,0.136249497905,0.445617044978,3.87838954329,0.031537182834,0.802488735989,0.00499996077269,0.490612765453,2.28618330289,0.0937532144785,2.01935930312,0.290403506458,0.231304201409,3.07319804192,0.698823182136,2.02149018258,0.801923159957,0.0861711960519,0.68581620045,0.216102334745,0.81594782114,2.53369661734,0.053242322132,0.652211748064,0.128455102667,0.151577788461,0.276521371752,0.781709323563,5.36522639275,0.840612575151,0.466462421641,0.755790888779,0.259257194325,0.0263647675631,2.8575561142,0.97329652369,0.0488618474454,1.02481140316,0.223790215403,4.49450409412,1.44790622056,0.213437130568,1.40691647291,0.479789480865,0.58732853651,0.401695932634,2.81456413805,1.16530095056,0.102178825717,6.66358756065,0.0621114238631,1.5224810648,4.58240589619,1.87144166768,1.71024780929,0.0851395361358,0.273165240735,0.0158866841905,0.684689949155,1.12482869759,0.180486873165,1.98717983365,1.88040909648,1.22775177538,1.86928736582,2.37048702419,1.05827861428,5.66225443363,0.21762927203,0.0578015195765,2.9314571172,0.33060318917,0.430881030578,0.585690468848,0.694269666597,3.05376674511,0.298856435753,1.24079366684,2.14207148314,1.73746322393,0.107728137821,1.78694824561,0.149769484885,3.19101553828,0.105875111371,0.261803331971,0.0638040477037,4.27722919226,0.162412656322,2.03299373329,0.0858574069664,0.404838717878,1.5459477663,0.946913498044,5.47040522099,1.1340319615,0.807229254907,0.286115253866,0.288489190787,0.715371862054,4.53580795765,0.170348294936,2.25643254213,2.56470081314,0.376725060865,1.63854250431,0.355035992414,2.57329559803,6.01170512199,5.37274451971,3.58945755839,0.0942449574918,2.03261530757,0.595541685596,0.177587425187,0.00303443717305,0.512949804813,0.0829212772846,0.018039587196,0.359451370761,0.658879775479,0.255328029394,0.228380435929,4.59285747528,0.0893327222764,0.112809718624,0.0958096154407,4.05443535566,0.711324954033,0.487375217676,1.35068801574,3.00582239866,6.08682080269,1.38799893737,0.378984651417,0.0533924258989,0.0846300650388,0.0518717151089,0.821377330078,0.0274397730175,0.0740416640788,0.433219588995,0.775286794491,0.147276158333,0.0962798950076,0.14631179139,0.331085387385,0.260562009774,0.355985804684,0.174687563069,1.80448821645,0.635618544202,0.708611829281,3.3541960994,0.356465558782,0.485557302795,0.0429578237981,0.497947521359,0.479877009094,1.1092749089,0.2088167556,0.554393276274,0.232389758229,0.702582563162,0.940504840612,4.05186773777,0.313873771317,0.432248081565,0.516230467241,0.721639988646,1.76730854556,0.166238643602,0.860690093823,0.914196099942,3.12384473741,1.73732399933,0.420499883839,1.71977326423,1.56574905057,2.23902033824,0.59313793119,1.16801400192,0.523023633407,0.0980082943756,0.901409827918,0.0133711317182,0.295632693768,0.535514528304,0.282231646664,0.283405206841,0.271756760702,0.386271302998,0.183241939228,1.11846432932,0.275668920502,1.20322680691,0.159643502655,0.0147156495787,0.154788649604,0.280907530971,2.69627434373,3.84522967629,0.0206202303059,0.0195933280885,1.57789718673,0.457708419189,0.08556632041,1.81506923199,0.0109111869335,1.19972461566,1.79180710465,0.0125516896695,2.86128116,0.316065353435,0.801166984616,1.71240003205,0.194106023461,1.93598886773,2.71662278332,0.209372927304,0.894616930187,2.61231104851,0.148075345778,0.104068363607,0.0622957293154,0.458150329627,0.432233022824,0.074031335935,1.12930204421,0.124419029616,0.0524194197357,0.973244254896,1.47375272453,0.0253181558847,0.438756004423,0.220131305754,0.65273407843,0.216650627572,0.0905098181218,4.77187097073,0.466608219147,0.675070935786,0.565548348902,0.133959301412,0.31949513182,0.823363015652,0.0947398899868,0.602380862311,1.20367372103,2.10176016733,1.32343744695,0.116997796707,0.587695488147,0.269921762925,0.000462443679571,1.52470579069,5.10824210703,0.0188427422196,0.572055171877,4.21536443993,3.92143102363e-05,0.115932896659,1.16517622694,1.19808717757,0.288982883394,0.228183029452,0.519908157513,0.176767600477,0.958996545943,0.297678912096,0.618766142938,0.126791447498,0.0864748452976,4.33773491383,0.128472552942,4.56171570539,0.343948453492,0.179730751626,1.81651964068,1.10603658974,0.177239157436,0.3377542248,0.0474322616891,0.185773663886,0.196084567308,0.190065165088,1.81704048008,0.176137149669,0.527728557829,1.35906593282,1.41818365544,0.0693777170125,0.613827941418,1.58770820722,0.606946250126,0.912463021651,0.358481318578,0.184092867412,0.663014352284,0.232613608623,0.185039932318,0.163187470287,0.248033701591,0.0847721630707,0.683737368956,1.3935378778,0.1195010122,0.475231517181,0.262215838581,0.137652709782,1.14271261003,2.13666447699,0.862375653982,1.39973446608,0.430058080703,0.0379639109969,0.00132587648928,0.467505111247,0.183490190627,1.9410552527,0.0623325143009,0.305578806922,0.0921105425898,1.2518975856,2.8060061121,1.30054677457,0.763469496816,0.872259520106,0.392418226292,0.139478746206,0.431133610494,0.472101724371,1.03956028625,0.326742949635,0.216325614043,0.490922927875,0.550489195799,0.455267156959,0.549693878591,0.543151427824,0.0319830765855,0.584292427525,1.76475490063,0.035860133341,1.71562327912,0.203984199613,0.463870787658,1.98204568066,0.337350351214,0.495956543088,0.0566135115921,1.15476710886,0.00240411683917,0.163737067692,0.0283299708366,0.13955871664,0.21564940948,0.572180155201,0.759361070693,1.22270129528,1.86793491974,0.331230325401,1.73568199635,0.62071938863,0.137040929794,0.0197194501432,0.0150578368455,0.454527606145,0.902853134871,0.0962662966549,0.368791342601,0.204407397509,1.30080437362,0.0651878343523,0.679598224945,0.0262289058417,0.771180012077,0.479044418819,0.135516240001,0.417858291082,0.111054258719,0.985189463496,2.085354563,0.0503601442277,0.288920306922,0.641567296982,3.20739138126,2.64899563909,0.0340639969707,4.61996860981,0.863481136328,0.494793631136,0.142207520561,0.729137930125,0.200980752558,0.202648890242,0.760426859725,0.00173254950438,0.163963841274,0.0273696600646,0.0408487449959,0.235256819902,0.218209970463,0.224056788087,1.84253191163,1.13170184685,2.98858133964,0.683217207766,0.123445523605,0.562629718732,0.27519009769,0.150678919498,0.189799109893,0.188270529509,0.358193329424,0.841053608805,0.257233111188,0.209366679098,0.190992629328,0.00268852137029,0.730389100201,1.21833855242,0.213980673999,0.764792973846,0.0798287918523,0.444333613627,1.31098825097,0.0271331836283,0.293269733787,0.247080244273,0.357633931041,0.0102523725852,0.172112034299,0.125206276439,0.0,0.0469415444136,0.0110503402515,1.64256597728,2.79969421387,0.52345032841,0.244629338942,0.140436144266,0.0568670405447,0.735840927586,1.6714693737,2.15383857995,0.247249543387,1.56279043427,1.23383944672,0.428976466656,1.11719692528,1.93701955426,1.72121598118,0.157784644952,0.329290657504,1.16272773564,0.0773112336919,2.66761833698,0.165761617702,1.00568125649,0.0921817520261,2.23434223562,0.0272759748995,0.101350731328,0.116631102054,2.1107190986,3.06084348803,1.26746757925,2.75371062517,0.153092023656,0.0191518300585,0.207403688952,0.236699200049,0.000161379016936,0.66910032857,0.531815112967,0.292303755814,0.0316446512565,2.17071086513,2.96703301884,0.157969907187,0.657184105627,1.05088923527,0.126405905755,0.028756885305,0.198636961393,0.369338981239,0.0517308897618,0.334298553504,1.11822308607,0.64150115937,0.111073708613,3.26982542396,0.206743612438,0.116536608399,0.539702434014,1.09917327631,2.10226825356,2.31974835336,0.243992998265,0.918589279056,2.98731554687,1.76165233913,0.0884564952552,0.0431990003586,0.0234748739377,0.307228438027,4.89762893677,0.4111115814,0.24518543452,2.26118297994,2.42758590043,0.711583634401,1.61611647238,0.383921642005,0.571330348458,0.0837924037129,1.29810641143,0.0251128433738,0.644866902232,2.72440543175,0.493421467043,0.363585969731,1.40985744752,0.364243503383,0.123381661847,0.0525763962185,0.512666104212,1.65642218326,0.856914037317,0.478303312659,0.215287725441,0.17612054104,2.68659927607,0.347555704862,0.205930278413,0.0254951563478,0.0886899532378,0.407373590679,0.278083769158,0.089120041281,0.124947475742,0.216621119585,2.28370725244,0.0639578020573,0.957574924678,0.687982695028,0.0864498195052,0.418935071279,0.0184253213555,0.358439106718,0.0134101450909,0.254895495062,0.615822683787,0.450167538822,0.0841437899508,0.432973559424,0.00676463300944,1.20237144163,2.52060366362,2.10994686723,0.133431108147,3.34849492043,0.246012203023,0.193082202356,0.996010958813,0.249471372813,0.159867587946,0.101390059292,0.747532943385,0.597385611702,0.92986100547,0.562006236874,0.0379479125142,0.10126492735,2.32318725387,0.918885636255,0.604637437165,0.0563608617708,0.451290592924,0.175981007707,0.107497307402,0.318471522182,1.1436739707,0.294147336185,0.111389075359,0.35475579679,0.11911546912,0.100913056694,0.277548898384,0.278260422945,0.0921864949353,0.875345947752,0.461784536913,0.492899951339,0.0130730277672,0.121593018472,0.645456580676,0.878776609972,0.600052341903,0.0204984721914,0.301635025591,1.11646784401,0.626127551049,0.12089888063,2.47339985967,0.152291350216,0.0118883777969,0.945657035708,0.767714537233,3.96714741287,0.671891078353,1.48348141156,0.151022923099,1.92177305741,0.377540981267,0.789070925415,0.825828128438,0.937363127992,0.279074570854,0.0106370622572,0.302096614763,2.2793503803,0.631981570516,0.0325363780931,2.61139715672,0.0769302149117,5.24135944609,0.180513541377,0.0817811066099,0.633585638702,0.983827403242,1.77568306885,0.603862817734,0.286712166965,3.85999665603,0.643057371005,1.38700695887,0.974234057409,0.0194870530325,0.129130924642,0.0100449828152,0.124255582541,0.240311302654,1.1549775192,0.076124868542,3.26923573315,0.337355751204,1.07515025393,0.0719516814,0.0990273678862,0.119908909875,0.325970892161,3.36857362509,0.820724381474,0.122759646298,0.32564752968,0.325025315881,1.21736483003,0.432004856467,0.283139692023,0.136293404754,0.0697306294739,1.31831934318,0.308234515656,1.87770498514,0.201643918902,0.0600980131514,0.414145090282,0.292404346177,1.25067442397,0.111257171829,3.23644486845,1.39326215938,1.52664945871,0.00783253426198,0.375165328532,4.6302032423,2.20652390242,0.626866402626,0.890385119021,2.0701590395,0.225927350828,0.020788859129,0.065877763927,0.27381312713,0.442833950929,0.783542646691,0.00163932775147,0.638643358946,0.252544377148,0.87660370566,0.00159393683076,0.0165556889772,0.105211331397,1.07562075287,0.0790001757443,0.0661134313047,2.10371374259,0.0871924649738,0.927470009625,0.0,0.0511420739442,1.05304495045,1.56199509501,0.286618042365,0.0986337065324,0.0,0.224341043457,0.430474473722,0.226694916934,2.06170200534,0.0486137455702,0.406981536914,1.97066080183,0.0,0.0,0.349769266248,0.0,0.0800784806162,3.04206052251,0.116743932366,1.68973683178,0.550736617967,0.712670341209,0.601577658057,0.013843023777,1.42489652919,0.0,0.025184046533,1.17880586833,0.909925381653,0.0,3.8489266029,0.285411587507,5.4126345557,0.0111587919295,0.137070818208,0.773661702313,0.192765900209,0.0504417437315,4.47148522139,0.0651264505833,0.963957006149,0.00115542434156,0.0315048541874,0.225281746779,4.00565616727,0.228077673763,2.21716398686,0.157911853567,0.434240744738,5.36648638129,0.113263486568,1.44428266466,0.199503966914,0.0,0.331634767905,2.99382236512,0.0271715130657,0.0322408156097,0.0262204244733,1.25389413998,0.00141233325005,0.0289343813062,0.179900537445,0.0419600306777,1.68916456312,0.262555661015,0.00245582312346,0.777439066693,0.307699045688,0.173226547092,0.194501152039,0.45255394727,0.591766951233,0.833522112295,0.00915040701628,1.65151522893,0.0316669838876,0.0539793132991,0.643042054623,0.0,0.153891676664,2.33335313037,0.0159646402299,0.250374422669,1.17479256451,0.733728072271,0.0,0.00388438327005,0.192334111072,0.0427894657571,0.313559130654,0.000704330354929,0.370702613369,1.96927045584,3.10041341312,0.165408497937,0.889975774502,0.441006178446,0.0,0.0318519586325,0.150861162283,0.162213505507,0.216301065702
100,0.109865863044,2.77228579402,1.89082700029,0.492140318267,2.8238555479,0.017641832307,2.12081866458,0.876660155654,0.151711203977,2.01644084752,0.647908650599,1.95729212493,0.88170645535,0.46292988956,0.749533835845,0.358316312097,2.19230510741,0.299725641683,0.166790372971,1.89350924835,0.178761011213,0.210302855689,1.4660400033,0.0135440330207,0.00874096564949,0.0696644088253,0.173799092323,0.732639948577,0.501872788146,0.337714592181,1.81832010474,1.0655926057,2.92154450655,0.0590991754085,0.186086333133,0.013725515604,0.658366195932,4.26865270615,0.00604236640036,0.219367702268,1.45571762204,0.0738387890905,1.62041344285,3.95052083015,0.0740493661165,1.2158726386,0.459097940214,1.50400394768,0.182410836443,0.423375465274,0.525217712931,0.245453491956,5.09561413765,0.10900839977,0.233469272181,0.835035882629,0.684984449893,0.537499187291,0.640612576827,1.46117928773,1.44707717657,0.822563977838,0.282190058455,1.42450222835,0.215644852072,3.07568655014,1.4577551496,1.42287710421,1.06615368754,0.312563447645,1.08932666421,0.138943549581,0.221464603581,0.307529565319,0.413746716753,0.922855777293,0.422877293825,0.588177436441,0.571383830905,0.222915683351,0.761267695129,0.0788520845026,1.15469390988,1.66938689664,3.2258403933,0.368709872836,0.6452351024,0.83946029067,0.22017468648,2.40070968568,1.25414423078,0.25523189649,0.772803660631,0.283296151557,0.504912232757,0.802180710342,0.502748592496,1.99849155664,0.000491153933108,0.209355074316,0.592746709213,0.964596821666,0.736496674418,0.96383570917,2.10440516233,0.0818358051777,0.449409672022,1.59734916519,2.4147256133,0.23196943894,0.303451443091,1.30557132453,0.815689031333,0.164431422651,0.835818764567,2.0787333715,0.0289954173379,1.82901301265,5.2844743824,1.37059202194,1.5341099903,0.201466899514,1.14132156506,1.49784092151,0.189424466044,1.70529890537,1.29366126478,0.000662837508135,0.0386587781459,0.246030295566,0.00313286138698,1.277030698,0.426086750515,0.366934875399,0.451750714355,1.0251155033,0.607977029532,0.300367934369,0.176429390777,0.232325480878,2.08737659454,1.32144792745,0.923344384432,0.0418291931599,0.913458040506,1.99620882139,0.964185853601,0.434297666773,0.442013741732,1.94927625537,1.6103631857,0.959398387931,0.2971476252,0.0801931537688,0.240625187382,0.342260134816,1.33616790891,0.829448483288,0.042513254974,0.0337127928436,1.5129800491,0.222421786189,0.297482869625,1.01716722324,0.0387001833692,1.04929198405,1.07268212572,0.043626338765,0.47823027387,0.311461190879,0.382829852998,2.646129933,0.425278125713,1.90249170288,1.53216234028,0.819179761112,0.390709842639,0.461691604555,2.43672684252,2.41782794237,0.164276160598,0.321415803581,0.322108316272,1.34492966652,0.957246034294,0.51010186851,1.18582980685,1.40779476661,0.651548758149,1.66237237811,0.00997612839565,0.258368677795,0.587184382379,1.48251241207,3.25635251522,0.761055021212,0.982787535787,4.25781826496,1.41271794766,1.93450460196,0.113607951999,0.172985629737,0.0268928771466,1.01276214078,3.76045984745,1.24283370674,0.0604602703452,2.03932081401,0.880451033115,1.80576205947,0.594966755994,0.0673505794024,1.69541290753,1.97511206508,0.982513380647,2.24353065014,0.440231584609,0.516682048663,0.0700206658244,0.583241699487,0.780625412911,1.65656938285,0.252065815842,0.766220842302,0.0406798711419,0.280632951576,1.4057477057,0.162916228473,4.8937875843,1.15158093035,0.346960525513,3.42852318168,0.636789361835,0.21682232542,0.167623131126,0.236032471824,2.67930217966,0.74024902638,0.767954184413,1.17867077416,0.0968909040093,0.684064313546,0.298452803195,0.404699090943,0.242010431052,1.21221389482,2.28030892491,0.816942649186,0.860250778347,1.68657316439,0.126997781806,0.338981782943,2.67250029899,1.40867151082,0.203295903765,5.27459843636,0.0831200210005,1.86614266902,1.31266089767,0.324964610245,1.35854527652,0.299083872288,1.71953198165,0.327645392716,1.36579644367,1.36115594856,0.499077856541,7.04537065029,0.471597160771,0.22819726795,3.00934955001,1.636358459,0.460405551752,0.0220616274793,0.234291511141,0.0201923961937,1.01886817008,3.59134917736,0.599048742829,0.947075969428,1.51395006746,0.98404687345,1.42245437741,2.11331207395,0.561197162271,1.74040819898,0.44569206778,0.00256941115484,1.39324009717,0.474671358466,0.632388229147,0.0310064578056,1.02270086966,4.01904114962,0.99317483753,1.14238313861,2.77145148337,0.910465404503,0.237500923797,0.145512907505,0.829357448816,2.43513084859,0.0793178713322,1.01569101512,0.242857303657,1.1046309831,0.179716791511,0.626445532069,0.450641190708,0.413160025999,0.878980708122,0.00678823888302,2.55440986276,0.111561163366,1.64225299001,2.51283334255,0.411165797859,2.07188004792,5.25808451891,0.0374671536684,0.294377469905,1.21467238516,0.357900586817,1.9216911149,0.83763743192,2.37159794867,4.80021835804,3.79882209659,0.667675229609,0.0333296373487,3.80039801419,0.814185382426,0.724716588557,0.111120627075,1.33628615633,0.455836467035,0.353352651745,0.183556224257,0.366696189642,1.37322822424,0.83772543177,5.50365424156,0.00294625610113,0.147207622677,0.156105996147,7.18113381386,0.288542689085,0.36427580012,2.11992999554,1.79597514868,1.5504363193,1.32341312945,1.49910197377,0.327562525135,0.844227829287,0.06538425304,1.03595563278,0.486582222153,0.16152973243,0.886017228439,2.26310542196,1.56081866831,0.138223917224,0.28965073226,1.49989767291,0.218866206035,0.309162030518,0.134177115066,1.19582120717,0.439999459125,0.0805298057944,0.218671080135,1.10520374507,0.201984362947,0.0896625245456,1.87006983638,0.565526577458,0.270710670054,0.219467261583,0.866788190305,0.617649941898,1.399275086,0.917215936594,2.33728032112,1.7250206019,1.26721002966,0.352468212992,1.45474568505,1.07065504566,0.732918079328,0.934420094192,0.960178203285,0.26648775368,0.56831878636,1.04773850799,0.594944283515,1.32305552483,1.09029987443,0.946998721361,1.29969992686,0.135224946439,0.214564805515,0.0168075940385,0.0394790998101,0.320417017825,0.278922799826,0.0811203733645,0.671963877827,0.983433015496,1.05431852728,0.241552738249,1.26640693141,0.734337696088,0.697521101013,0.321038738042,0.460854781307,0.124796678657,0.146342586204,0.585503177643,0.765736475093,1.20223385625,0.15584546417,0.585940456837,0.850345284343,0.269727778286,0.84743617624,0.0605847803131,0.167428254485,0.312186692464,0.0723955392465,0.495250768652,0.547589631435,0.784318172792,1.24197963789,0.115591649702,1.28595859163,0.374040867649,1.02967841207,3.12501446724,0.28693236962,0.258496033475,0.202293068279,0.116280971691,0.430868705604,0.774644494317,0.41340988759,0.143936920241,0.263165898696,0.173881900273,0.17203400088,0.569340661168,0.157141976357,0.186589296227,1.17994966879,0.960558871254,0.511167743085,0.332532034162,2.13446006604,1.46765569903,1.00331986427,0.957524985373,0.579755831119,0.846650763517,1.16814258352,0.381274326369,0.0415667018294,0.671991580911,0.932016382478,0.596139583923,0.280942989588,1.22504216567,0.278932654584,0.0,0.475441076234,1.82411058217,0.350866310168,0.516386038121,1.18829280538,0.00198181696236,0.107981597483,2.21853131831,1.9666771704,0.94517580308,0.0564715866558,2.11318931431,2.2491772069,0.192080317363,0.240623479448,1.4681584064,0.106711650193,0.0483365308773,0.706153854635,0.115494169146,0.512445166297,0.830869505405,0.458891353756,1.15084918857,1.27440204844,0.766315030456,0.995274035744,0.388810316324,1.35440448508,0.258107774258,1.33849824376,2.93391149402,0.178733539432,1.16514597751,0.831748174876,0.302768054944,0.17348517308,0.913002130538,2.36770736374,0.742939244509,0.333549337112,0.627747284062,0.740156312902,1.34240393136,0.917022616426,1.60621354312,0.544007342309,0.740681691368,0.0550506135589,0.795580372959,0.837916765064,0.270463236645,0.466733096447,0.0953630239796,0.14373503278,0.243367729969,1.00105561812,0.32312568441,2.36395080948,0.966648785423,0.933067638781,0.0168882353604,0.416431174297,1.01375213463,1.49777763486,0.375027588606,0.578635206819,0.238453954011,0.702014384717,0.788229082078,1.25474407595,0.454203033298,0.549686524952,0.332132164612,0.208456829973,0.445050966172,0.0704548826069,1.15060741052,0.653225735053,0.571897914726,0.526492184252,0.822583145322,0.210576412305,0.434028669856,0.440763501711,0.518766578343,0.180939907366,0.161183051337,0.0375956667773,0.302514064414,0.325450422838,1.15243809611,3.62909379885,1.22039262153,0.356969154067,0.776203293502,0.082457360914,0.0994916863739,0.491821904927,0.0316184112616,0.128238023883,0.672148514166,1.85101648092,0.0597666390613,0.525591963828,0.690305717364,0.12547522231,0.206828020038,0.0685674602538,0.24000043951,0.196034731604,0.0521310128272,0.350120328227,0.448741070032,0.111830114648,0.222938346853,0.34055222312,1.07434526958,0.32162484815,0.490043215752,0.067521294835,0.128049599007,1.55637036294,0.123776787445,0.240828590505,0.116618934423,0.812380115166,1.05371850342,0.331354341023,1.31762031853,2.33696154475,1.04377005711,0.515087180319,0.228132000566,0.655894977525,0.138660258176,0.510120257884,0.288903382607,0.446523920293,1.18271993145,0.25602646783,1.52958847001,0.0314463239908,0.237455290034,0.13912502354,0.236774131469,0.10630343847,0.844285412803,0.356532327267,1.51041977167,0.261789300535,0.504559321404,1.09624791726,0.404674359523,0.519436001312,1.39861086778,1.34534531992,0.153622910772,0.131753035877,0.205105285365,1.73517725736,0.368307385165,0.65413009163,0.573435766175,0.519244277887,1.0386108252,0.343663128056,0.275359077947,0.537794568725,0.102419640154,0.07050449159,1.05452421347,0.138357166052,0.187836000323,0.357443174068,1.40214643389,0.113068718016,0.466601437489,0.166921780556,0.00239617034793,0.0526324230433,1.08756285407,1.74782579303,0.991274272203,0.572125384361,0.587992492877,0.0285107990354,0.460186223835,1.42834132001,0.540158238495,0.817344232798,0.0741105218977,3.37485041142,2.41549156324,1.67202836037,2.9528773102,0.98009176001,1.83383896947,1.40134792639,0.240889175069,0.603015011504,0.276614031345,0.953567546681,0.299009386078,0.384060166217,0.334954015403,0.963423464149,0.200909608374,0.324282608721,0.158958961293,0.318786319308,0.828483794928,1.08894027129,1.04881441042,0.514691718072,0.181551460754,0.650091130249,0.552817265987,0.000395127125084,0.700975745302,0.272688847072,0.277238430232,0.0797536559775,0.13751030869,1.23685522862,0.272613701522,0.180899041696,0.193485069945,0.0158945864532,0.46132654421,0.726476486679,0.65314693558,0.195831498776,0.165418000859,0.302083113641,0.382889318652,0.653382470068,1.50007722139,0.365356424302,0.708672464788,0.483160178959,1.35087763928,0.775341362879,0.712340960652,0.176259172549,0.858450009674,1.76836698174,0.428444524035,0.104479819983,0.0656737409742,0.164977307701,0.954234846085,2.08569091261,0.138389894776,0.399705298543,0.696750999968,1.22999798015,0.242562838867,0.96554632023,0.0604444418848,0.525140452678,0.34010590516,0.85762779355,0.0705555962771,0.389328819439,0.574042456876,0.246072095437,0.621547249034,0.813511435688,0.290231244788,0.189413109273,0.10821430211,0.307313910592,0.272866548002,0.563076519733,0.087250780873,0.291630734652,0.136056478471,0.207650078833,0.193671049606,0.184835320413,0.160130511597,0.0826098406222,0.715725148767,0.406029887367,0.365242899805,0.24248108496,0.165107768858,0.835175126516,0.0519796997309,0.867966821939,0.520475744046,0.0247253039479,0.0255952639133,0.128093215022,0.519008433279,0.127609373201,0.728432144746,0.199457422756,1.04429130781,0.117542582229,0.900044739842,0.609737811398,0.413229397461,1.63584565246,0.311447437555,0.295750421877,0.875654416382,0.247415315956,0.312638971023,0.247334085125,0.410422921479,0.510340578295,0.338795916438,1.41350501299,0.396074589863,1.99671110747,0.86100819774,0.26706586238,0.353182843141,0.668657844737,0.422821336277,0.641909217834,0.156158752888,0.486843299791,0.488434065375,0.108852997131,0.34641095899,1.10810484904,0.27422451308,0.150219314918,0.216363282171,0.111643337235,0.257582487389,0.188398253992,0.238066317439,0.417565580755,0.96558014214,0.484497485999,0.150613473319,0.0640119274729,0.0682131581195,0.54725226365,0.582361841053,0.44780084488,0.199415029753,0.154228778137,0.639402687773,0.392944405423,0.194176989277,0.835048462292,0.193751165066,0.0513401526771,0.705376594216,1.19731907179,0.486754302122,0.289724367447,0.397222040873,0.458901847395,1.18847445399,0.880979270674,0.981791522913,0.244913561717,0.610202342626,0.120347669534,0.207799737304,0.51459820684,1.14365260065,0.364283973016,0.0208850227669,0.738704471439,0.560286583006,1.46961394854,0.681416640691,0.0612715422828,0.17311948732,0.791914345007,1.66879589751,0.373017161451,0.253512733541,0.870275208727,0.292722048368,0.759357334091,0.211018402018,0.216836440116,0.314862271473,0.244255372249,0.26466350995,0.246247240528,0.496881986409,0.0937147831917,1.36115517721,0.242332207495,0.802789598145,0.484458621102,0.0917380303144,0.502898850441,0.230634035789,1.55273849742,2.14036631703,0.149895318309,0.192077073995,0.212757933368,1.13621600151,0.795816331655,0.0870265987283,0.11821665192,0.113874311075,0.816075942405,0.0657402175502,1.40664379615,0.526675446592,0.262144951299,0.473227582052,0.126055974215,0.960903912559,0.199960830789,0.345459765367,1.05226256147,0.353946487885,0.0441374086961,0.354692402184,1.84302508891,1.50805663854,0.786464980841,0.24536173597,2.10507046908,0.129044562634,0.0,0.310758326948,0.619260682426,0.135734936297,1.57436746225,0.00224080041051,0.0192302689329,0.610956006795,0.183887419812,0.344111971967,0.0947580717428,0.659139338285,2.97812213778,0.110561402421,0.751136750318,0.220363038816,0.129267198835,0.0369474309683,0.0102574625611,0.364305898845,1.0383475697,0.333303520121,1.51070319079,0.375236649793,0.0,0.0553881487995,1.37769914858,0.213817730621,0.877932735831,0.0418669606745,0.384858189113,3.23027521849,0.382092676796,0.249365863502,0.378555985652,0.0215348372655,0.266963046789,1.54878993794,0.123370525197,2.68933823109,0.0,3.55624108672,2.23011900157,0.0436789152026,2.18436978992,0.0135487210751,0.048584568873,1.27255976632,1.3817866981,0.0324156418443,1.85174751334,1.42122442007,0.743502083868,0.0216632609442,0.289155977964,0.440542000867,0.252541245669,0.352631284818,1.25528642081,0.401143003851,0.235254607825,0.0283280427754,0.82252774491,0.0236267832154,4.92317877114,0.0963557501882,0.460682701431,0.426304383278,0.409189320207,2.96091000944,0.647530781329,1.17859379441,0.975563898939,0.872743774652,0.0218263551593,4.3147368443,0.0,0.203345324993,0.0564633581601,1.33490142465,0.0156208306924,0.16432915777,0.955314396471,0.433153173439,2.01398013651,0.0586058051139,0.00194541245699,1.48024381734,0.649355978221,0.694767740667,0.252385995984,0.601163266301,0.122416456863,0.087232635431,0.919790266752,0.302525011972,0.075073581934,0.308014240367,0.463988621039,0.0268463645503,0.276773225181,5.67014531851,0.123821437582,0.375406663865,4.59900578022,0.529591438535,0.0060479472205,0.782188319266,0.527427431811,2.02684907079,2.2606198591,0.00287937641144,1.73096169859,0.577434097407,0.894249120392,0.0520294638723,0.205078954399,0.309461337775,0.0210086125135,0.00119909673929,0.580522298217,0.623513509035,0.0585487291962
101,0.150121875256,2.01478248119,1.10725202002,1.46396413796,2.92835675482,0.028238107264,0.716798310466,0.221665094942,0.245091487858,0.710755999498,0.366822283287,0.248049737215,1.23214707509,1.48369204074,1.3209131369,0.983703442141,1.31032170191,0.746128913965,2.10034053162,0.742283553332,0.130880772176,0.329544465318,2.27302506723,0.0988483579084,0.0170756173879,0.31889486853,0.139665900543,0.902121546811,0.216493117101,0.620474198163,2.25549276561,2.04127140127,2.56242252395,0.0166016682982,0.33028159041,0.109276958946,0.339518565536,3.74126061559,0.00908181935549,0.164839387052,1.71529403463,0.223441037685,0.447575339973,6.13352362156,0.202753854347,0.524956427217,0.904325334579,1.06138519534,0.72880020041,0.331342450492,0.339021711238,0.460687177554,6.70576268882,0.509197690636,0.391311099902,0.113086165786,1.06229176581,0.881918919981,0.677916081846,1.10235578608,1.87964072913,1.76648005307,0.00292001530528,1.40886482596,1.05015182413,3.46390074953,0.671708939224,3.63782398,1.89900119245,0.318038468994,0.982504834579,2.67709394708,0.0271801958047,0.16453394264,0.0695913103223,1.90908708096,0.379065759443,0.348682918027,0.0678143572807,0.303289813995,0.480269031227,0.0455515666492,1.27601843394,3.72660035014,1.38124080277,0.256292242035,1.34887586761,0.236284561455,0.0349589282274,1.77638775885,0.297180305198,0.459650436342,0.0834905649722,0.0870858756825,1.07193035439,1.24337504294,1.3515252164,0.312731321752,0.0635890398175,0.428216095269,0.663277536184,0.222323449478,2.28831475258,3.72416371495,0.894847627468,0.0402393385768,0.651284584552,1.5817868267,2.26053184547,0.282838694155,0.0986694514705,2.41471775651,0.570399629474,0.00808861210942,0.109398284853,1.18112191647,0.161163845919,0.12087132467,2.8511435315,0.743690533936,3.86124758005,1.17231830463,0.403380119749,0.632810240388,0.104298599958,2.68650760084,1.93156767547,0.333034526259,0.0377211180329,0.332752477787,0.319287503138,1.89524005324,0.476703111455,0.170183581561,0.531495523527,0.489364843965,0.717217089981,0.359265567474,0.113369374834,0.682810147703,3.10553097248,1.28504025429,0.51371252954,0.76376840977,0.723985334635,0.742430986166,2.81444886208,0.613095746115,0.648771010898,1.57252300084,1.90981053233,0.978474697415,0.163840361498,0.672266070843,0.207035390139,1.11075199768,0.361428714395,0.0626340935752,0.307649852335,0.0077899903059,1.83963304445,1.39843917504,0.228959601596,1.00991552614,0.258818390109,0.373500470109,2.0858966084,0.0903128404729,1.0901674597,0.763618101478,0.479522665441,2.22626637697,1.00417096123,0.64243349269,0.743851144612,0.909321590215,2.20601376355,0.0828369055316,0.517188776731,1.07829837173,0.941998879313,0.205021425337,0.177833304368,3.0823514083,0.648300653547,0.224728286937,0.787229950354,0.678114427105,4.62694856644,3.17289362788,0.0361682354659,0.617070467736,2.6533264631,0.975667791218,1.07604601696,1.72966547027,1.58307972349,2.46898057461,3.64584666252,4.72413992524,0.00217775110155,0.122525678501,0.035248661479,1.00957803965,4.7604378891,0.476007659286,0.638063552678,0.624200913608,1.33522949986,3.57525167346,0.749591486156,0.0445705685019,1.61604979623,1.97089891791,1.17334724244,3.64241372705,0.43122915633,0.630473275259,0.0,0.742351026461,1.34346062005,2.65623845711,0.0212201158144,0.334035402238,0.119344848692,0.679657087773,0.659782250449,0.0534193428606,5.03770339727,2.48411114171,0.398153497577,2.34828634858,1.1943627484,0.192016815897,0.42686561333,2.21369077921,0.734233683944,1.03506248221,1.10668481875,3.14885203898,0.186944956481,0.349286651909,0.154118147381,1.15737178743,0.157147988416,0.601780458689,0.943882651329,1.34572309792,0.493150515398,0.689476483464,0.161316102589,0.0931169945002,2.04246665303,1.12712752074,0.406264057774,1.73538891494,0.458929469204,2.43329979002,0.953669560105,0.184156872183,3.00533509688,0.730186811388,0.212201445331,0.919031999782,0.77733097218,1.33799558997,0.43304856576,3.38300897956,1.15287032235,0.640238947123,2.19793458879,3.88193701982,2.47841492951,0.0961314247735,0.119130016863,0.00138016954064,0.66042666629,1.46608249664,0.787196449004,0.755293703079,1.66194768243,1.41504502252,1.36624992698,0.668278310597,2.51335600842,1.21409643188,0.131240130067,0.0710801548697,3.0586878838,1.58513260722,1.10410316588,0.655961539671,0.728880494833,1.10988729812,0.427263755947,0.181903362293,1.27061187536,0.101456148345,0.880479038842,0.53622017175,0.690202933624,0.955138444006,0.122083230466,0.940476590618,0.00999958120286,1.44643369358,0.0976404620707,1.63688310772,0.307480494976,0.416595003717,0.59479602304,0.790249700323,2.76481132582,0.0797385378182,0.616623070687,1.58536307856,0.00780009052716,1.73141524248,4.42159000248,0.24911343351,1.62460251719,0.797621949315,0.105477801077,2.05871730864,0.586267707199,3.15035788059,4.33000099182,3.22523120828,0.899552080035,0.013611266464,5.23347821534,0.254420074162,0.578162198961,0.265680047348,1.18477473214,0.220023012087,1.10764658689,0.189847284427,0.620777376592,0.0522430831194,1.06904673548,2.63497035444,0.383838312477,0.40663560098,0.119599605203,3.68502114296,0.165546254627,0.258371756747,4.97948549867,2.40555418938,0.656181421927,0.2373077397,2.35187010288,0.203036778867,1.6324149736,0.0628888713568,0.333529373631,0.249809601232,0.0771347416379,1.11628273014,2.18563639939,1.09888337256,0.457880469784,0.632981432453,1.60114683717,0.296455861591,0.372985107005,0.494126558006,1.34048423022,1.59669330303,0.239396229982,1.17468689023,0.436253372598,0.151721382476,0.141288080765,1.11741049045,0.0555684238672,0.120548815147,0.319238579608,0.59209954612,0.831562520117,2.67691955179,0.783000656962,2.2340634683,1.04542924374,0.516254004072,0.362295349017,1.55537007481,0.194424754158,0.563269741097,1.65146187261,3.18932272971,1.20526789789,1.90189482957,1.47723684661,1.29744439684,0.889914241293,2.33001035079,1.27035040706,1.89193027258,0.0234950878471,0.177906195074,0.519331032857,0.195020633196,0.501739780048,0.586328040361,0.529787737345,0.44409777429,1.19185612924,2.95719658986,0.220705391169,0.659108179212,0.282335879225,0.29048331961,0.10038008091,0.16995825626,0.49455129452,0.383288983814,1.2652988869,1.03294568002,2.07158043534,0.130339244977,1.7187612319,0.164743359387,0.313554855958,2.85697293818,0.0122459989041,0.386295142509,2.15438085003,0.155867773667,0.539218591871,0.194846166894,1.58803747658,1.11396058559,0.00424489438534,0.377306675776,0.565833675005,0.585339263901,2.95792716049,0.191378835896,0.214306720924,0.231266026422,0.193086496554,0.531839200556,0.604137581047,0.615062275678,0.270163703654,0.32670590207,0.106292862766,0.488525043875,0.584991012141,0.068998731561,0.634442135766,0.975496540405,1.27119299415,0.826311016493,0.459490408227,0.269972368777,1.08522466864,0.808631671816,1.93722846508,0.23670101583,2.74299273729,1.45329889579,0.55487969093,0.27549929224,0.132266949676,0.865118195913,0.68302198872,0.205443777312,1.1377677431,0.685478893807,0.0378032672592,0.707741460353,1.63055302732,0.226874215975,0.0677775957435,1.35109976926,0.00464450441301,0.0667596516013,0.622485029344,1.37920681149,1.0522886898,0.204747283775,1.72826401923,1.17666872621,0.694964374211,0.141502485649,0.643789189272,0.37972366564,0.0793156825192,0.681367455423,0.0842034199834,1.7088041823,0.386168168704,0.830407300405,1.89262552448,1.02961405419,0.616788216075,0.673541047275,0.58445071293,0.769025393426,0.504615835473,2.70014923722,0.471695182174,0.652102360427,0.245466624796,1.96567311421,0.210473764464,1.10414936468,0.817140014321,1.9645523721,1.03063493267,0.949497460425,0.100141315181,0.275678390134,0.330232511163,1.2900176093,1.26084916405,0.118512918396,1.50423287377,0.0631410744134,0.407491329499,0.529855874926,0.0340570572857,0.231579538211,0.938600095781,0.357729833927,0.659149574013,1.11210744001,0.460768635869,2.24878711343,0.0783564504981,0.786202762034,0.0364622202143,0.748235609978,0.493283312172,2.22564085126,0.094528586925,0.36357974872,0.465787219526,0.543175183265,2.00690654367,1.88115117595,0.404323323667,1.62617045522,0.658278620392,0.93994117884,0.648515648153,0.07645185709,0.600730808228,0.953800326586,0.139431720078,1.22170149315,1.24553518265,0.4972377038,1.02949035138,0.0600267954171,0.344863565415,0.318107789159,0.179403236061,0.372414410561,2.86059558272,0.18715717379,1.89530538663,3.10779456042,0.439051248077,1.18976799466,0.517388070077,0.22690781123,0.100012201071,0.386107228212,0.0659234201908,0.283242007047,0.46983318463,1.03079400241,0.0373379296064,0.31200360395,0.625229157135,0.562405360378,0.459576937705,0.0135419740155,0.19562267424,1.03336561486,0.132298280597,0.129431667021,1.41585691988,1.2207548064,0.454206909637,1.56471553349,0.590038471371,0.126005794276,0.548250157535,0.321783939525,0.813843796253,1.36474089131,0.0333833348006,0.324055989161,0.16869126562,1.63931953633,0.642497473788,2.99771059446,1.09066488635,1.32423237413,2.04214882359,0.752249265239,0.432900793292,0.948174179569,0.385624434301,1.29319203973,0.427275764942,0.703867981732,1.91406471576,0.216748270933,1.589637051,0.899208706021,0.174356479421,0.262123312429,0.145792457759,2.51445566806,0.311877489919,0.161939614713,0.950801348463,0.0510126666166,0.756253806185,1.51123703137,0.173060155287,0.223271519095,0.652761608101,0.590588141084,0.383787840074,1.26640892975,1.24693565369,1.16529908001,1.25727788746,0.0739174449584,0.00997942641377,0.825797446985,1.21995222881,2.17059365534,0.627267099023,0.73443208985,0.00407870590687,0.326442980822,0.718688852098,0.0984472147055,1.04577653229,0.713704654574,1.07055159664,0.191452123225,0.21740822874,0.0228735491633,0.344617443569,0.00753285229206,0.180039121956,1.29994460374,0.261499420591,0.852106746659,0.60292283386,0.13325345356,0.264511713218,1.66524721223,0.944998156205,0.0512245958298,0.245805428699,2.34188653231,0.959546445459,0.696686763465,0.748966463713,1.53869267747,1.56454365075,1.07326105118,0.795709149949,0.315262817591,0.18134072423,0.160779028237,0.679869560748,0.295855213776,0.287483658269,0.783106354363,0.468043843396,0.553130062427,0.0240814946219,1.62161088422,0.646636340693,0.854563525282,1.93247901887,0.936466158628,0.741911677718,0.699331907248,1.31792988396,0.0,1.16927260377,0.494964290671,0.976399412104,0.0135814318061,0.243653668966,1.11462779701,0.195945017412,0.0337460783194,0.678284628452,0.434109231047,0.523304692823,0.0879578385607,2.48928824931,0.212022445425,0.498727515936,0.346233200366,0.36620476475,1.0008791651,1.3542303385,1.33405246332,0.226159302997,2.19451603822,0.412723298147,0.891202058047,0.991305316705,0.552293102753,0.0122899318486,1.8001821034,1.27285566231,0.197734180167,0.561239448416,0.632832521349,0.800195586719,1.64007486172,0.313582897484,0.347553158402,1.09958955027,0.35743623198,0.68381789241,1.39706668675,0.458557039648,0.307784882542,1.02566547096,0.443011711538,0.177131358236,0.559011298008,1.01763682712,0.481123542413,0.506198280528,1.35724874545,0.901052883249,0.60764829129,0.0716402610764,0.471443006359,0.313041741103,0.198973193206,0.292244803049,0.374076016247,0.467765083034,1.21884128733,1.52702943683,0.451194192215,0.462350621819,0.546842049658,0.342717629746,0.115018843971,1.89885467112,0.74516670261,0.548793207109,0.22157797548,0.177617011964,0.764967896864,1.28185912115,0.0751252892613,0.129032129347,0.0821031683777,0.52646583495,0.296636862606,0.696035590246,0.280294609172,1.06521221708,0.173047927599,1.33267025918,0.831912206709,0.820076617748,2.22333174258,1.09706207054,0.253120777337,1.5496360127,0.652376652732,0.438867086908,2.26586210046,0.596112727299,0.690395747423,0.487822408602,0.359668940324,0.0678634693474,0.834826746061,0.338280533999,0.0846973614953,0.165186533593,0.662421415327,0.293324997928,0.977221771451,0.106754844813,0.695384665336,0.982302004844,0.130858735181,0.159998462945,0.385145772099,0.0644203061238,1.49000079004,0.229204945415,0.127690649629,0.171692026854,1.06331427588,0.667413092793,1.81897213534,0.604146712627,1.62725433335,0.27935159564,0.277414163649,0.0731565295532,0.819348066747,0.573444197364,1.28002153367,0.532664789036,0.176381319407,0.952904510647,0.169752166979,0.328301588967,0.307758391947,0.1006801413,0.0811200165935,0.435982935168,0.456348971101,3.6380419407,1.24726401195,0.219411410592,0.730494604111,0.0322761834692,1.06373183058,0.709848392829,0.134421357848,0.373421978503,0.646006826013,0.218874774165,0.570030598864,1.06118101229,0.824247877039,0.0265609556437,0.0858995331265,1.58655064344,0.278092398625,1.35879141264,0.150770060774,0.482875307947,0.381132227592,1.65811993942,0.103406041209,0.313624339253,0.0228324353276,0.287906214427,2.00759736896,0.324890545029,0.206197253466,0.111326130033,0.0648727832176,0.460164599763,0.176405110806,0.380935388207,0.0442021663766,0.342046150509,1.01569487251,0.866524919416,0.867534287274,1.64780370194,0.765803586319,0.0992013110057,0.287996154428,0.658188846409,0.0582292279415,0.713836989412,0.0795069009718,0.72265855521,0.214181334912,0.30034652859,0.272844018163,0.077871547211,0.345894449875,0.129929919457,0.0840063251555,0.283767808988,0.728482053075,0.797524025291,0.458829992246,1.50529853692,0.104004684836,3.47363364015,0.677651689425,1.05214091608,0.893741996549,0.407305815853,0.400515811741,0.059139386043,0.0576002323325,0.788148843348,1.56761366976,0.840043957829,0.302172097564,0.0768575319648,1.44506356634,0.197237611711,2.59498829968,0.0636756315827,0.420275938157,0.442971953303,0.172862589061,0.562861171886,0.451611513793,0.365139104277,1.16096854709,0.499827931784,0.587227547988,0.107968400139,0.235208886284,0.0525708793662,0.248832395002,0.055059761256,2.02525528308,0.877224448472,2.35850014269,0.272065722853,0.0237841871381,0.295540930629,0.114792280644,0.0,0.633594045844,0.140050239689,0.258066494614,5.91995329976,0.0216175236553,0.126064264774,0.524036787599,0.0165934449434,0.233140227795,1.36949177474,0.0423547185957,0.54828265965,0.308193518799,1.38660412684,3.62452440768,0.139907615185,1.41381237999,0.127047097832,0.413509679553,0.995782763064,0.410577497575,0.0,2.7001169125,0.241419487949,2.18544965059,0.724300499707,0.56802758947,0.787021723986,0.0647077634931,1.97158488037,2.63020864412,0.225010022856,0.534123667404,0.0226722596586,1.87276468486,0.407150614262,2.66377417445,0.683785259128,0.442117796093,0.0447599095106,0.0891832960397,6.46223863564,0.0051470515132,0.378130810158,1.70220728744,0.11263641689,0.946943002343,3.97806232862,0.186738328785,0.133422663435,0.464248847589,1.60310270317,0.15205285579,0.548243942782,0.295941130426,0.0841031439789,1.0669806885,0.016231457293,0.164122076839,0.379812086723,0.328099672943,0.555967264026,0.236492123613,0.0857408375293,0.846431523561,0.0,0.0309591941861,0.436325904578,0.040125541389,0.121704216152,1.97065707259,0.232756047249,2.08214943379,2.75405731499,0.527737722844,0.248430977147,5.85668547183,0.0991085730493,0.45175961107,0.018494489193,0.366690120399,0.521783022135,0.730812009722,0.00252860832959,0.5547056517,2.49399940103,0.00113806199282,0.285346268639,0.627168565094,1.64318602994,0.0,0.377156769261,0.000647046240047,0.112548129857,0.32516213391
102,0.728716148287,4.00136560917,0.560331566334,4.03188194752,0.398766911477,0.0478527189791,6.36935180664,0.0987814156711,0.277786434367,1.48780533299,0.143485982791,0.384911210164,0.653675148487,2.29627093792,1.20384795979,2.50386504978,3.65121643782,0.0855704337358,2.10572309475,3.43576229945,0.51158305686,0.477775976807,1.33316659018,0.126287017837,0.00138029247522,0.202241182127,0.233725858778,0.507825881224,0.494975466505,0.751883954108,2.44109455347,1.71178096175,3.41625383019,0.0783301121241,0.704986985326,0.0238248331845,1.64019741058,2.22406406403,0.107644090876,0.227834131382,0.202909215465,0.771795495544,0.117808406651,1.91706741929,0.213044788018,1.91889386415,0.54137215808,0.420963553581,1.57374530971,0.235864480585,0.0416933981702,0.107659803033,3.59472876787,1.05100574374,0.581718655042,0.144446619526,2.09135065228,0.744251760542,0.771317462549,1.2172695443,1.67826741338,0.0393557870016,0.118825629801,0.988066070899,1.46954533502,2.40703889258,0.0822308590636,9.57577871323,2.5390405187,0.02548547782,0.570335527733,2.13544481754,0.0383542716131,1.0292882368,0.123841577284,0.0990407119133,0.582373533808,0.211917921156,0.161145031713,0.367771026343,0.122000320852,0.268462116122,1.09617791401,2.47717181742,8.4385294199,0.0831246052682,0.596030543447,0.444867967386,0.199743421059,0.513337508589,0.087675499469,0.0816920550168,0.878696313798,0.404479014426,0.734863500707,0.545460943505,1.00875022769,1.75475855559,0.607818768471,0.0496723881364,0.978578858972,0.543313775212,0.758691871986,3.36418419838,1.21933213934,0.0042122861743,1.89149858415,0.438675410897,6.48958097458,1.20093006715,0.204602116905,4.51803835392,0.604204411537,0.0495221636072,1.31482689261,0.135917068921,0.00854225175921,0.658048363626,6.54744670868,0.18199543424,1.17763339266,0.301947942451,1.35326551914,1.51957611464,0.597586944029,0.288817736879,1.83513243496,0.540727806464,0.0659929858893,0.572769717574,0.0,2.17806988209,0.486001536995,1.15788070023,1.00582533672,0.911693913937,0.168317739964,0.664664112767,0.191966073662,1.35196043938,3.65423373699,0.530314659197,0.11465490222,0.651505579678,0.900035474449,1.49542377323,1.69960894898,0.638784907758,6.25390033245,1.73153081357,2.56576880813,0.42374601841,0.109618109986,0.524094114155,0.328633686602,0.162887916155,1.32681306049,0.396161023751,0.140708526168,0.00555574539118,0.590626000967,2.41175722301,0.160789940283,1.13336608888,0.0305389420688,3.49200096428,3.87684363723,0.0523436712148,1.09210266754,0.212935145218,0.524420044795,2.85759333134,1.03493833795,0.580884251557,1.70339504585,1.70703800216,0.247949172333,0.405557341604,2.06796298474,4.00819043636,1.03635657459,0.286360946596,0.00582392156124,1.88876874745,1.29259314328,0.385970860198,1.36321556568,0.843098196387,0.665645170063,2.18327948382,0.0,0.458497048728,2.09080423057,6.15203953743,0.805533259213,0.979206633866,2.14284853339,3.25025396347,0.744986019023,4.14919616461,0.109399251547,0.00732777357101,0.0164020529389,0.779662466682,3.59508863181,0.343521443233,0.151917677242,1.27114556432,2.43148197204,2.80249759078,0.151033398546,0.130901663173,1.1967372635,1.47542152719,1.28392057121,6.24685407639,0.281294305027,0.64968815878,0.228421470281,0.585474864952,0.222821101546,1.45379724026,0.0563178583235,0.308932513893,0.127204222959,0.228902996182,1.38274637669,0.117188993394,2.13429444075,0.486086290218,0.377565821335,0.852507035739,1.19048081273,1.87423317768,1.02240865519,1.45477170944,0.684590106606,0.843061772548,1.23631033182,1.03731854164,0.0249488632381,0.0443912477419,1.56088908613,1.4684277359,0.187388605289,0.21490604464,1.42666776597,0.796652725711,0.56576106146,0.625207411498,0.0871252068877,0.283437938187,0.431673077643,2.80404793501,0.0333278904855,1.1439852388,0.53954724595,2.99971328497,0.522125268579,0.0151232692599,1.39365709424,1.29078107059,0.197837851942,0.640347439051,3.16831285715,0.637312541902,0.0884564255178,2.57953729391,0.223907510589,2.36890072018,3.77842833519,2.55015356094,4.67374322563,0.0301059313118,0.282329090238,0.0244379619509,0.839924607873,0.28351356715,1.00984603986,0.273325250298,0.595907518938,0.918865045309,1.28310958996,0.990870756097,1.615513887,6.59854661703,0.183161876202,0.112957401704,4.68348276392,0.3093548299,0.713726395965,0.497780600376,1.00291386943,0.195663869753,1.21046119556,0.325434228182,1.48990752548,1.64965469927,1.14969631158,4.76345288455,1.0177020736,0.287386732665,0.173559333682,0.213823341485,0.0252456128597,3.53774552584,0.288505152911,3.34639990091,0.201115427464,0.167853360921,1.17337773308,1.35326446474,9.26772829056,0.87071434021,0.27531687161,0.176054463014,0.0121645305865,0.0459060512576,1.02269055985,0.19479003076,3.41582937717,1.09981697485,0.402066297978,3.35480123103,0.827191056013,1.0708084368,2.89213816404,4.1811605978,4.55816756725,0.0,2.27117938183,0.67314064987,0.704794828147,0.05824794207,0.398945058286,1.03545548793,0.20108828783,0.731037979405,2.50855132103,0.480567603409,0.605513321757,2.85848411083,0.710146805132,0.625008238629,0.0400969430804,3.77226109266,0.720979546309,0.396573019773,1.82944049221,5.4806268692,7.08890570164,0.59321776703,0.929475230575,1.20510766365,0.823392685577,0.137518861364,1.28206850514,1.37383595154,0.857463710755,1.09847387254,0.569976689517,0.135325121358,0.587755108476,0.521857976336,2.34335009396,0.187767254189,0.0571563765407,0.824848152846,4.07460715175,0.0815922435001,0.419960796833,0.6183100079,0.924204817638,1.16319776117,0.171549086273,0.156270499546,0.134526558648,1.67236144364,1.28112324401,0.14365982756,0.222523125634,0.161908288606,0.88881864164,0.800838966921,0.298432238763,0.468031425662,0.390423629582,0.522393240074,1.6232774286,0.0517381177749,2.18791274101,1.26803199129,0.709049149712,1.10597725153,0.0764954011887,1.18482054025,1.25994588092,1.97110450447,0.652888941541,2.69822798729,1.66366823137,0.207549359631,0.61233504422,0.175410800911,0.0667879015487,0.627154865563,0.45726267457,0.929480848908,0.196122859418,1.48764924467,0.778059498072,1.54160581632,3.1789587754,1.86552010451,0.00937057822943,0.284483043998,0.438914955389,0.985415345579,3.31828782082,3.93121985197,0.108905538134,0.033948546052,0.884105664343,0.608619684279,0.187785088504,2.18266694844,0.0191568291187,1.5726896131,0.651777707152,0.273185205497,1.97383764293,0.378887274265,0.478254087316,1.44494915836,0.0361482363194,2.2397029832,1.83322031178,0.278616469242,1.0426941625,2.6387982361,0.201124407835,0.093672876074,0.117962397784,0.709557377782,0.588073292971,0.63056430608,0.182671850435,0.182080396712,0.507258656472,1.09289009444,0.871532127857,0.000885313404724,0.110487588495,0.380692942645,0.31333055649,0.991383913606,0.222710143328,2.77886463925,0.757268498465,3.94124664664,0.550194906853,1.51723039955,0.0734437317401,0.510299436618,0.444478888363,0.534087467454,0.197173687667,2.55146876454,0.666404090561,0.0179273217916,0.145592507534,0.923637648271,0.10625444036,1.11498584755,7.01108933449,0.193800342465,0.26140815556,1.4673267014,0.0251220864058,0.389029723816,0.150230785664,0.931885607392,0.0100198110566,0.316354762837,0.600931146517,0.425935137123,0.345744680017,0.0311540859193,0.511232487289,0.0860899978876,0.151627978776,0.863731152304,0.0244318380952,2.81992835924,0.50587778789,0.560655891784,0.586098971292,0.297133325934,0.394102485441,0.648689683767,0.153855070546,0.104611227065,0.618814606965,0.378997911513,0.799309473559,0.332832359858,0.826368885711,1.08660829991,1.22041885227,0.113599961257,0.0348536964506,0.705197532177,0.178727554679,1.66875072286,0.125312183611,0.175013735927,0.723156497958,0.652562189279,0.685815744624,0.333821172453,0.262076945752,0.296585876867,0.0184528473765,0.554981025755,0.292783541502,0.292969167978,0.579636662705,2.16487123681,0.644375875443,1.76896045834,0.23379872534,0.397824363485,0.0342624203116,1.01407882005,0.00497376352549,0.616866556574,0.4826485309,1.18984671406,0.0307409075554,0.0423147546686,0.121531988829,1.08006875873,1.19196112197,1.38459709227,0.267463352382,0.712875593901,0.498822375238,0.41579518944,0.150607198775,0.24889854487,2.24647854175,0.188724689579,0.368932020217,0.267453840692,0.348126517311,0.834919821883,1.81422153294,0.281391587381,0.157690343857,1.5635071367,0.33893887531,0.153311672211,0.883597167198,0.418780175447,0.628683748059,0.864997044795,0.28912728183,1.35367878268,0.174546528235,1.4582554796,0.0839423988201,0.0859092811053,0.660391246527,0.0206629063562,0.147609535232,0.378948389888,0.496349786706,0.652291339189,1.80848745137,1.57157749474,1.59669245481,0.238589262813,0.434749920443,0.428056786992,0.738341631815,0.0779278229782,2.39242838025,0.148672823178,0.382335371301,0.177599675618,0.288695628559,0.64196713075,1.3924817808,0.458266250063,2.28196604252,0.61496372968,0.0667681012303,0.490372101367,0.0148320090771,0.587605355633,2.10775685966,0.0576115020737,0.583538881689,0.298719475269,1.21335009485,1.77247725803,0.0831637848914,5.13587430596,0.568738738522,0.324172855988,0.301113222316,0.883488492221,0.362809271067,0.63616962254,0.275281590777,0.268939563781,0.455182217956,0.0749644871056,0.206270005547,1.15874310702,0.105277525447,0.276678934433,0.268253132906,1.21962486677,1.06759602853,0.233479618933,0.483089230061,0.386103797843,0.321480009761,0.274575143317,0.671881813258,0.0739860086888,0.195089296699,0.285825495776,0.599656386375,0.403966538627,0.0517253994942,0.154166816249,0.321265166537,1.97920984179,0.0734174008667,1.58924871504,0.0917157402448,0.646286768466,2.18388182223,0.994079317003,2.13806858175,1.28435013026,1.14121273445,0.244616587386,0.383160607517,0.123300970495,0.155528048314,0.0551762050111,0.141559493244,1.3377163294,3.51528791308,0.474640640318,0.354010298364,0.38738312589,0.149863549266,0.858854737431,1.67891937256,0.117476222105,0.591563992724,1.95360028353,1.36731243208,2.00942043992,1.55474009026,3.07103840798,1.50477844059,0.192437844463,1.57652904212,3.17266771078,0.403141372651,0.585763698788,0.142359789535,0.465556465089,0.024693816714,2.79831762493,0.0837804133818,0.019009433277,0.11564071306,2.53236951761,0.921020449474,0.428344143387,1.65746372301,0.333342757951,0.00212423689663,0.17978173105,0.609807755766,0.0,0.219434468858,0.0297971215844,0.170381649006,0.0119739168882,0.752804045808,0.528229417056,0.180018636519,0.0471309503447,0.209946655463,0.0733438075986,0.154169654213,0.0905195160583,0.180563684843,0.0391990420967,0.0301767938584,0.454242259883,0.377706240118,0.131541056708,3.52882095613,0.79696978353,0.322371947167,1.18288091511,1.46823067918,0.780805044081,3.50020905122,1.0169435937,0.358314204365,2.74979750037,0.563084575757,0.0727537462115,0.188568256795,0.125587105565,1.18192629866,4.91383775473,1.00393279105,0.765278498903,4.11261820555,1.4484348233,2.2311845459,1.11787757669,0.0409222999262,0.039839714244,0.132234589094,1.20032303505,0.00486313786125,0.699016585574,2.00862975743,1.12109022796,0.183283356978,0.889615045781,1.05542841785,0.205361584341,0.00345250765793,0.624219703972,0.7085983878,1.51538874298,0.00856617867947,0.281994598443,0.651253314912,2.99558191895,2.74701609135,0.321134462133,0.0,0.0253337204456,0.15157143943,0.014454613775,0.187835726142,0.215911129238,0.0595493799448,0.568752656654,0.0,0.22598865658,0.674988093972,0.00409418463707,0.508874107208,0.0839282094687,0.304016203061,0.0143181276321,0.029830583632,1.84872571677,2.05513680093,0.0242035885528,0.0495316560194,0.0513456487656,1.46126899838,2.61014347792,0.112155489624,0.11990303034,1.6987682882,0.30534296223,0.05692463696,0.474027459808,0.638412210792,0.226035362035,0.122183207208,0.124317437336,1.53563662563,0.855154773518,0.0282629498653,0.00191646855325,0.294661514889,1.28178058468,0.394781749547,1.23799615534,0.508168577123,0.279187903665,0.153291397952,0.00798072580248,0.0377460459806,1.2118132855,0.00282057486475,0.00165574483573,0.0752405970357,0.0935087220371,0.254197762981,1.31257350281,0.0289039429091,0.158798656538,0.363041380001,0.577066336088,0.0570800438244,0.00703854873776,0.0936354753748,0.569397940412,0.0946599895507,0.088858569935,0.0762255675998,1.02420667402,0.646191601339,1.32880500019,0.0217242989084,0.5178029209,0.00474552459083,0.209329642616,0.790014738142,0.298812492006,4.04075454712,1.86613396525,0.956483733803,0.184603964416,0.105884754658,0.122616285896,0.158465161324,0.20828132147,0.175775811663,0.144209982664,0.0355514422059,0.0438631809456,2.00758269668,0.307757087769,0.0389403716242,1.7847465843,0.0290876834095,1.07649380651,0.188828388155,0.00582139074802,0.0364783477504,1.72279179793,1.43231359143,0.455733536482,0.014211707795,0.479308233485,0.238417642433,4.18569050357,0.461876099445,0.073257279438,0.00836248755455,0.0037553281337,0.107190687507,0.0772566840425,0.224428756237,0.0772993341088,1.22785688525,0.1625970871,1.07819304883,0.0,0.113828419447,0.0708701880276,0.0271342240833,4.49073925495,0.379258268606,0.0680892448407,0.140788270306,0.143492702935,0.541269537415,0.0739667149261,0.0986594328127,0.0393440101296,0.259447107683,0.404783973522,0.545241088197,0.844294985738,0.311815289892,0.010708085834,0.00828737068921,0.00144030766562,0.885350270271,0.0122154189646,7.10635898698,0.55330019068,4.67522632355,0.194959897026,0.591693876907,2.85201807618,0.921288851723,0.433848079704,0.137328987941,3.01054878831,0.795823762566,0.863037479669,0.597533095777,0.0222179595067,0.0931936380267,0.927597105491,0.119032648802,2.88689537287,0.113108696745,0.0759263121709,0.107979195351,0.30214451924,0.257479336783,0.0338807448838,0.488990049139,0.399353085309,0.91942661155,0.434500016803,2.62596588954,0.0376551520824,0.0,4.15610393524,1.60041081619,0.225419626832,0.275891093612,0.0,0.273620895157,0.157334918827,0.054639577195,1.49544491176,1.93505163506,0.0231038153172,3.88441723943,0.0119751691818,0.204288039207,0.88528053984,0.0263435418159,0.636486964822,1.59075663179,0.0137248003483,0.952741283793,1.15173964232,0.584576620013,0.501993412673,0.0113777112961,0.736400593147,0.00923218786716,0.874827152286,0.0167899030447,3.22598065078,0.0,0.519761063773,0.338299499303,2.29796341605,0.016817538999,0.0021066942066,1.82974996229,0.367096490264,0.483849222474,0.977126037739,0.626762301922,0.842390141264,0.14124656558,1.61110494535,0.949682027474,0.448204149283,0.414774277974,1.08103970759,1.40884141445,2.44594487637,4.20533319592,0.115985461362,0.630692175329,0.03852178514,0.263049979671,1.09663409948,1.51559548914,0.0305126393586,0.0342016623728,0.398499493334,0.0659287417494,0.0335091352463,1.04429343477,2.40995506644,0.0207086070813,2.53869960636,0.167043614984,0.179891519248,0.417861949354,0.0456515932083,0.766272078454,1.37818171717,0.146360990517,0.132831644192,1.17875547782,0.110583289564,0.966222392321,0.000220956211269,0.0369179078192,1.19793100342,0.709168075386,0.00937492311001,1.08170321042,0.145517440289,0.135448107049,0.677300054915,0.0122534232959,0.113566218019,0.0272421267629,0.134969552318,0.960155962408,0.440825285316,0.00603671729565,1.39150924604,1.40820623275,0.368683315217,0.20359727636,1.32019341862,1.70215257676,0.0509547099937,0.0448088105768,0.0118625600636,0.264210776612,0.510237442106
103,1.00965452194,3.14488822535,1.20608415334,6.31701665401,0.190821748376,0.00572108433058,7.93269939423,0.00116026430391,0.302584662139,1.57631836131,0.0414596290886,0.542983311117,0.659873215146,2.62738177478,0.746651228964,2.51518872976,6.54675859451,0.124173085839,2.35627293587,4.78111244947,0.188454140425,1.2452779448,0.45115773797,0.0153981275856,0.0,0.15419217024,0.0813485723734,0.366058873627,0.350828136979,0.824855750054,4.07407483101,4.98057001024,4.57503610611,0.0702627968043,1.38372350246,0.199973866791,1.21453175455,2.17249883652,0.062275204882,0.0188828834984,0.139462936707,1.068502106,0.312927517146,3.6369452852,0.303063934073,1.58656592503,0.396890177727,0.916532074586,1.24580932826,0.123116770685,0.133904220164,0.210678962767,4.0506032753,1.16630392492,0.523208455294,0.443875824213,2.51983203977,1.01430008531,0.788493348062,1.26941105962,0.339022577405,0.0809136284888,0.214689966664,0.940045267344,1.14967291363,2.76325388074,0.0564930820838,7.61225168228,3.80260010123,0.0136713615805,1.90452584445,4.22461321384,0.00130188256502,1.32950939976,0.470982475802,0.244185618535,0.538992438503,0.189019334018,0.19388166368,0.844408595115,0.026153935045,0.257350269407,2.72349961519,2.52010658205,11.7929563713,0.055165984761,2.39331961632,0.378632723379,0.0910907191038,0.471764550591,0.153390234113,0.0249231737852,1.38757774859,0.270753969401,0.458947475515,0.109656597078,0.873081655949,2.22370906666,0.557698721401,0.0306312263012,1.11427846938,0.0736563840508,0.462929439431,7.5087569952,1.26630557388,0.045912489444,1.54213728905,0.689012980461,6.36929430962,1.19890894696,0.0859912379459,4.52156135082,0.563084782362,0.0535399276763,1.11084715486,0.375468794033,0.00508467270061,0.941171954423,9.80214696884,0.20296443099,4.03771815747,0.299736214392,1.20240320906,1.47519258291,0.440869698226,0.478673567418,1.46654053159,0.351875761342,0.286389618404,1.63476168275,0.0,1.58871403754,0.992254654577,0.530222129952,1.18376051426,0.389467208609,0.414637360759,1.06778040752,0.337886768878,1.227783781,5.33047536969,1.33593792081,0.0360051589915,0.579928662032,2.51356910944,1.57378088236,0.494391269535,0.161203189343,6.81364776134,2.74084913015,3.29024930477,0.745984740043,0.132157088779,0.8363237454,0.111123594046,0.19939490214,1.03915993929,0.747003123462,0.0983104777336,0.0,0.248236868083,3.05290588737,0.000212769024074,1.28959857047,0.00923279546201,4.02283737063,4.46634222031,0.038474650681,1.95238096178,0.405107107162,0.782886969745,5.55235525608,1.45769903675,1.23800795458,1.65570576154,1.09712078258,0.13512313569,1.06188071966,1.44966694534,5.6657120049,0.426913235001,0.184573299885,0.0135616652668,2.06408239126,1.54713924021,0.26647321952,0.932768301964,0.755818100311,2.15411202282,3.46774002671,0.025287334919,0.350178696867,2.19676142544,5.7241032517,1.74510023892,1.56594119012,1.46359835535,3.70773943901,4.32502886832,5.25237480164,0.0972965259105,0.0458211058378,0.0303466951847,1.25252120078,3.17199339837,0.661901340242,0.0523428218439,2.29117826939,3.9041190964,3.84462603927,0.0307091637747,0.352475345433,0.646520489585,1.94982246995,1.65730725989,9.47293399811,0.390419900753,0.582483802401,0.237164449824,0.696892231144,0.0389021149278,2.17256141901,0.0270727679133,0.156431104573,0.0215126794949,0.115444978848,1.47495592855,0.016963082375,2.40780592442,0.269156740117,0.129151746556,3.5626461792,0.848361460567,2.85207522869,0.536690991819,0.324005907327,1.02503220573,1.38956149668,1.66937903643,2.30694653117,0.125204695389,0.059191429913,1.66609612256,0.918923437968,0.0587213166058,0.405152565464,3.24105811,1.44359721154,0.464644192792,1.64362770244,0.0488672274351,0.389421198964,1.39297183603,3.98538009986,0.0296259976178,0.992065543607,0.195311369747,5.65153806448,0.785371803939,0.0101515775919,0.209506211169,1.29555960536,0.0752494790964,0.446642514989,5.04236710072,2.14558655411,0.0864250993729,2.34187177569,0.0948781921715,1.44547575215,4.89154818535,2.03989324808,8.01516432762,0.146811025739,0.235934466571,0.132267610505,1.52621063471,0.630723463297,0.955808729157,0.352717175111,0.98233638376,1.05657191038,3.63065004468,1.25221998259,0.883375444449,4.73270763159,0.157997146025,0.169015494883,7.10038620949,0.0278413711488,0.344059590101,0.469744109511,1.37838098565,0.581217321586,1.31929411218,1.3651987043,1.83760759622,3.4484318018,1.55288996965,3.33840821713,0.874238214716,0.106962683648,0.140494940728,0.137267130204,0.00345118492842,3.01374508619,0.242437174357,4.38802769661,0.56268585708,0.216572348266,0.959461898208,0.556839345098,8.51787204742,0.194028761405,0.328458371311,0.0897976442263,0.0885548436642,0.0118148717098,1.17666833594,0.0654788509756,3.99604557991,0.914498197138,0.189035910219,3.49253608704,0.675672918186,0.812972877733,4.16729572773,5.54244626999,4.91913720608,0.0349473709613,4.05275741696,0.398232879569,0.80216155963,0.198331038994,0.226693812981,1.4891268611,0.0315147617459,0.354523621798,2.75361144662,0.874352496266,0.643575744927,5.06256587982,0.204344699383,1.00862025768,0.0543894353509,6.05725994825,0.721624885853,0.520075894222,2.41456274301,5.29719309807,8.77467334747,0.137651041187,0.270706120809,0.161355354711,0.0903640904278,0.0990349720418,1.02660879508,0.32053288646,0.600965518504,0.39564275628,0.735256502628,0.142992930114,0.295829748139,0.19104157988,0.403299487494,0.00525995545089,0.0903285944462,0.786563163283,2.80527962893,0.0356431879662,0.114153631628,1.10952081675,0.282210511435,0.5532609649,0.200081206337,0.0659855252877,0.115865331521,1.13596051946,0.394934170302,0.142506599985,0.0208240058273,0.285180590842,0.783703191336,0.748648443725,0.38637537064,0.270703335181,0.867529073954,0.807740615942,1.17155590788,0.0359684720263,0.806336575747,0.229419524074,0.793637743704,0.409252539286,0.134745914117,1.44277528979,1.12080272853,0.76053728804,0.231687977968,2.55197993398,0.558818003833,0.108313772716,0.511974826455,0.128111014906,0.0153301646831,0.660878851265,0.168010360561,0.538723786175,0.252160266982,0.877163375765,0.278268906511,1.00595340431,1.75686542712,0.959543175474,0.0104522666335,0.136808318272,0.346375848074,0.11348137863,2.91562764285,4.00872990727,0.198549693599,0.101564755403,0.393615529295,0.0812841375172,0.18781967029,2.19064565063,0.00110252574086,1.45748866469,0.677723892331,0.12929304678,2.19769447975,0.0810920216516,0.771932282411,0.925449973065,0.00356854110956,1.54705902815,1.49705165327,0.114896905394,0.399102574354,2.14140804708,0.181672426157,0.222208232135,0.322383919116,0.27720614139,0.243800605992,0.282633683945,0.198406172749,0.135757412054,0.317744162008,0.465724696219,0.420218772888,0.0218584725261,0.154702906548,0.275240663178,0.155991690028,0.807180439532,0.0854023253173,2.41393577337,0.379512418844,1.2197099912,0.193026161939,0.472413057256,0.196826615338,0.163143348023,0.270325492844,0.158987556249,0.546325271194,1.96175501579,0.418165193498,0.143735905359,0.0915782648511,0.435637143403,0.281458671056,0.364767940706,5.24649378777,0.12896298863,0.282310073227,1.03283196656,0.0238594319671,0.466461095437,0.276353429481,0.641632372495,0.0769205567986,0.0858888798952,0.145489056259,0.20902265925,0.67298084572,0.0693842096999,0.327932217929,0.0281854646001,0.0446653792169,0.653480794653,0.0180670831352,2.33246150024,0.163689554185,0.633558238149,0.731279670894,0.273899256662,0.10587287344,0.48703917142,0.0808095753193,0.0598430932243,0.285795881152,0.475870409128,0.307519429922,0.197325856443,0.614252807833,1.26130703494,0.690879058316,0.0952418962121,0.0319852092862,0.636782216877,0.0974369757622,0.83943180765,0.200946606416,0.0161081469059,0.221334518907,0.638339127013,0.405049444884,0.0501275006309,0.125296449326,0.63122966446,0.212798751742,0.422162535512,0.229664603956,0.112709376663,0.805814808011,0.61055559136,0.506703414768,1.16357776895,0.16979115203,0.190494419131,0.0112709381618,0.558997401781,0.0103653311357,0.156319437772,0.382277974524,0.568646685963,0.0382318119425,0.0918086184189,0.12747715544,0.99264374217,1.2695188041,0.664446444362,0.160095487013,0.222381095961,0.656960273385,0.142333177477,0.244705913351,0.179592451528,0.441793017965,0.199027291313,0.64186076656,0.668359332904,0.350415641293,0.942867692709,2.07987268806,0.0397032344341,0.0977065253258,1.16830756605,0.613361013653,0.0519923689961,0.266487112194,0.191437447853,0.229150082143,0.485219532475,0.213739714816,0.122662206437,0.00526247039437,1.1102756536,0.048712406531,0.0796697136946,0.482085293345,0.0140702566452,0.231079201624,0.491836801954,0.297333115637,0.414326524166,1.45218238048,0.426182700363,0.695041876622,0.518867664486,0.36828102421,0.111064540744,0.0560686629638,0.335294896066,2.14547880396,0.0827159154601,0.0605821075477,0.234483254962,0.389465598296,0.236717631399,0.524343341626,0.271048447378,1.3246559,0.309740500338,0.00317296504974,0.0887103396957,0.000100564761087,0.47290604692,2.01804962218,0.173037420809,0.783877214342,0.185901046973,0.941156460252,1.22178860307,0.205358616784,4.72056009889,0.165421655988,0.184303073548,0.553122470379,0.43457728399,0.409576146603,0.922657712698,0.0798098312458,0.218899303824,0.118227681458,0.00184382811189,0.162650632381,0.0438015729189,0.02797254581,0.559926379499,0.653611663878,0.516435979046,1.54977802515,0.190068218168,0.431862624586,0.116456972957,0.213467033058,0.211560498215,0.244053523391,0.0687409930676,0.129247778729,0.426588567207,0.183980108481,0.15353722848,0.0234493734688,0.0541843702411,0.167986749198,1.9018474251,0.02042656973,1.14524492305,0.0214475769736,0.39949946316,0.741770625412,0.573096482009,0.934298527129,0.716177293472,0.127918556342,0.405435710698,0.387615374401,0.117673090175,0.437148096729,0.0260563706607,0.0173681364581,1.77939872727,2.86577885687,0.750373432264,0.636074880473,0.324168860614,0.351214713547,0.661116391057,1.00064260304,0.067239606306,0.327229010575,0.628820510209,1.54589536399,0.525981083577,0.41575861901,2.16370993495,0.810250695853,0.24358411975,0.863875289578,0.758801393942,1.0643098047,0.816821939489,0.125742140673,0.882357064486,0.145457994426,1.40525354158,0.317141472511,0.304147817045,0.0664731324441,1.82428160071,1.06116385192,0.863004878499,1.22711536188,0.480185245723,0.00914452463388,0.487507286314,0.702586275116,0.0,0.303959184587,0.445684265867,0.401986013427,0.00442202772945,0.355150648691,2.00518845349,0.0600717872853,0.126608999625,0.237069691392,0.162313623149,0.135055750366,0.247827052101,0.315208781802,0.0122188023664,0.0487925157696,0.835320746005,0.145403938852,0.202530359132,1.70856644608,0.204342739172,0.633656795956,2.03328537285,1.9492482011,0.962015954256,1.32124501057,0.693936539292,0.20156456036,2.57058297992,0.404092156049,0.0335580542698,0.22775895901,0.232589234831,0.317525558285,4.12265986741,0.981082217749,0.224326508837,1.2015168044,0.944993937379,1.46891874798,0.524591832674,0.129727911837,0.0155854353774,0.202431500703,0.677926377663,0.0665926072001,1.23407281905,2.1170953685,0.136869982613,0.0140832442045,0.570014039492,0.379631995098,0.144244347606,0.0477838002797,1.34673685707,0.581276714308,0.626819381276,0.0528201012313,0.0124291503429,0.147989893593,1.66310976565,1.31574235839,0.125452126041,0.00634866219014,0.00405036778189,0.184068627134,0.0863570650294,0.0315634091571,0.0320939010684,0.00288926266134,0.651289102435,0.0,0.568391189761,0.215839557122,0.000758176939562,0.34368100673,0.0737829552032,0.229346008543,0.129635603391,0.809296887219,1.33984557375,0.870155736655,0.0283769805729,0.211183820143,0.260238927118,1.59926335156,0.985805365331,0.283854029477,0.344070425704,2.02145371185,0.678728970159,0.0651449571096,1.07237708574,1.04520613551,0.0506792360172,0.00536446288228,0.5236896786,0.437340148259,0.545020097196,0.460311015975,0.0719013141096,0.241395420413,0.871393875475,0.255196210667,0.663724969793,0.469787376225,0.126272047739,0.480643153898,0.00969280540477,0.117608267143,1.29358782239,0.200393849879,0.325954336356,0.205471521728,0.174770014435,0.343879316088,1.0574287495,0.0985912981629,0.288435479701,0.695502689518,0.576622912791,0.282664462663,0.0191754516587,0.0409152475279,0.608331896067,0.444795614649,0.0866643537395,0.150455848351,0.276785760187,0.441990989149,1.13275265921,0.155734179989,0.572035062984,0.0349074373394,0.0190310396999,1.64646689296,2.05410216406,3.58751498222,0.545410802998,0.29106003901,0.415782826294,0.209691735506,0.158428700604,0.12622532513,0.051861133147,0.223073341111,0.0619691754133,0.0294559368119,0.262651669127,0.793361706734,0.283481736949,0.0690679784492,1.08771030396,0.126364612561,1.65492394565,0.111117579043,0.0608597041667,0.0284151055012,0.501877871584,1.66640523579,0.117522467322,0.149807962067,1.04923717797,0.376299375519,2.13776870131,0.186707307892,0.252899631453,0.049709456861,0.0974796411395,0.154765261114,0.000792903229594,0.493807224035,0.0363938852027,1.48017979696,0.987599544898,0.881897779033,0.115573890276,0.116121718138,0.144727193099,0.0656140528619,1.37928371103,0.86563437283,0.000604287572205,0.224817982544,0.525038995575,0.699331860919,0.270936492682,0.0405390225933,0.136633924283,0.104108097621,0.492056972273,0.276803886537,0.521845674887,0.248303296771,0.0274194467627,0.111369893569,0.0936272040009,2.82635526583,0.00719332916662,6.35118147373,0.630039531887,1.71681076199,0.0,0.274235334266,1.81739841044,2.55696008749,0.124474237487,0.240536405146,1.11822229654,0.446088615833,1.72128075787,0.0781006013229,0.254561032951,0.0569609309733,0.820818680823,0.134014027342,1.82621566916,0.0851926252712,0.294213690311,0.117441519052,0.460030238479,0.0437999738846,0.0965760473907,0.25569055032,0.361069018096,0.858100828272,0.448299572524,1.07776142962,0.0067666451633,0.0,2.76946754515,1.96024769075,0.0024203273654,0.0454110094905,0.0,0.42421388818,0.0892616224289,0.0265879496932,1.05462114647,1.04320662946,1.71597487807,6.22142307878,0.0226813308895,0.0841308047436,1.69858330928,0.0,0.129950384423,4.0337232852,0.0904144147038,0.855456994772,0.687582177036,0.121458397955,3.20218658745,0.0043346825242,0.934700940661,0.0,0.254388175728,0.0128038965911,2.83226808876,0.0,0.546065798961,0.1803899635,2.46370555103,0.00124510392547,0.0348725019768,2.09145826459,0.605881691417,0.419170386754,1.0201985696,0.959358749539,0.76895270586,0.0958539658785,2.67970869273,0.939471623413,0.311453122869,0.133054112345,4.20339962363,0.424938152134,1.12437435098,4.54504349954,0.252670073211,0.338262758851,0.0106629225612,0.40139360413,1.51529938817,1.79300731815,0.231221240163,0.223115880042,0.530165144065,1.77719298065,0.161929792427,0.0505410341988,3.30963698933,0.0204067943245,2.18996344551,0.381178202331,0.0695039086416,1.93586679131,0.026181255877,0.407103957087,2.23669297475,0.125892304778,0.710206688643,1.36862141236,1.23519987345,0.700752039514,0.0110573577881,0.0,0.705035548508,0.702423050255,0.0,1.08355117202,0.13996268183,0.0256985284388,2.00425316729,0.192131932105,0.224159811735,0.361531788558,0.0269117050245,1.79075079665,0.183572068997,0.0,0.982437243462,2.33358612165,0.31969048677,0.00436923056841,2.01610396411,1.20756713159,0.00304824858904,0.121329226427,0.340795110837,0.0342334252596,0.614030737877
104,0.216961437017,2.99941854,1.41579349101,4.99547782421,0.146469284594,0.102885939218,4.00810970511,0.260014883876,0.252724636998,1.0295861879,0.295912996307,0.234626688883,1.23678009197,3.39790712953,0.601393199563,1.56242981158,4.95988824844,0.21556008257,1.74230619967,3.71557357728,0.255981088877,0.556763192862,0.457196792793,0.131457160451,0.0,0.0317095661908,0.0144901562855,0.540724880695,0.603434419595,1.07103578497,2.73620263159,4.14776499748,4.81511178583,0.0272270604223,0.882527672965,0.160995663069,1.0961726645,1.22449368268,0.0295607970655,0.229455426382,1.12100900802,1.12278071508,0.575171437487,3.13846412331,0.261519597173,2.07243546491,0.114169096593,0.689385772347,1.3251683588,0.164683882594,0.466674228907,0.756719092913,2.35829244308,0.973241163194,1.10801631153,0.192857322395,1.93828217193,2.40233138204,0.406642055213,0.623396061977,0.768764521778,0.0446470341086,0.0928256559838,0.608951490708,1.02761921197,3.4125045836,0.109409009879,7.51300717354,3.59489893675,0.0997276319936,0.756367683411,5.81613897085,0.0409481777251,0.932965564094,0.261393738613,0.928696817011,1.41412195796,0.05841300603,0.239500310002,0.611531230733,0.216475600898,0.0901012002304,2.80577855375,2.77755203992,9.33435862541,0.141109480411,2.34956500664,0.423603779376,0.0805054437369,0.401624003127,0.173107380942,0.0,0.63170473326,0.26879693402,0.52656822592,0.107889694497,2.13459040642,1.15064541757,0.181218865067,0.111593488604,1.19488207728,0.358143360466,0.648126688749,6.60765312672,1.42793609947,0.0421007570624,1.25298301399,0.398644515984,6.63497030258,0.95527046904,0.0977543638647,3.94055902839,0.656587973982,0.104862965313,1.51837021321,0.698970966935,0.0116274914797,0.581486735158,8.87463084221,0.241048545334,3.80781677231,0.190194928404,0.605378748775,1.46221282691,0.426842797771,0.288636565432,1.73614693036,0.137839843258,0.10194668158,0.338101143092,0.00144572049379,1.37444021314,0.954079381339,0.99261359036,0.663155834116,1.02706504832,0.632063316554,0.551143368259,0.16912343502,0.320661373809,3.28984364271,1.40347034633,0.136957425028,0.602685320228,2.12174655713,4.57367730379,0.438003726006,0.309366957359,4.35814140797,3.44011339903,3.66593701005,0.600063563883,0.086992174522,1.01399539098,0.250928705819,0.822108225077,0.994585108794,0.418241955936,0.00288810229627,0.0,0.580593179017,4.056366027,0.0625575530529,1.79353932858,0.0651619026065,1.79738869742,5.2490108633,0.110509281568,1.52495925099,0.549969401881,0.537593666352,3.09669510126,1.50137849867,1.16117860898,1.99756776765,0.981086018682,0.115833032317,0.602534026913,1.6053276518,5.06307502508,0.682332422286,0.549300081413,7.89494428318e-05,4.87653077006,2.1852370888,0.180541707873,1.07312663764,1.18247011617,2.03417959154,2.94883896589,0.0,1.1439185296,1.01008027621,3.48855132043,1.17622453645,1.38018093951,1.26126483142,2.81237452231,2.45283342548,8.37463951111,0.017520451881,0.0,0.0,1.68761200428,5.6095152688,0.516992635634,0.104440822154,1.43302848607,3.47410375237,4.15685981631,0.0812255752087,0.199960418787,1.52140164971,2.7915461212,1.31777893163,8.13704128742,0.120964548141,0.440876064599,0.235093955193,0.308841245621,0.0866349711269,3.62879395962,0.119224624634,0.140229955316,0.227158735767,0.0304495612578,2.48998082876,0.00784923017025,2.86202564955,0.184573929459,0.0692688423395,3.1839960283,1.23555924818,1.42232558683,0.971901180893,0.528128548563,1.83329782367,1.06981391761,1.24096097536,2.1984787339,0.164546975265,0.144761472046,0.699961231947,0.843519733772,0.0380677472055,0.154248296567,3.19085499406,1.59980629265,0.623026290983,2.47456717551,0.0142088460922,0.180592159182,2.7279657504,2.07347884834,0.0095042341575,0.428505560607,0.476371752322,5.35715148926,0.606147750728,0.0341402942315,0.234322651941,0.699876393229,0.145325098187,1.12002948411,3.74962937593,1.97112516847,0.143493185341,1.3013572976,0.796805981696,1.15622815091,4.2784305644,1.92853643849,6.66022248268,0.138963547796,0.204070337266,0.0354241717607,0.487642729394,0.634262072607,0.876296855286,0.726189091168,2.525658243,1.58548409581,2.32332000485,1.26491696432,2.25378111169,6.35786769867,0.240866578118,0.216542428955,6.0002698493,0.264493694156,0.439801389724,0.6784743426,0.880643479079,0.283325244747,0.381814648598,0.857916133553,2.194486081,2.66699695066,0.689582199864,1.87142127752,1.32108477492,0.503837683499,0.084725083001,0.341114763661,0.0968131759763,4.07120111704,0.151235296726,2.78923414707,0.130724298712,0.327630480491,0.74211107634,0.690635668905,9.27717185974,0.388703785688,0.218643913232,0.0719542581588,0.150870384686,0.0556030441821,0.740204304606,0.0685177525133,5.55875141621,1.43936245359,0.0907475315779,4.46334076881,0.913287052736,1.92544739187,3.96497369528,5.0623946023,3.4122767289,0.0,3.37808576584,0.314860390946,0.505168946385,0.0866254030541,0.233274450355,0.488662514128,0.0419235309958,0.250063467175,2.98363975953,0.7981371482,0.645750830472,4.18007697344,0.198349938467,0.732003414677,0.00645717848092,6.17055609226,1.23586499825,0.162864742586,3.0000931716,5.7103666687,4.83947142124,0.453291752301,0.182207464781,0.264573852867,0.827727799863,0.0893125656247,1.07911267556,0.206691068234,0.59001017252,0.89415779613,1.12033760972,0.139800360054,0.399504611958,0.122362590912,0.161847430905,0.050125302393,0.138326302767,1.38958437152,2.08471153498,0.955075380653,0.114407567848,1.14785117961,0.146818306223,0.444407464936,0.0337974029384,0.0328660289943,0.378890511394,1.94853662634,0.155890617203,0.222373784799,0.287653931677,0.0238733795285,1.19688036531,1.0490630319,0.577061326522,0.0998871764168,0.437777767181,1.7797445029,0.944948765785,0.06564528252,0.878620133027,0.660315024044,1.52253054462,0.439827988073,0.0411580535909,1.50983191878,1.56850318551,0.742826420143,0.386338208483,3.22214075089,0.503831471056,0.130159306228,0.250048884675,0.35187304961,0.0698033742979,0.464863351946,0.0587271187082,0.539967308939,0.214523622096,1.37869370043,0.287351258397,0.898697078042,1.00539032435,2.21095834661,0.0901847818866,0.00476415673271,0.159234140264,0.298674533367,3.71521007895,4.42345197558,0.152535851225,0.131500421343,0.703743777517,0.517704265192,0.0918279424123,1.53558138043,0.0,1.4644217889,0.496577072106,0.0871663934737,2.43801463604,0.323511289265,0.988560813433,0.86169733882,0.154439827614,2.01750430383,2.30517738461,0.0422683310509,0.400750225037,2.73273797512,0.445668074771,0.107069427669,1.27818493605,0.28309749132,0.0822643361706,0.615355500616,0.439859779724,0.206844150349,0.553086916551,0.470607726127,0.740447160937,0.0,0.5264757872,0.191942896098,0.218125972804,0.949647099972,0.138769792989,3.38591002993,0.575116542019,0.721988596916,0.0473786303215,0.12459368661,0.169486016333,0.14686674118,0.198529659547,0.0461384167895,0.746899270788,2.3055226478,0.305346281468,0.352286895514,0.143946833275,0.492591756232,0.256548583321,1.12272053742,5.27832512379,0.0568237855099,0.568661369458,0.9932100139,0.00859113320708,0.261204261556,0.32122469129,0.917762438431,0.473066122942,0.604975779555,0.340739885569,0.288885598909,0.264652079456,0.0887538178265,0.16766276733,0.247980030142,0.157995809728,1.16382894084,0.00889002323151,2.64775485214,0.023595153754,0.338340290571,0.720029499382,0.896498385966,0.129480187148,0.307854810981,0.0281312225759,0.0698093148693,0.44980820179,1.11615359463,1.03580912784,0.467330234407,0.769837549329,0.466033189809,0.62692566663,0.183188491762,0.153217703775,0.744872441031,0.221634363867,1.54716726755,0.0970098028705,0.146387232244,0.649429544732,0.478177829422,0.805563766807,0.224328140281,0.40828182593,0.269467165768,0.224949982208,0.647994170934,0.337723542191,0.280984125994,0.743060056344,2.03965740178,0.575124173835,1.54179696724,0.192906904817,0.324944496714,0.0211497681867,0.317763114776,0.176120827347,0.413786103725,0.321413715053,0.722228666991,0.0239531079307,0.394594873562,0.0547137859836,1.41140683187,1.18277153973,0.507023478076,0.312248483673,0.580342993808,1.8893428034,0.465603641495,0.623691182099,0.70664561674,0.362987883054,0.125733922379,0.301520642787,0.262077644616,0.264627008263,0.914757270664,1.8779534407,0.0316361406446,0.0972504679859,1.54687233651,0.485575274685,0.000382179133594,0.1465139281,0.53719906114,0.586319326982,0.428302787245,0.0919425827451,0.122990558157,0.00811223506927,2.13941717267,0.163096574843,0.156617004275,0.10089515077,0.0195932852477,0.337552817538,1.31362624213,0.295253495574,0.718677966297,1.7706412065,0.442760370011,0.41629694093,1.06437573344,0.397575309128,0.749421586564,0.0520971536636,0.324455053136,3.48983670354,0.170522194356,0.287077402845,1.05862444245,0.452949049929,0.525981366336,0.293743971474,0.15773378402,2.74240784049,0.878555572815,0.00846849553287,0.0666997956485,0.0271406437457,0.491329369843,1.78400676116,0.0554866274446,0.294688977823,0.253322895467,1.82466845661,1.66781674579,0.314028768167,4.7953008303,0.27922319293,0.0782237628102,0.937635276825,0.400321208239,0.048891514563,0.739878914803,0.290295302235,0.406237755138,0.145435049608,0.00195777148008,0.215214459483,0.0860563325882,0.0847633967083,0.90766374737,0.840096688196,0.864756892361,2.51107563108,0.234214918651,1.05062523348,0.515877530202,0.125720644072,0.778195668086,0.381339540593,0.0804324227571,0.0893660622835,0.585971473027,0.324225753844,0.0507014695089,0.00707150422037,0.0849971226417,0.561078246944,0.826561781783,0.318257220536,0.478766382709,0.000343772917986,0.35595460874,0.561588447168,0.469699992789,1.86267782301,1.3366175767,0.0713244338892,0.468060423881,0.386367920302,0.0265248923004,0.174013445973,0.10288106747,0.00484063744545,1.03444800571,2.69428750038,0.481917980574,0.269726700764,0.03537317954,0.367410358489,0.426754908129,1.75027304969,0.249918670058,0.402981948629,0.357345365584,1.73754260585,0.128652935429,0.206266879439,3.20743974209,0.807179019116,0.0919834203273,1.25016648233,0.871354903728,0.425854137279,0.819513262841,0.159806382712,0.339707086328,0.0618133932352,2.3286625123,0.447579649901,0.106942869015,0.17679070916,1.60912538543,1.16481736079,0.335118081048,0.613274933267,0.283577386737,4.99779824167e-05,0.16593725211,0.264642479531,0.0,0.141111158198,0.20868206121,0.296340253204,0.00101360142231,0.420865919422,1.43776937887,0.049918064028,0.132906140126,0.274620852862,0.0439355755597,0.0839180602133,0.123568154126,0.372201008387,0.000405831150711,0.0455707169976,0.373816242386,0.238951927535,0.233945177067,1.788094244,0.564344800259,0.15835809241,0.705772102103,0.878295042547,0.760898813345,1.18175718714,0.512259851336,0.159088856718,1.97610993966,0.532811036631,0.0966026066802,0.155832432918,0.422143314267,0.336240431387,2.98143047063,0.620809412487,0.350180521756,1.49765437234,0.836626562029,0.936085468382,0.810252517127,0.0388702737913,0.139041441428,0.536296576662,0.695550523722,0.0287409469485,0.717019149726,1.35305573791,0.552291247174,0.000387342013419,1.05405610934,0.334429299794,0.046668096208,0.0407202575728,0.503245395091,0.848808370084,0.723320236579,0.260575259626,0.0907170071825,0.108868065774,2.50857135162,1.05559184483,0.443873863406,0.000692629739642,0.0105890773982,0.00862983873114,0.0524209098518,0.156583939688,0.117737569893,0.0222413982663,0.909308942221,0.00914982600138,0.317014430687,0.203819536779,0.00309785783291,0.196396738291,0.0237714869529,0.140093177184,0.0899482351914,0.42991218321,0.70239827943,0.992876665518,0.0252878473699,0.188453833908,0.445762469135,1.25665690564,1.2866440404,0.62237518698,0.496708512791,1.92988573179,0.62291431047,0.1150820316,0.570108960215,0.428089746498,0.0214402400702,0.0263650950417,0.42716492733,0.423902725731,0.357424670225,0.406908709332,0.0122176781483,0.213195288572,0.597162958514,0.398631829843,0.539181012809,0.422565515898,0.0264871908189,0.312397282617,0.00455542892218,0.215091346949,0.671588464677,0.176013461542,0.0676142030209,0.203788642045,0.510373477936,0.626730714049,0.804111441798,0.159876953401,0.484384743609,0.21855107503,0.139322154648,0.0803438210487,0.00499574512243,0.0329803593457,0.518980712797,0.232155767381,0.21259980564,0.131715862425,0.30048713401,0.344227914456,0.62060514845,0.0322301253676,1.10368285729,0.148510833867,0.00541895985603,0.780028108144,0.341135369581,3.93963614225,0.565515379986,0.452468153029,0.234515820928,0.411425979566,0.10768387489,0.464236292916,0.143678498268,0.177453121468,0.036328642075,0.0131241384894,0.112430773764,1.10270293627,0.351947172121,0.00322340160608,0.996815722734,0.0354165980942,1.45419008029,0.318846019888,0.00854739427567,0.545828626752,0.814289671159,2.23538761081,0.275808425583,0.0329263005219,1.09999284294,0.0460080947907,1.8836392045,0.428516657203,0.0653704221547,0.0357856263407,0.150079683755,0.0734881074354,0.0194737333432,0.45690455921,0.00624249251559,1.05601562046,0.492950068284,0.359549403116,0.11573535379,0.0643657496572,0.0760346181691,0.0618153243884,1.47178521313,0.582528173011,0.0505256092548,0.0855662031472,0.458398302421,0.981575106755,0.0275826040842,0.0873341838177,0.0443812555447,0.0419139244501,0.187261926234,0.313974619806,0.551250471622,0.377341606393,0.0216172984242,0.0712796131335,0.062386151664,2.15103767566,0.0195713740308,3.9335723095,0.630972228572,1.74117073841,0.0113470961899,0.37659049606,1.5152328489,2.24569491029,0.161413980722,0.2266822806,1.67967898339,1.71426310018,0.295544251464,0.219446061775,0.0316175520979,0.136940626126,0.187197362781,0.0623361372482,1.76599453541,0.0400590701215,0.373786930246,0.0185393324494,0.215343612358,0.0793690865301,0.519137413874,1.04150365919,0.305710475703,0.365225895345,0.832450665329,1.0593788521,0.0,0.0,2.09681003958,2.85617462337,1.0084167698,0.112148688938,0.0,0.781381477527,0.0300462373346,0.0147206556797,0.513898207694,0.952715928555,0.501871842388,4.65758779652,0.519916756749,0.246415984184,0.742669385592,0.00117428056896,0.0462806016952,3.21988208055,0.106637388915,1.96091494799,1.06723711759,0.168045145739,3.2897810182,0.0128433966637,1.4152609282,0.000342535302043,0.146173243523,0.33409762457,1.39837286463,0.000901291519403,2.03641838278,0.0295246830024,4.66139568329,0.0,0.278828156171,0.641759714037,0.835043896073,0.329452911764,1.31604316384,0.142928536534,0.846044564173,0.00926159143448,1.25114835393,0.5421020028,1.51982795089,0.782890026495,2.81950282812,0.00122930470854,0.299914057795,7.04374533057,0.211961442956,1.88474253252,0.349040598929,0.349018324614,0.777352078557,1.2756816829,0.0523464462161,0.486048609354,0.345063512325,1.04617231309,0.0,0.312039715052,1.76799454086,0.0,2.31777505308,0.12474588491,0.0924209060147,0.939991497993,0.0110161873698,0.876919174492,1.19738554711,0.293362856805,0.712892953306,1.25156214058,1.12245245754,1.4925931167,0.0,0.0,1.46905359328,0.0972875240445,0.22702406764,1.52280104965,0.00866751090623,0.188521037325,2.10561078429,0.224100052565,0.110599035211,0.255439027771,0.142647052854,1.04550154343,0.0157622915506,0.0,0.487576082945,1.49357712746,1.03051720247,0.126034945846,1.079515481,1.3668634814,0.0214346441627,0.506796300772,0.0905955642462,0.0160795072466,0.0794537749514
105,0.337645789534,1.28785525499,0.75230029068,2.12966485187,0.0724768102076,0.314019028321,3.62868759945,0.307448037304,0.0287114299834,0.825311291479,0.439146252573,0.747618068457,0.0770493876562,5.18743686914,0.185153847523,1.78140705884,2.00885560557,0.155039944202,1.7498800046,2.05959490627,0.486994825155,0.440006029084,0.474253802169,0.193812532127,0.0,0.431557233632,0.00187863560393,0.341841564458,0.941825468689,0.583254532758,1.3138365221,2.08413565814,5.41347071528,0.0466067942977,0.234344201237,0.0616567807645,0.653387478739,2.69529952407,0.0297323958576,0.224217286706,0.949075343907,0.897659200132,0.783502954543,1.43728464223,0.0089730066061,2.96442249179,0.109567433447,0.544723742073,2.0156472747,0.342827633992,0.34250561595,1.79692871541,1.52675372496,1.8491672942,0.483668352067,0.113001148924,0.731711426228,3.19459266782,0.255795735894,0.269219426862,1.17190629184,0.167991194651,0.139354454577,0.610283898637,0.544443304241,1.13049526513,0.16792952992,7.69328662872,2.79660513707,0.0121961247921,0.289016460627,6.62359024048,0.0123908898234,0.558349550739,0.198992732242,1.84647305399,1.76595900372,0.290068039335,0.0833669580519,1.16947236091,0.254229865968,0.152116296887,2.92144099057,2.13757391244,5.7122422123,0.102707365584,1.01644291951,1.60842304766,0.136921716183,0.756503925994,0.59894967407,0.0873098236322,0.842782769911,0.369814200327,0.113742985586,0.0148324924707,2.15702950299,0.813997129276,0.175875782687,0.210749401338,0.806122598574,0.850663787127,0.932507646382,5.07170708656,1.88828780293,0.0518308487535,0.550061340742,0.300169306286,8.52513476372,0.159486773685,0.558043130934,3.27364822388,0.472678146744,0.0863684824109,1.7577202151,0.247536260635,0.217399177998,0.791088271961,6.79534952641,0.2073208228,1.18445802741,0.224751895666,0.580747429878,1.24833940554,0.137034102902,0.202792496383,1.34392568685,0.104037285373,0.0280266225338,0.0220870402455,0.0,1.68569768772,0.969162772037,0.40029905349,0.500190648586,0.97678287223,0.886401106119,0.360427509993,0.116221350152,0.50611137257,2.20913973749,0.867307078578,0.0983015985042,0.57324558869,0.205496995449,3.71665339112,0.519652030542,0.3094512574,4.54089812994,1.50116482735,2.19182075694,0.66021517545,0.189923478663,2.07999084353,0.474657228291,1.33772795148,2.01456489556,0.961572698504,0.0310598421097,0.00421448618174,1.57015146244,1.64124760896,0.14732645452,1.33207421541,0.107060382813,1.12327848777,5.5932818532,0.451129161259,1.46707155228,0.338142289054,1.12654348612,2.9825030899,2.20571623921,0.467723678052,1.30787415653,0.819431960587,0.00807953386102,0.161289160065,1.26854128234,2.86279430091,0.374037973834,0.634854458347,0.0197314731777,4.09881984681,3.47042297602,0.34214609012,0.564429548979,0.989744220376,1.03059575472,2.78577412814,0.0237177328765,0.975528315492,0.95014760077,1.82135956854,0.543796317726,0.481114394106,2.93055812187,2.27435265422,0.160847253948,7.46129126549,0.0694832988788,0.0,0.00160453245044,1.77393214405,5.9497589159,0.23575041052,0.0675419119745,0.826217896631,3.24206390083,2.32460858643,0.066853962345,0.100787522551,0.746885925829,3.9905149281,0.641943967193,4.97855595112,0.406646772474,0.199823612869,0.177735289112,0.183444451094,0.0443188852072,3.59162192106,0.203710313439,0.65168882899,0.144405464232,0.138477114569,2.78774553537,0.163449093103,2.56241754562,0.0889337094687,0.0870682644099,3.33103111923,0.994331265688,1.32643378019,1.01061956316,0.236121115405,0.71805496037,0.521421423405,1.94207102865,1.04466097109,0.0202043775469,0.334098990634,0.268746332526,0.750451194048,0.0230742334947,0.578165475484,4.6583271122,1.2189544832,0.896083806716,1.72476905575,0.0583286061883,0.0496192857623,4.52336740255,0.916059304476,0.0407560369931,0.69214430809,0.548067252934,4.18242237568,0.570344630517,0.235044683143,0.323760552276,0.766632736493,0.346678035036,1.47925316438,3.80516002178,0.836364606023,0.0738032991439,1.48222402394,0.4339370206,1.63847343892,3.69216686249,1.34055405319,6.01587066174,0.464722253382,0.109114662558,0.022182960473,0.514134421111,1.33639203668,0.486005702466,0.475144404769,1.42588157453,1.25042857558,0.464083085917,0.919775111973,2.35583230555,6.18723119259,0.180394579545,0.337889120197,5.36350167751,0.85627315402,0.496928807795,0.816759342328,0.440682400502,0.83648773862,0.335932197347,0.280087125134,1.7865772444,1.50557552401,0.273648374975,1.4408489722,0.885808318108,2.05087233499,0.000393023975194,0.453181668967,0.0949987953901,5.7138731575,0.0276067553833,2.48051618338,0.00558771286625,0.26131542027,1.03325548366,0.832428428754,6.83536934853,0.203821760714,0.18428237509,0.027537561655,0.334959711358,0.0600097823143,0.950679188669,0.0694964898378,4.18997680187,2.08612184048,0.664609358609,3.79882533312,0.290068414549,3.33903501749,2.25779378206,4.7304498291,0.96241312325,0.00197876363993,2.79831595182,0.623797789961,0.290904561915,0.0255048721284,0.484729128703,0.0599196274206,0.0,0.316964641586,0.890555846635,0.212776341895,0.350036270283,4.20457095623,0.113975961022,0.25082383506,0.0329514434189,4.71551846266,0.512922109142,0.116212915182,1.92242492504,6.32381298065,3.53223516509,0.741736375615,0.193368865578,0.166194688082,0.502487992719,0.0543506654724,0.611720131263,0.125602014624,0.0619401774555,1.09057670951,0.887761949301,0.169202668928,0.25760089024,0.123063556012,0.23938831266,0.0684434402734,0.217125276625,0.924777519703,1.44456092527,0.84909526661,0.0827929911017,1.25554154791,0.847914855219,0.201951880381,0.0821305094473,0.402877918594,0.0718812761456,1.31333448259,0.260198766766,1.72627461223,0.188531723022,0.166771464944,1.47070562311,1.22843110181,0.83551828403,0.329949545031,0.136528885067,1.39008497581,0.237071472052,0.184976094663,1.3095070906,0.281068607457,0.752094423622,0.514898267239,0.113175241181,0.398098794529,1.00580054954,1.15555091724,0.201816783957,2.34233767033,0.259541576549,0.0454066726565,0.423503981447,0.251597189875,0.0379145258782,0.149879158172,0.0189804434639,0.446423598081,0.287936269268,0.577224261314,0.393607248142,0.222122780234,0.767273366451,0.746296902597,0.253418891747,0.0384463872761,0.176193488872,0.0434538979828,1.73247457981,2.56301566686,0.152729127295,0.0981775588728,0.783537198715,0.313112950819,0.0933878965862,1.01038931608,0.0,0.464987666905,0.585050856406,0.0483638999867,1.22817662597,0.564339241236,0.792673715279,1.02375983581,0.795582578182,1.36902105716,2.03306226134,0.154132894659,0.486174325794,1.65707037225,0.40846616447,0.0970498493314,0.237585308542,0.479985443819,0.146250267085,0.384186154529,0.352850082833,0.20673033949,0.167478542009,0.237741939584,0.244328428656,0.0303255222738,0.106604304193,0.39342723207,0.189896104522,0.49144236207,0.39480325356,2.63869035423,0.529495767504,0.792853163797,0.327876306474,0.0607343877852,0.636010956578,0.109008174445,0.0226711235754,0.238907080237,0.43064943485,2.02840043813,0.150484922528,0.0872731019557,0.428850920424,0.218173044082,0.416596515477,0.922475891557,2.96332161725,0.0933049393492,0.49401386112,1.08024784282,0.0,0.081053718254,0.522969173789,0.462901712209,0.608381489209,0.497729264349,0.215045121238,0.518370021837,0.259229820371,0.140382446051,0.250149596715,0.148363851421,0.157829538696,1.8606563884,0.00311694890261,0.76399255529,0.0157528480515,0.151025203727,1.01475340575,1.08605971172,0.364892210755,0.565033530965,0.0348628070671,0.204443990067,0.390942102671,0.794053254854,1.24984331131,0.544317551665,0.364478149042,0.462298467457,0.530264435112,0.0251125858352,0.753866386339,0.224985233583,0.667203879356,1.95032026727,0.0742133963294,0.0206001776829,0.747808491439,0.349663102147,0.766315986896,1.06526997221,0.223564415313,0.322710289434,0.34506006293,0.988539851308,0.181045639049,0.231571668936,0.498697526883,2.07334367238,0.474130069483,0.740976470229,0.126279138625,0.658467091769,0.101588217542,0.229928026907,0.0683872365952,0.145638305247,0.501662035696,0.292059217053,0.0858000427857,0.595533233732,0.0393549000751,0.970498190522,0.269556582645,0.688810231462,0.180695803259,0.159158016453,2.03364769753,0.312457941568,0.602550872564,0.343000995256,0.211612185054,0.308670245111,0.297326929867,0.210088425279,0.303803069443,0.491738194227,1.19607544038,0.333963735253,0.0443582080677,0.773023240864,0.443613033146,0.00594759106636,0.613234504024,0.330969109712,0.25459169067,0.697127741948,0.621531259855,0.200630563662,0.129958730415,0.958265540898,0.0946409593523,0.243155795932,0.0364072019607,0.283032764569,0.202345000608,0.773135402589,0.0127524216101,0.292883289382,0.656840716638,0.132130422648,0.304655949175,0.651823783254,0.162896881066,0.730577285551,0.0168061664002,0.398976963703,1.75626816563,0.191690723244,0.18962862195,1.51000220776,0.333616227508,0.33026160486,0.271637028959,0.11727758538,1.7617300785,0.420053358749,0.152131363787,0.571133385152,0.105591788441,0.572941321284,1.05732962802,0.00806235671043,0.385230228397,0.462298795767,0.847427796298,0.753808632554,0.170319449306,2.43609673619,1.03212643221,0.0769664920075,0.183183955811,0.120085260719,0.627179115713,0.138909485228,0.192875634432,0.345273047714,0.487387870066,0.00436896264553,0.149754440822,0.0975597980618,0.161793291569,0.343817556202,1.1699356395,0.25793170209,1.05479177924,0.840780592076,0.87451978147,0.789223726168,0.0957540977467,0.56451857917,0.790080074891,0.266595859379,0.299530606866,0.560944464961,0.306719331667,0.12315918345,0.546170456707,0.0596907837503,0.409219047679,0.379976894744,0.500276132626,0.324634867245,0.0126800608635,0.088320101276,0.793546951115,0.0953280093521,1.3179393512,0.873743880838,0.18751332745,0.341030628011,0.483388174986,0.16156530818,0.0225866535306,0.231820888966,0.128936202079,0.34354166016,1.73342626214,0.226666123606,0.24821371574,0.157138117887,0.00165143363178,0.29299443135,0.916264669001,1.31647922806,0.0226856246591,0.379805213511,0.992445794269,0.261388267949,0.609088445022,1.96752313018,0.337329939641,0.360880394205,0.397368537448,0.586314886808,0.156209357083,0.467606394701,0.292993003242,0.332863006368,0.0839734820276,1.33922920473,0.0456601017714,0.15951398965,0.496005768897,1.38988480621,0.382669189945,0.457726120269,0.449015148282,0.0198395225685,0.0239241817594,0.0343924199993,0.168572589122,0.0,0.160546298958,0.0848272003094,0.281707260087,0.00977944508195,0.0897406172752,0.65553279575,0.0412120745704,0.10756957693,0.145082685929,0.049460496176,0.0293180573732,0.120090131781,0.998524440229,0.0452728297468,0.0766717861965,0.768633261602,0.531388131753,0.179074474405,1.95114195853,0.304398982513,0.174063652654,0.263900877845,0.396131146867,0.842109330371,1.15060640424,0.201578402612,0.509507194553,2.55219889045,0.448339994568,0.212411654852,0.0607652709936,0.174547744021,0.235170606598,2.35890655883,0.402215754762,0.178375193849,0.790502974838,1.29290224554,0.637534636352,1.25964196271,0.100904559791,0.301353036817,0.0906497100834,0.973478506915,0.0103222182766,0.247539640497,0.796985932067,0.145272085592,0.300784151852,0.748192406744,0.310281058606,0.132786161099,0.142693625353,0.725428867517,0.326545700748,0.278565752283,0.156992768645,0.47916237399,0.0631846521795,1.80783660673,0.533347656727,0.1436241615,0.0778045094851,0.104075498283,0.114795949599,0.0310577263031,0.101940662758,0.125784807429,0.03677031809,0.691051813029,0.0466227224469,0.164130493524,0.72487331152,0.0423870706558,0.140623315945,0.166563428417,0.374626066615,0.0826662090328,0.0899476759508,0.611301566623,0.86097183859,0.12497827431,0.175375622064,0.201655004472,0.745113946093,2.83577933148,0.104581431672,0.478790066317,0.902260047719,0.899167903052,0.436168473065,0.212330145705,0.510887496751,0.348627712391,0.108171760291,0.707360544652,0.128175211827,0.680884098485,0.113767831512,0.0106314633694,0.16430095125,0.633001534832,0.175348703796,0.157251079604,0.24771310553,0.194614982456,0.0152834952902,0.143900877847,0.0154729358479,0.505758007094,0.0743463333696,0.0359698875248,0.988258356266,0.0137818291876,0.221305228639,0.349037083448,0.0451969636977,0.220225070696,0.648147569969,0.791654550172,0.0292570774723,0.00281100448221,0.378777776177,0.463429670716,1.8007835038,0.306848105127,0.16571616549,0.277349153161,0.140663795611,0.774831684381,0.0769944834895,1.09720690675,0.0281446795166,0.133803559574,0.125627344688,0.347147291498,2.65988550305,0.214879797827,0.353997331467,0.172094657421,0.558962789741,0.177428234676,0.383461571969,0.0950115692988,0.035718090618,0.0687584387045,0.0668913045526,0.178485513777,0.922834914327,1.10234511815,0.0415471176803,0.900867428854,0.0340705581009,1.13749449592,0.595651648492,0.0169409622252,0.0889682985563,1.12528108329,2.62104751093,0.0875380505063,0.0607536941208,0.730214592777,0.133971864276,0.893250482716,0.358210699353,0.0135310423933,0.07462572705,0.0761221561953,0.130641367845,0.018117913492,0.256696468852,0.0359728794917,0.344368588477,0.202459886633,0.805161725674,0.0405509603024,0.0869931685925,0.14216810476,0.0793780614901,1.72198733653,1.01731372774,0.110341246575,0.100981843416,0.574311482385,1.66080456998,0.552198118665,0.448459644448,0.364177585002,0.110290597174,0.22848357968,0.0821177100763,1.18582631757,0.593635471906,0.0992601681408,0.139102301076,0.0193745595217,0.602097332235,0.0786521436274,1.70461799636,1.57368048936,0.854415573403,0.1092250707,0.227647111993,2.17071194865,1.12044131644,0.50946849063,0.146356045678,0.894349131137,1.79654448316,0.513486205079,0.198392880745,0.0457132175192,1.01759126812,0.30346917361,0.0969579399377,0.460182884708,0.0386650194228,0.0890530224144,0.0200577926636,0.0628819650412,0.00579118028283,0.0161898629367,0.644003189057,0.389974957108,0.666245738175,0.232547492832,0.247395562083,0.0,0.00706073917449,2.02111602366,2.84749779105,0.950213836562,0.151085386788,0.00286849170923,0.341749923825,0.528275628462,0.0272414134443,0.78741010258,1.13557518294,0.114389534965,1.39778158396,0.113742777705,0.0,0.45760441687,0.0,0.0859362799302,1.68770128191,0.025706692338,1.97463184983,0.1599523299,0.323187721968,1.21761878498,0.00499652089551,1.03364134818,0.0,0.0474882424995,0.416830937471,0.951914262758,0.00470537334681,2.69057151899,0.370961092114,5.74626024127,0.0,0.396582864374,0.337170197428,0.397584847696,0.537224107832,1.2441691418,0.0459389322996,0.671739169583,0.0,0.105689869616,0.669575593136,2.77401683539,0.229147472605,1.45685213298,0.107596991984,0.0338198617101,4.73138722129,0.349333168417,1.50188693747,0.532848188132,0.00250507548451,0.500518885264,0.261195563748,0.0311180925369,0.0341779021174,0.062775708735,1.18419827946,0.00078661493957,0.473858279586,0.32760504433,0.105730243411,0.801122633666,0.0195000376692,0.00309645950794,0.781258119047,0.0,0.318047428504,0.308493672609,0.31522537231,0.510488182977,0.208256438971,0.00705886334181,0.508866777122,0.050794481039,0.000338931977749,0.969279695153,0.0938913631439,0.195546083134,1.50842412323,0.0033953872323,0.530149059445,0.63269492602,0.122101970725,0.0101077210903,0.0,0.076834744215,0.260385507271,0.00963922798634,0.0258190327883,0.5435242486,0.111420971043,1.50321688071,0.00449830695987,0.49495169878,3.36931367338,0.0,0.620685443543,0.129405013048,0.00258108958602,0.125066176951
106,0.00204230606556,0.858915637862,1.00946750641,2.17483339548,0.302201482076,1.22758125037,1.10820442557,0.454777388722,0.0190548699349,0.549475764781,0.807961871028,1.35247534454,0.118329572566,5.61470432758,0.024542374108,0.672959865108,2.61006645322,1.07292741299,0.540699776467,1.28682375178,1.30547667295,0.130375740826,0.607540198211,0.148013677597,0.00675358533859,0.6482162112,0.00717849954963,0.332911831811,3.44011075974,2.16453827262,1.32613295883,0.790352582484,2.49896755397,0.11292227257,0.47255718261,0.128217585464,0.567814330161,1.34394733667,0.0,0.128512988798,0.795810806453,0.0157469496131,0.453052731492,0.541285623601,0.0,4.657477808,0.0929259844124,0.450372884274,0.632681747228,0.507948335409,0.356795095988,5.1426385498,0.409880492538,0.772097647041,0.127452905774,0.095691004172,0.348613435104,0.744197090566,0.339399432745,0.0592048625648,1.11547664359,0.194841813296,0.310906575769,0.115642470047,1.6460526393,1.65461748898,0.509198247977,6.61030038834,2.53659932852,0.0463987958431,0.539314972758,3.85881209612,0.0245205669105,0.462541072369,0.246086911708,4.39660671353,4.54866492748,1.20318379313,0.323580599129,0.496060687539,0.651692499388,0.0648982477296,1.94583970666,1.30052500412,2.41762366295,0.341286122926,2.5138760066,2.23511535048,0.499632457495,1.34285327017,0.261147105098,0.167472123727,0.473815982491,0.567168676294,0.121531389654,0.0317800058424,3.08426705152,0.347588809878,0.0140681894496,1.12491434023,1.13034730732,2.24977104753,2.13349131927,2.55990405798,2.3264656496,0.597661526501,0.246861102879,0.218334615426,1.83968015909,0.0423356239498,0.913606898636,3.22595324859,1.37201107889,0.0493393241242,4.40342526436,0.699645240605,0.250283938646,0.974529787228,3.72434734799,0.0431753119081,1.28431003615,0.0786459726281,0.614277119562,1.70775261939,0.881518557072,0.12529155165,1.5951562044,0.0224280330539,0.000899186059833,0.0,0.00690083384514,0.906566948593,3.35612001896,0.617992739975,0.16748919473,0.411929566637,2.92856123447,0.55221181944,0.0820462154597,0.178716030717,0.830736992061,1.32827916354,0.314287839681,0.279989128225,0.423626779094,6.54176660538,0.676411487162,0.443252169373,4.02782863379,1.20739277244,3.15976566285,2.90708090365,0.105154087394,0.613178039179,1.34917285025,0.468693747465,2.47257370234,1.70701384306,0.131362930685,0.0410101495124,4.44254255295,1.53629931763,0.571575756073,0.667866787314,0.849987963438,0.25625243634,1.25789271414,0.487975852266,3.30504667759,0.676931227148,0.233764052503,1.91173065901,0.766438521743,0.550140795577,1.89101289153,1.21224080682,0.0326846587658,0.103754209578,0.379818142653,1.73491499379,0.215744511858,1.92952471115,0.052232743965,6.0121675396,1.70759942487,0.328803431988,0.560926704109,0.654954371601,0.722747914493,3.83588980675,0.00381123065948,0.211271211067,0.687790750265,1.51993619859,0.114737950787,0.670005985517,1.09322242778,1.63042638361,0.122048198581,2.48649349689,0.0127213937789,0.00234333276749,0.028512550965,0.575785668492,4.77611444473,0.305161141157,0.348904225118,0.45192543678,1.63015461266,3.34000623211,0.164426691756,0.174119149018,1.08238669276,1.83751151517,0.0700653904676,2.09143790245,0.34819933787,0.0301707953122,0.0986573333666,0.0353291132674,0.0392991501093,7.82875218391,0.51926719375,1.09772384882,0.08120511204,0.262357822508,4.16492427349,0.133082020208,0.312080267332,0.114860143289,0.0807804448903,7.51866419792,1.73620377988,1.78971144319,0.811833254397,0.0949170566257,1.17409170674,1.54059401035,0.272446089685,1.0744904227,0.0481430588663,0.450680580139,0.0608720585704,0.732466162294,0.0488583393395,0.428989173025,7.19728153229,1.76376348615,0.59105750978,1.4614722532,0.0906779750437,0.295895062909,3.99537121773,0.597812855775,0.0736316988617,1.17844104171,2.40746569157,4.52839119911,0.193628795892,0.282750960216,0.267226190194,0.516803399175,1.04516451091,1.7598639071,2.39443425655,1.11069990426,0.160912947319,0.791781960726,1.18499522284,1.66401468337,1.11951641858,0.838934443146,0.574964905977,0.461063695028,0.772418971807,0.0173042204976,0.202210532092,0.170229443312,0.153546499014,0.492195262164,2.02473042965,3.08924157143,0.323416150697,1.06096734911,3.13427414536,8.14855210304,0.452334814742,0.128199773887,0.589165718183,1.40053752005,1.97661107898,1.03491517544,0.428034420833,1.20620183945,0.0159768452495,0.118311497727,5.43017263412,1.99632773966,0.0184923444595,0.437534920759,0.284163827726,3.82978472471,0.018683988452,1.60698001623,0.0241588136554,6.62528351784,0.0281223098934,1.30489804447,0.000395335778594,0.627283420584,0.70179114989,0.994679015279,4.10764790535,0.278420159444,0.084810847789,0.0595707206428,0.200527870134,0.0801864038408,0.534097124152,0.213084357418,2.9404225862,1.30638611019,0.501782055581,0.782448269427,1.46365299165,4.49392761469,0.899959525764,3.35857808113,1.21705666065,0.0319356772979,0.687104215249,1.56996614993,0.146373741701,0.00949900306761,0.156646845825,0.17042191375,0.00273281596601,0.200303087626,0.881935488731,0.334063762426,0.350529796034,1.66745495081,0.118146666791,0.278046886176,0.0703769360483,1.88663649321,2.1980729574,0.0859573104233,1.20988879621,2.44179391384,1.44539515845,0.533904342651,0.214888597019,0.369037044421,0.558078024611,0.0874876880087,0.694552510828,1.115582432,0.0841611468606,0.408520790637,0.188530562923,0.141445108596,1.10243609577,0.916252858806,0.173668708149,0.483587751538,0.376637163132,1.20990748063,1.61368596494,0.683195841401,0.162055472359,2.50187095642,1.67254680142,0.590661506131,0.111907470794,0.157008965695,0.377624561489,2.94673933268,1.35310025662,0.714326998703,0.192677866966,0.0675120696425,3.20995227486,1.42410258176,1.73276849259,1.43318333279,0.545137535483,0.307255241126,0.979847406149,0.640020965263,0.521855964009,2.466382092,4.1015858078,0.687539163679,0.204600695446,0.198476345018,0.819599128366,0.696462975647,1.59557386711,0.388926386852,1.04582872689,0.0399304625951,0.0936717023421,0.762330345064,0.164866645737,0.182696044629,0.00249407455325,1.18436930418,0.0351542800292,0.518881395161,0.675448754244,1.02729522936,1.89410534173,0.167769241184,0.247584550967,0.0769401847199,0.0936752182432,0.0804287708364,2.53025149643,4.14457429081,0.149449249916,0.255821749866,0.563202673942,0.376558144875,0.0990564027429,1.40582191497,0.0645251349732,0.720167721957,0.178100858629,0.0819919040427,0.927233538795,1.33371503267,0.512955673113,2.08995742321,0.960992748337,2.46057560824,6.5662571907,0.230268457122,0.562253839262,1.10308086097,0.162679900602,1.26436334878,0.866649352163,0.314981875345,0.686281800494,0.742216764092,0.370655934159,1.27001457773,0.34834018141,0.308009659275,0.89301588729,0.287648317739,4.46603724241,0.618765087426,0.685189292061,0.335046674261,0.498728328701,3.73256931618,0.302150150258,0.961336802021,0.399061096832,0.474658425078,0.265731997294,0.179161605046,0.0235741361603,0.152987562343,0.614181791842,2.2711790669,0.144477974549,0.136099009812,0.196721782722,0.0926677917852,0.656793835908,0.272256293017,1.91752527654,0.645529938564,1.13488464177,1.95146989629,0.00134834483266,0.0157246971875,1.0314595513,1.29270996317,0.907462416261,0.510445760377,0.201611456461,1.46661743581,0.720783674642,0.129292244464,0.746848778948,1.38802918375,0.430958619476,1.99338385522,0.0216572538204,0.933088753521,0.0292212910485,1.30539234519,1.01315158069,2.64833023697,1.70379889783,1.04852535337,0.0722707677633,0.248693591803,0.444504758492,0.407325288579,2.55692620695,1.73955033064,1.36718558438,0.196659515537,2.18167766642,0.116730492376,0.644292225987,0.381114906296,0.285169922989,1.44219320662,0.563409448043,0.0102020871639,1.88647549883,1.4754541868,0.87114487946,1.09397504359,1.43437702731,0.272773815878,1.55170696214,0.545215540305,0.217723797709,0.111264396254,0.256491850764,0.0458116427064,0.720470418632,0.156271502674,0.540167737827,1.11147232026,0.266231361702,1.17044233739,0.0724061827594,2.13508806914,0.403237321428,0.570078460425,0.627426975891,0.675195112154,0.0886935238633,0.432876757681,0.676397657646,1.27345050842,0.469748124033,0.7841499421,2.24170695618,0.35588730067,0.203697834313,1.10946941301,0.732550718784,0.169570429004,3.75465488553,0.330602980806,0.0707618085667,0.301159309912,1.97311725914,0.817949810326,0.0251934464509,0.246225000583,0.775354790464,0.000473890900612,0.595106452219,0.330370101482,1.38090134628,0.557545265309,0.857620897032,0.240926306313,0.310152216405,2.26101843491,0.184369420111,0.128974954174,0.0434229237918,0.529490693696,2.23507194109,1.53553148262,0.0672501462419,1.12918216884,0.736923458353,0.354234252507,0.812423288822,1.78401583806,0.188641077671,0.115684283795,0.0240973245725,0.245951897651,1.22747483533,0.341212521768,0.80844361499,1.82196739167,2.14937308609,0.172922842577,0.468458211794,0.941408928446,0.171883856767,0.756440583467,0.893196522593,0.727083788328,1.22045686738,0.92155314669,1.11170872301,0.229830769598,0.0078786777705,0.119423187003,1.07410855114,0.694939015023,0.539928292334,1.26475309059,0.5589044654,0.454640011182,0.885817830376,0.075957145812,0.818035804201,1.14914332211,0.0943214054778,0.057515238747,1.89025072098,0.523167949431,1.30236619424,0.00735013870522,1.39835265011,0.330891905501,0.555747266784,0.190148801124,0.956686533839,0.75856714353,1.97103314489,0.626364225037,0.358346534073,1.29356734768,0.121382233128,1.52465765194,0.0265584446676,0.736852548793,0.151514715366,0.311662723906,0.827458907769,0.0825233227015,0.447097655758,0.324270387962,0.394345721304,0.129902264588,0.37860266909,0.329087016913,1.07049723625,0.0561123809218,0.682389280498,1.81200208972,0.224489167556,0.0638150489237,0.887820848972,0.061509732604,0.626507301256,1.27890712112,0.507508870512,0.829007194936,2.01852954186,0.0933465249836,2.24831688881,0.190923410654,0.168698620945,0.452413400412,2.16282453626,1.35218835473,0.0754111366346,0.311418028008,3.01358131349,0.856637780517,0.851467636358,2.19065167189,0.738690083623,0.596099976078,0.509013752853,0.630647795107,0.55621084936,0.166760833431,1.23379826918,0.151402073037,0.308883797862,1.65291174219,0.211403032914,0.349951386992,0.859943778217,0.594819816966,0.138336589308,0.678902114779,0.238543095235,0.662125406116,0.142754995003,0.0955316495523,0.203025979782,0.0,0.0416058116034,0.105739015378,0.354887670875,0.516534529789,0.394488968328,0.693733349391,0.39994691886,0.670880989553,0.10989769429,0.0633288674551,0.266694914773,0.557139947377,1.84996662894,0.0800943846442,0.155767468871,0.66222883027,1.11356838327,0.538910824467,1.79047191202,0.383873419613,0.234096542257,0.149440680668,0.25643511351,0.675720104799,0.260583656207,0.155119445631,1.33558608115,3.02604074299,0.0679722944833,0.331759329559,0.042918285355,1.26562393129,0.655689055175,0.971310310587,0.39094397366,0.823542920947,1.61190058839,1.24018667458,0.469902403504,1.18402400721,0.0409266813844,1.51688782811,0.111579472795,1.87526222205,0.0553896964481,0.308605497517,0.388864191277,0.312167442329,0.2023437199,1.49715823956,1.08586343348,0.466469629603,1.22984382071,0.859078552499,1.05587109511,0.135084707653,0.873982729297,0.585107801445,0.23483056413,1.92732705772,0.304153687581,0.408018439449,0.113519071788,0.21301450404,0.173096074704,0.332140457099,1.33412483051,1.19277346697,0.625011868253,2.69418312989,0.0985538997874,0.209286472574,1.32353871651,0.0240866841376,0.103266500086,0.750262929648,1.10935965881,0.223236401796,0.0795055299252,0.654101543315,0.850096595138,0.333753459156,0.450317243114,1.93970315501,0.513959257016,4.63269271791,0.501440431923,1.95726118356,1.04608198825,0.278998600896,0.28320473671,0.188715849777,0.688282084838,0.237386699226,0.633802018259,2.12262954533,0.102497081885,0.673470545597,0.682362945676,0.248355439194,0.495913211545,0.329280357379,1.00189268753,0.0131930731051,0.511686373353,0.201196408495,0.114473969787,0.801519839391,0.542880505091,0.286520923022,0.474834783822,0.172526904568,1.32598735839,0.0274599959189,0.327899666727,0.52563154052,0.207421724312,1.08044242706,0.0935758173722,0.518816509899,0.458669594303,0.0504597244691,0.12187979266,1.22432405012,2.44863816675,0.514947130531,0.894592953213,0.181146065444,0.255222009644,0.781737627387,0.125958378948,1.16770964444,0.0227862213179,0.103585245665,0.461670249379,0.563151802309,1.38412905157,0.696824267246,0.144913145602,1.21607806474,1.67109166048,1.48365503002,1.23041611781,0.662065135296,0.268772275513,0.324568354543,1.03009416055,0.2232505464,0.942675213963,1.76057368636,0.1567866138,0.246656472478,0.00820284891874,0.663618305642,0.873851410709,0.00373468395323,0.546612979174,0.597659452278,3.74513097831,0.0326405712496,0.0672094076499,0.308573946953,0.0749522171542,0.675656218287,0.553258048743,0.119452299275,0.715373585746,0.861528739184,0.678155240521,0.0243723545875,0.195058139786,0.0360194330104,1.13819316654,0.132928018076,0.642718906365,0.228970439844,0.0509012636542,0.0416788943484,0.237673455104,1.75304292127,1.12316404134,0.354418773949,0.391210581213,0.540975953229,1.98477503128,0.452034498006,0.600899642706,0.463099040166,0.262539975159,0.214963595076,1.08502526402,1.63562188089,0.887134658247,0.262912470344,1.05068477634,0.0153629746661,0.550558270887,0.33847058259,0.0999050072581,3.10650552511,0.80050706923,1.51265343733,0.362276777765,1.82776035102,1.37599656224,0.506916752197,0.0882646912336,1.9742086754,5.28944686413,0.00455498728901,0.108885339871,0.0104231417179,1.71863933764,0.0348699572682,0.0106811122503,0.217146016136,0.0,0.0328609235585,0.287392116543,0.0152762207389,0.0111512840039,0.232269903421,1.80052532554,0.029814247787,0.361509928918,0.519047765173,0.0022200948,0.0659509921819,0.0337178844213,1.46946593631,9.79348884583,1.47061560631,0.38451013729,0.00736471235752,0.159836037941,0.510989448652,0.446812621951,2.5880543071,0.145903220624,0.0362168574706,0.657899184469,0.0189139455557,0.0301938002557,0.19889165476,0.0732303412259,0.0644555379264,2.39786514945,0.474632375748,0.419609563053,0.134065588713,0.512894744426,1.00137151927,0.00503379762173,0.46982740581,0.0257380355336,0.0,0.843285472542,0.0604514031112,0.0145164680481,9.88166858673,0.925471911244,8.52650650024,0.0,0.978553532809,0.420652044676,0.0894047519565,0.00358829839155,2.06208165869,0.0658248876967,0.557387593016,0.0,0.0796764215827,0.173493990302,6.59150056005,0.0680418799818,5.02640714645,0.285524502519,0.0162469305843,9.56878395557,0.269031960741,1.2365585611,1.27726120383,0.00880691349506,0.0065522377193,0.00182465657592,0.00179167725146,0.0218477515876,0.663149281293,2.28681887746,0.0230755561031,0.814805754572,0.0138936574757,0.29813590508,3.66495319128,0.0100262594223,0.00958161860704,1.2429761982,0.0232143414021,0.24723420646,0.0319595745951,0.369188318867,0.234400084019,0.0124698060751,0.00166468948126,0.149222107455,0.29664986317,0.0424296958465,0.689289503843,0.0,0.685499394685,3.03985775232,0.0,0.55412623331,0.175514135733,0.16612504812,0.0660715520382,0.0,1.32284676732,0.298229261488,0.0130936396122,0.0876084658259,0.3688877666,0.0127264279872,1.34001222789,0.0963220754266,0.336563663837,3.63084756851,0.0,1.21746092029,0.0628702856787,0.00335623344406,0.0172157526016
107,0.0170238840394,1.42688071701,1.14690081809,1.49459977552,0.346411591321,1.16376670927,1.02179746911,0.694910833538,0.0472746157646,1.2121589925,1.08800112389,0.403815768845,0.0888030705601,4.5455463028,0.0896429482847,0.505400255043,2.93645434618,0.619205552097,0.897579288036,2.03160436928,0.858630655706,0.26574197039,0.447304909974,0.491849524155,0.0129226049036,0.346310917512,0.119147819914,0.0926388889551,1.00426524803,1.10760893126,0.561320023928,1.8571714285,2.26326634258,0.0871654423757,0.948529497702,0.510521858782,0.507894052118,0.796814516783,0.00967652643099,0.39794592943,2.13529812925,0.100298982505,0.0966485968884,0.66263673123,0.0541877990216,2.31341326833,0.0922572600842,0.274880720451,0.115464811046,0.33787753284,1.22059241593,3.65436542392,0.830345029384,0.680567694008,0.421139266654,0.174768381417,1.09844156235,1.20349977158,0.40285683237,0.541648574844,1.62976557672,0.0654546659905,0.317679519802,0.294418471223,0.782502695695,2.36438369155,1.77541641653,2.74403141029,2.49101849556,0.00784349411726,0.204899865799,5.01465513408,0.0241695303092,0.869146808982,0.134457403049,4.57556118011,2.31790992558,0.340963720977,0.555688431561,0.557166579827,0.92966005221,0.0720782462507,2.62417842016,1.75784068048,3.61588779807,0.530080259684,0.975831036866,1.56683929741,0.473008239865,1.17125461042,0.132992287204,0.0159973837435,0.206441768338,0.793557849796,0.801157976985,0.374561575204,3.13172080994,1.02208733797,0.0517090130132,0.652296375856,1.07333512783,0.998384766877,0.928765696138,3.18150079012,0.771815739013,0.489386184216,0.349069081508,0.221156448796,2.31909913301,0.292942246199,0.591231049746,2.35226019502,1.17684587128,0.0132183659077,2.20544478647,1.24766121432,0.0672610653937,0.668575067222,4.59026208401,0.0921051939018,0.861227995306,0.104613555372,0.420964739211,0.873151939064,0.545260011859,0.365590258874,1.83878430933,0.0150883437693,0.00579707935452,0.0761588512082,0.0264958243072,1.39254052684,2.63537811995,0.173580072187,0.0841249173321,0.736319329822,2.50828654647,0.676726794168,0.0627785481885,0.219640177786,1.32374272227,0.341744703692,0.398476359844,0.340473521242,0.486741890609,5.62074545383,1.36503626508,0.213279509041,2.43327382863,1.6163374421,0.976007589623,1.6368877608,0.318433776312,0.719587312937,0.528418473229,0.856919858456,1.93604440928,1.33270585001,0.343510748446,0.0740666994452,2.85979969174,0.946238649338,0.268924875399,1.35994613707,0.777094013127,0.176476692017,0.800762654617,0.069831019789,1.33246099353,0.232434466872,0.20474965984,2.38758022666,0.638681241423,0.343636472337,2.28492203474,0.525249217004,0.24014594287,0.494406748116,0.639017120041,2.69847384542,0.296213584691,0.875891457759,0.0512833147496,6.18072164536,1.8960267818,0.16930122599,0.845139299184,1.20237424791,0.831440640762,1.80214044094,0.00635908842087,0.396727276742,0.911406426579,2.11641894817,0.129913185984,0.290920830071,0.657343325019,1.35013055295,0.317579196095,2.4692707777,0.00863034334034,0.0,0.00439109809697,0.817673975267,4.70515360832,0.119548943359,0.194948653877,0.433746158928,0.944619077933,1.95402138472,0.356799460463,0.168273562938,2.66685638666,1.80937129699,0.416930904984,2.39052138522,0.310062571838,0.00383935108781,0.17716163706,0.434791094884,0.16404201448,7.63337594032,0.300298058763,0.809739655554,0.121294546723,0.0979963535257,2.97130636692,0.558918406311,0.906362277493,0.317327028131,0.150989766782,3.95585126638,1.62762016058,1.32355278239,1.13109147549,0.334989754278,0.301087068021,1.53694369128,0.659526911601,0.544892553641,0.0687262687832,0.361862218529,0.257907219231,0.31884635672,0.0878005740047,0.0545947943628,3.78203505993,1.90737208843,0.686752434894,3.19835911572,0.222310719658,0.0506575293094,4.01442805767,1.11381993011,0.140122296363,0.677189375609,0.949268846214,4.85422891617,0.454404622652,0.195145569071,0.128852741383,0.363109816313,0.60264918521,2.18240386084,2.11428904772,0.263556685373,0.509410599023,0.948121547252,2.2580332379,1.67996685417,1.70387346715,1.14173845559,1.55125465035,0.185541595519,0.553391054124,0.0707002021372,0.219705824056,0.36582267791,0.320073829293,0.472178490758,3.15987059832,2.38172401845,0.53724871926,0.334150999486,3.88234280467,6.4496492672,0.402156958804,0.15295807753,1.00139523268,1.43167616129,1.63127149552,2.238425363,1.04305967465,0.56684571404,0.15570011057,0.0862530437112,3.98304503441,1.9279826799,0.0818983358145,0.551259527132,0.31281157583,2.20065358419,0.0286348856799,1.50184614971,0.0771261268109,4.29426370621,0.134313064814,1.09444422901,0.237298085988,0.965416122675,0.336884755064,0.602993300557,3.61476800561,0.223584329933,0.146118595898,0.0569143114984,0.209472106826,0.207608483396,0.556346297711,0.106983399577,3.50202386856,1.83835956931,0.275063900203,1.02627085149,1.2373695749,4.9283313942,2.44101317286,3.39431372643,0.867291533726,0.0297702118754,1.44317850053,0.616541740224,0.0649178593978,0.0654624490067,0.102817935254,0.243245703503,0.0290249075741,0.145335326716,1.44230471864,0.511267075539,0.108583817035,1.95818077922,0.0688762252033,0.364943798818,0.373133970816,1.47839645594,1.08173777573,0.566758943722,2.96413666844,1.73411011577,1.36178790838,0.522661710829,0.11587485102,0.883321498483,1.54421380609,0.149966512453,0.735602127137,0.223435800374,0.165005748915,1.27890437067,1.2741172713,0.0933498889254,0.131356379911,1.31541891262,0.085868307855,0.234876750179,0.474098069295,3.46138566971,1.14043528277,1.40586553037,0.358039243538,2.46104864985,0.432965242481,0.459402178079,0.21858487267,0.156067982521,0.498928975761,2.87862852097,0.360884345397,0.347526899911,0.61277516067,0.00661267623305,2.43512378374,1.61911656365,2.19727273822,0.981849885434,0.671880310327,0.881988484561,0.692419151179,1.33995614991,0.633083419688,2.9655991713,4.06551091239,0.163409436569,0.0698741848022,0.128168907361,0.573270986006,0.374533994235,0.736207579076,0.975206136256,0.584938715473,0.0530224726908,0.346329872436,0.553286953717,0.199320231406,0.511806788123,0.102262317389,0.764556485862,0.262515174411,1.32825548008,0.244547586925,0.237173245847,0.981205360703,2.05370389372,0.103117109537,0.0582206858601,0.132906181216,0.590651821606,1.58095687941,2.74637053132,0.270401107967,0.0961518144421,2.66592094779,0.489113110006,0.0864294111961,1.79631526548,0.0,2.16410250425,0.0994506355003,0.0113338133506,0.47582289807,0.794627208728,2.32563035205,1.44458487332,0.134167433791,1.44418741316,4.12713409245,0.0344845207408,0.560779040158,0.910793368071,0.338390887817,0.500422423482,1.48539513191,0.0333920612186,0.22294081849,0.605722307712,0.836451185755,0.432286001723,0.732261878699,0.673321345448,0.947856726395,0.136096965726,1.71132802114,0.61330830276,0.96911077721,0.251847870629,0.270894346312,2.19639014661,1.40417462707,0.75153137289,0.425717399404,0.162054970376,1.29600371301,0.112903817818,0.0779652483761,0.0441563058392,0.574202043489,1.54218350917,0.285320982635,0.889919340852,0.132990272399,0.0940379013494,0.14872470079,0.717117638066,2.33889647324,0.196382640265,1.4181786155,2.18839100979,0.0,0.155295164436,0.745737083191,0.661740743369,2.0278946583,1.34085201338,1.33597728759,1.29751665261,0.77727538934,0.413275749981,0.485171991587,1.27322387785,0.245721482933,1.99533787012,0.0250583830103,0.617878659379,0.0655320769548,0.481822037622,1.05188062057,1.98430452883,0.341652335748,0.287423734651,0.00446109645069,0.0380789881013,1.63277130516,1.64900479496,1.52624391705,0.64058295995,2.10750924766,0.280369467288,1.28133802503,0.102642033324,1.19046954021,0.542828719132,0.654267673511,3.04225496411,0.874704835936,0.779745405614,0.893628785312,0.871866971031,1.13231623635,0.61149815958,1.54248933405,0.18027562879,0.848239248432,0.6594405811,0.54652698569,0.430816713176,1.3725091742,0.22804523997,0.651688137352,0.312793819793,0.838548074737,0.372961211875,0.383771426575,0.378003880009,0.360967905521,2.36275957763,0.249243170843,1.10758997008,0.627748798467,0.369020077074,0.16156093657,0.474589833766,1.1042480702,0.93444368273,1.33577417165,1.0660898634,3.31945625961,0.57660269171,0.555312688053,2.40525087085,0.850824228004,0.440283497588,0.499936494268,0.112719733641,0.0518339050561,0.195504523087,3.65563905954,0.234903015252,0.213707332909,0.104843630604,1.47051416337,0.00991291836835,0.413443076536,0.819245086536,1.07210832499,0.3406728114,0.434944716543,0.126709890487,0.164143866897,1.95800593771,0.122050923407,0.116626428962,0.426484555826,1.04092789438,0.548799527828,1.52149871897,0.569621168077,1.02829595253,0.78975610286,0.180603404092,2.22073105395,1.19222256825,0.271522573978,0.0971640810184,0.132859150171,0.488102596886,2.89357189834,0.560614102855,0.457006996945,2.2916626139,2.74728047729,0.717906033546,1.11702731878,0.48437135607,0.927874745559,1.8058814925,0.233158097789,0.129894820601,0.576619390137,0.691799467392,0.533152141124,0.174695043936,0.15719841551,0.287409004122,1.47494775862,1.10934116818,0.341776844682,1.41010286596,0.139692254737,0.894885139742,1.54470983803,0.197031539977,0.363217927516,0.767956465073,0.186876050234,0.257638750747,0.965872347727,0.344544882278,0.401772501767,0.000603559277952,1.02746395107,0.859673117995,0.439939373881,1.10725535905,1.17451824255,1.80833323032,1.3051101622,0.572465250939,0.325788423792,1.64044416085,0.426926493309,1.59569308341,0.0843547857623,0.761762449704,0.171908544376,0.296206341609,0.0133114206791,0.0565811112523,0.551675728858,0.39384575651,0.836313498616,0.446165674394,0.0712890754268,0.613773585502,0.904387213662,0.0573049551435,1.12524082392,1.27944593133,0.137554322202,0.105266803131,0.64320808664,0.00272154651582,0.167071755528,0.432821221091,0.294691333864,0.360836893618,1.56221214339,0.244198016245,1.37631919943,0.0578861192241,0.157485882118,0.193339505936,1.95653970778,0.552656385154,0.244229457462,0.201379054151,1.79055798173,0.254969465453,0.128962256252,3.25907866955,0.647047913596,0.297905566054,1.09758996807,1.29987326905,0.365814511254,1.37753188133,0.319659246691,0.196003343016,0.732692957968,1.94943667443,0.271930175386,0.412915312648,0.355220153127,1.54571182527,1.24298309067,1.24723583542,0.672020887882,0.550238381485,0.295625794418,0.438565948969,0.281680483464,0.0,0.263242960256,0.0639354582503,0.18332779462,0.274052148499,0.808290174939,0.811385795306,0.107482029051,0.815524672419,0.488107608631,0.358444987568,0.423037147261,0.322425851524,0.801253658216,0.230320146596,0.388283695877,0.248205389827,0.719058254426,0.556167705059,1.33078266069,0.98270794332,0.620956896544,0.414729459826,0.156711710542,0.85727653712,1.51052356178,0.237539407238,1.35192544118,1.55533244733,0.588095898405,0.192252203971,0.164160953276,0.591315851659,0.696576236915,1.45533497464,0.408120638058,0.818258655891,1.476397442,1.76945637271,0.872186091244,1.38644303102,0.202549828663,0.676326777898,0.188131961823,1.1093687737,0.0913901512697,0.0757182276016,1.10630600659,0.636538234279,0.118746648692,1.63283828095,0.977140273154,0.665265995627,0.852749903351,0.460778337419,1.41131417215,0.504361778647,0.379990992788,0.477773864353,0.107179189734,1.54462126896,1.19569732182,0.545922922771,0.181018994898,0.356435304657,0.255123189539,0.478215578347,0.735259449407,0.551572128376,0.410190789406,1.3575722295,0.320097917691,0.654876989592,0.719020741899,0.0501845142245,0.123689781409,0.557293588966,0.621991131455,0.111863996163,0.251155439429,0.595248283967,1.12941771174,0.568626421574,0.59043884268,0.97481128186,0.654518403001,1.44653615776,0.662045786977,0.937120804675,1.4256249392,0.422664978504,0.212215462429,0.601297344267,0.23659410134,0.303230292066,0.208273381367,0.671827234998,0.439716939032,0.706468939034,0.254254489737,0.231416027807,0.705252540465,0.923540296219,1.30192330159,0.271830949727,0.761449729204,0.437735453397,0.320405898094,0.783701720405,0.303390089758,0.215350346118,0.39245180469,0.328211181908,0.64439042924,0.109221131131,0.617539187968,0.0592870826088,0.187435319168,0.593794469747,0.217555768788,0.534908322617,0.538062410057,0.279592322032,0.175803697929,0.570211152881,1.0132402179,0.679070533663,0.479860778674,0.434887869433,0.682149237609,0.753536235094,0.0911758714588,1.01475584261,0.331516636088,0.0961494570225,0.392871756554,0.467751369493,2.00276887212,0.927565638404,0.694893542696,0.201079133805,0.54438589266,1.21154006915,0.567711403118,0.508788861055,0.441208175495,0.359843711979,0.883867319999,0.852629102636,0.766410152316,0.502566591911,0.105452163592,0.579564299881,0.130290706176,1.64637841364,1.06794361055,0.0886888431013,0.571697332133,0.944319710453,1.02782703398,0.467474114671,0.251193971299,1.01193713351,0.561375218481,1.25907626757,0.549499371629,0.100346843451,0.590158842993,0.824999229014,0.657489447687,0.134788531363,0.371580603346,0.0224591824599,0.931440691724,0.20660457354,0.316723526865,0.392048634812,0.236003107093,0.372479200959,0.528661262775,1.03956285313,0.783705404773,0.976547848508,0.669821271636,0.962287674844,1.62730516672,0.393140013218,0.220569034466,0.474142513461,0.240588017832,0.826142288372,0.701225996688,1.57571600795,0.304347811639,0.267293364815,1.21060645811,0.300633448213,0.170440975539,0.364811553321,1.40658763364,1.18827233169,1.39776117831,0.443143296242,0.345721738059,1.64651244015,1.80736298531,0.751890507941,0.208645762205,1.26240365356,2.58378239945,0.0952148871124,0.0129266997054,0.0836536605656,1.85649746462,1.08248149872,0.0125853943825,0.391700064801,0.0,0.470732543543,0.59216601938,0.111992596816,0.0482251524553,0.562089906856,1.13481762171,0.0251342137903,0.489087815561,2.13348663545,0.0583550237864,0.0581550823152,0.310914648175,1.19030133277,6.61706158742,3.98624224901,0.279530984014,0.00120200820267,0.367436485961,0.0732992998883,0.0146273992211,0.80208975717,0.349033374935,0.157008344382,0.656809425838,0.0645484409854,0.0625705695152,0.615636741612,0.0197173741832,0.054356913399,2.06019182563,0.235270859003,0.220664007813,0.662114092037,0.0476201995462,1.92883797247,0.0138072069734,1.6791003938,0.174075354934,0.0287797377631,1.61219647405,0.366931872014,0.240748180873,10.6298046398,0.222774740085,9.70852938652,0.0554750329256,2.85576891899,0.350399423167,0.676421558857,0.420790617764,1.35908043195,0.246247009039,1.43212951258,0.042243103981,0.0571588193625,2.24155562401,6.16014773369,0.73616851415,1.92757187068,0.127862146199,0.35211957721,13.2872997141,0.0361607125401,1.69155359097,3.01891780853,1.28049545109,0.308748756051,0.466142251492,9.84705705196e-05,0.0312787550315,0.497062296215,2.87702987552,0.00347043603659,0.766777171344,0.825544584915,0.162012232989,1.16937839448,0.0386629440263,0.0295823293179,0.94557177458,0.532132025659,0.314728868604,0.0464718168974,0.487338969111,0.333267813921,0.279172041109,0.0471535171568,0.231489111912,0.0292809469998,0.0451134946942,1.73485267982,0.0,1.62594086763,2.54433973014,0.021672334671,0.280224877298,0.436400476024,0.201177067906,0.174318299592,0.0,0.69374285996,0.117684489973,0.043597860178,0.202279127836,0.267628253102,0.257770516574,1.59025447156,0.00855241894722,0.898138198555,2.84272541165,0.0,3.1362449491,0.0295588446781,0.00221041038632,0.0630583140254
108,0.0408067353489,1.93829298496,1.25888397824,3.46735849261,0.394214952663,0.0749728616327,2.66699507236,0.07356493067,0.0704189988226,0.491503181253,0.303723514378,0.481723750085,0.626204005927,4.43296472549,0.505017352924,1.07041022379,2.01693775058,0.824035853627,1.24328142576,2.3689072597,0.756254776013,0.49807234684,0.43019362703,0.14742026642,0.0,0.0796028371155,0.0125246104971,0.903826108873,1.41283918142,1.80818739414,3.15723510355,2.72202569962,5.46505567074,0.00485306680202,0.105675116032,0.0310724520683,0.762480800673,1.27732090574,0.0572702115588,0.105599503312,1.03561270759,0.624113350511,0.245260176556,1.6094321546,0.0189241360128,2.79499841034,0.235299924649,0.503094267063,2.56871806458,0.253460397709,0.582135023139,1.87114012618,0.823811578155,0.895421889424,0.614112526402,0.0348014902323,1.08830867857,1.40244401749,0.457661401797,0.156631825566,0.757979515642,0.166460301522,0.13022465934,0.275173749626,2.94247627839,2.82740210056,0.214149097502,6.78337273777,3.28438083515,0.104092738628,0.577237058803,5.44361407161,0.0460142416507,0.72711571163,0.297213721126,2.76315929294,1.02369104799,0.309121688157,0.0784926412196,0.7431666141,0.170406932235,0.14073469148,1.70864657998,1.98055226862,3.63634624839,0.0588072790205,3.17185359865,0.674769642977,0.189535865411,0.513832303369,0.390438291263,0.123971605822,0.289863991439,0.795489839837,0.615067951493,0.136505138874,2.34753959477,0.508308387026,0.151363013349,0.266350922436,1.98746013556,1.12681864917,1.42575579578,5.42857710361,1.62718459666,0.0498861663043,0.148081447855,0.252810592656,4.70083572865,0.659395876601,0.290715206861,2.40494161427,1.33657485753,0.0552164469659,0.762388427705,0.240786962509,0.0597232628614,0.351819638801,5.73128240585,0.207505723611,2.20727627426,0.046254895106,0.616322822571,1.16585029714,0.653898876831,0.401373790652,2.03513250381,0.0851098002121,0.00242091399152,0.0808084958792,0.0021857059747,2.20048402838,1.0125198576,1.42176686406,0.458409828246,0.539040707387,1.08657511786,0.349443771611,0.277316333652,0.133394190148,1.19858127296,2.50741069302,0.139793908149,0.855272141695,0.618274123147,3.6435213995,0.753688165769,0.510928674638,2.55727385521,1.8303637144,2.71887671888,0.931294831373,0.220085291266,1.71021806333,0.641549741337,1.98823286921,1.17314414198,0.507388726324,0.0552165811509,0.0348996889591,1.1176615575,1.58310749106,0.3331060794,1.61118509412,0.254002961367,0.742001246512,3.47487567902,0.354783218354,1.40030515216,0.904226607531,0.632138109207,2.42106328249,1.29287061613,0.903634314165,1.48920235157,0.768482469246,0.261208037585,0.213636502177,1.0338954109,2.48547564324,0.199841909409,0.849939796403,0.0441157786734,4.80452533245,1.74859944716,0.150671217889,0.721617614329,0.719123877268,1.01641257018,3.54359783411,0.0,1.21414295703,0.632031510621,2.27445811436,0.772641264796,1.24316783585,1.2961447899,2.5764984405,0.629218749404,4.19598042965,0.0316790664196,0.00243411049247,0.000880000442266,1.20859704275,4.78896400452,0.705959602371,0.360414990038,1.00113275176,1.17316361174,4.40883912027,0.0712655543536,0.214069722407,0.788410489187,3.46977948129,0.553492455408,4.91587714151,0.195916982591,0.0641943588667,0.132831155211,0.0605931792408,0.0482613219321,4.89389034271,0.100293581393,0.991387948357,0.208018550277,0.0588562757708,2.21802159429,0.0827169571817,1.66093621135,0.418268722272,0.106959128603,3.7449876976,1.0598275321,0.288245751951,1.13304463077,0.300018678829,1.29648940206,1.49556020886,0.899994733632,2.43122479331,0.0396051475406,0.252906651422,0.0887596719805,1.04277838379,0.0777722193301,0.0815544857085,2.40761190772,1.4084330979,0.763218968213,0.954993332326,0.135999963284,0.141819809452,3.61349526167,1.42374756694,0.0597755904496,0.164825796038,1.20980438143,3.04568181276,0.485535795763,0.0355937834084,0.869629020477,0.53017640084,0.115787743181,1.8544136928,2.31028568059,2.04670789853,0.209800751507,1.50669339776,0.303777821511,2.02498871388,3.00260809958,1.26796340704,4.01095430851,0.399105307087,0.327326670736,0.0591703719646,0.283651038408,0.373091729884,0.722625825256,0.360229250491,0.757433354445,2.64892237142,1.01318189472,1.38859892905,2.35077015996,6.7931360054,0.0752042260021,0.354153594971,4.2920240736,1.00998269856,0.51176771041,0.577600813955,0.290096600056,0.255307835378,0.15526017081,0.364583865926,4.65516779095,0.687905330211,0.176342441365,0.948104741573,0.78772946367,0.738443497226,0.0234878598154,0.830735453814,0.0144531820249,4.87604712486,0.151808145121,1.56222497582,0.0735710773617,0.620953668002,0.66785653539,0.913172597289,6.18025250196,0.991580906734,0.351786363274,0.0462235088553,0.109491172889,0.0957425861061,0.745942303315,0.12130209282,3.69449775696,1.16253071845,0.151488310695,2.29961366355,1.01666576624,2.69348905258,2.62628204644,4.15964739174,1.23789580546,0.000682969391346,2.24096491635,0.664624099806,0.241921162652,0.0514106631279,0.179319841377,0.114731323123,0.0303232938051,0.188809822015,1.40989408433,0.524904436525,0.576704162359,1.79863287628,0.318773381338,0.61385622181,0.121620438099,2.86350736856,1.84140985906,0.102469155509,2.52381855715,4.33436924934,3.21272854388,0.715782106258,0.202261135289,0.910512132645,1.13249874478,0.130913911462,1.05208810538,0.450447725989,0.250727722943,1.65036907576,1.38010334793,0.248978641331,0.232212851308,0.485889336206,0.180908507248,0.0888759031892,0.103549851142,1.77265595816,2.68199933052,0.513064248879,0.230220276043,0.628509602044,0.338361661136,0.505877449065,0.0312660344224,0.433591813965,0.417948362539,1.1694018057,0.176944329478,0.629940515012,0.39129558267,0.127723679133,2.05802050352,1.38634462144,1.89996512644,0.229985077139,0.370700346275,1.55287205786,0.627567379177,0.181372304515,1.08218857214,0.850281160958,1.05326311201,0.714352219179,0.0738528514653,1.52341780558,1.23858593404,0.737358578667,0.686617817432,1.27743425205,0.340402749702,0.106990758162,0.654444076046,0.13950970903,0.0993714803457,0.308770750826,0.00358620792627,0.409879633337,0.0750510026887,2.08538633108,0.394588974565,0.844329662025,2.24784457088,2.10455571949,0.0665414996049,0.0205812966079,0.0741805307567,0.226237279177,2.21837504968,3.98071195841,0.0416993293911,0.141660596058,0.32844135873,0.283387903729,0.0385335727036,1.7510105063,0.00363060317934,1.6107932847,0.0999780024588,0.166842108816,1.16990203515,0.266785919964,2.50130492389,1.51160987612,0.0681715393066,1.51286034044,2.10965566963,0.11265298456,0.641497500986,0.91462928053,0.219270262122,0.223661729097,0.145194730163,0.212148047993,0.0710171313584,0.919158253595,0.440664148778,0.399622647073,0.206878489142,0.255862705782,0.708898362499,0.00391104947776,0.509274266213,0.0530798045732,0.697277527675,0.745715805404,0.304016516581,2.59474206209,1.29307710305,0.9541769135,0.309646054583,0.468836024255,0.530534633622,0.226261354834,0.0497919853032,0.00841076500714,0.526037175432,3.08050618745,0.334945775829,0.0934696230292,0.145638417304,0.510925931484,0.431074089814,0.930816476159,5.71475649621,0.217481560074,0.189648839757,1.62112232892,0.00934224098921,0.114026379734,0.547965586185,0.860180257834,0.59344437696,0.283907669801,0.308723890856,0.926285025105,0.187080665054,0.0171256096661,0.279842574503,0.178517246254,0.0767085802555,0.63712888971,0.117857564092,1.8269241643,0.148424615283,0.561149065346,0.481206759065,1.05883531362,0.206607129425,0.420008113729,0.0681667289138,0.109005130385,1.06959981784,1.82296187021,1.25054388702,0.506944077481,0.683286150917,0.629898476289,0.565041760355,0.220066690668,0.198844712386,1.14217004202,0.0993732056767,3.68844738007,0.158787223548,0.106864423692,0.602972110277,0.346300162524,1.19671551017,0.254924359474,0.131836589575,0.301040683473,0.193532979637,0.782989977375,0.155302400477,0.219743932933,1.33702166365,1.10231556123,0.459212487489,1.16606789969,0.337571376935,0.554010627978,0.0316804018803,0.419436086863,0.053144780744,0.132501403391,0.331759762131,0.43070054695,0.085473896116,0.620807368793,0.0941609791294,1.19682348382,1.11022740782,0.399346236861,0.335368491858,0.615550090224,0.0892669529468,0.750460822443,0.73663654536,0.194282861277,0.310863634869,0.449322287217,0.407865951657,0.406900487221,0.774068225324,0.920190889016,3.08788315892,0.188608483041,0.0,0.881051874161,0.137821768261,0.0,0.71778739335,0.537142772451,0.631757110134,0.630913432688,0.543942239136,0.388801266551,0.0679171336442,1.49656545877,0.102828093544,0.0347379027307,0.104147330895,0.188125130907,0.225468472913,0.762091080323,0.211815503221,0.381714834422,2.17797802418,0.618630973473,0.5489682924,0.423629535325,0.207232566476,1.31126674375,0.0598402398638,0.409597655199,3.26070127994,0.122347082421,0.109606896173,3.09241408706,0.467665395066,0.841995618516,0.402696617097,0.390308610946,1.47165771946,1.06272795506,0.0241504779458,0.217528900467,0.0112747574598,0.786468774341,1.25658084027,0.152782486677,0.0420465778373,0.212790897638,1.63607392285,1.30912128737,0.701841991916,3.53532118559,0.132792425649,0.262122351006,0.803306205384,0.108630783041,0.237145797759,1.2096021194,0.100968588335,0.319845921621,0.358616551437,0.00171706272289,0.0719087405317,0.0518804890662,0.348744052947,0.0842171439528,1.15918079376,0.761334756471,1.96065211407,0.493362261914,0.793933840077,0.377049455047,0.0402998324856,1.09378480364,0.625847234633,0.26762161117,0.154786823764,2.09291849077,0.349084157199,0.184106017947,0.0130057428032,0.124277465567,0.757411215138,0.783916810788,0.100766036084,0.429716021903,0.0618277192861,0.107663120404,0.60966864191,0.432426509708,1.77118497074,0.58322100874,0.0920638158917,0.0518025756627,0.539500553729,0.0341845462471,0.0878267922997,0.0533540850878,0.016433403939,1.24766933521,2.75458188713,0.295125899687,1.0715108964,0.0319071477279,0.174565824282,0.887034074962,2.73263256237,0.250246023545,0.143047516122,0.651436476241,1.22236269803,0.418682444058,0.314472676441,3.8283191371,0.849755158043,0.482221260667,0.733086821698,1.88428082794,0.551043498516,0.729463035837,0.149451207034,0.283971088082,0.068711444214,3.49133368142,0.0836674039252,0.119333473723,0.230947731733,3.14577916777,1.22124448687,0.666877863854,0.650422503799,0.317804996073,0.0185774768144,0.0567027774011,0.358460179381,0.0,0.12177986972,0.102213358134,0.273249421306,0.0418662142754,0.73528066244,1.53248307399,0.0901283799112,0.109298216905,0.427149188966,0.072082153596,0.0462428224087,0.463595693186,0.24693153739,0.135859212326,0.0734507363103,0.807012372739,0.286993002519,0.195720475409,4.07562889721,0.658735797703,0.389064040491,0.380815189481,0.996765931994,1.20724497497,2.11881989703,0.416883394793,0.515201505679,3.98424188748,0.483498164732,0.197809764557,0.122303341646,0.207345386865,0.602013549209,4.6003341727,0.59672593914,0.755053388178,1.86446258619,1.8453739953,1.54059160978,1.24459300078,0.0185011365637,0.128313830229,0.219713720131,1.4345561014,0.0256551218778,0.506454728395,1.90081953764,0.693448619097,0.0656100545824,1.52320187151,0.664244010923,0.20052697137,0.314947090261,0.942925606817,1.7530572851,1.42084814541,0.268860642407,0.176208598744,0.0526846647821,4.23152889546,1.04316252783,0.0622573344968,0.0521968483366,0.021157336235,0.13254751103,0.242223917227,0.155966025181,0.129912481122,0.0538411728293,3.58700522505,0.0202120744437,0.282845879309,0.736616308242,0.0,0.236698354073,0.153968675472,0.241014013886,0.0195983217238,0.170643668026,1.25313219879,1.03436425343,0.0554179602116,0.228992711119,0.499889928345,1.415018465,3.26485645484,0.973560339436,0.174017285677,2.7094963634,0.37102861265,0.174337704033,0.502380053531,0.502448327262,0.123543532928,0.060328309238,0.556309728473,0.518014699928,0.846667639166,0.36914900668,0.103289982378,0.353225474978,1.05703745365,0.34431924416,0.192863237597,0.249785295734,0.106031010076,0.205847249953,0.0540789294336,0.102149663828,0.897358347178,0.0683447820321,0.0294512144104,0.216580572254,0.0359049861133,0.292718402185,1.06171232643,0.113729816899,2.01285932764,0.290917472858,0.458157720319,0.230492094923,0.0,0.0792423249781,1.42055505767,0.576178146638,0.283500851933,0.07293691108,0.684426273238,0.494818912148,0.812390279043,0.0233018993586,1.1152056128,0.0430252532288,0.0945418615639,0.779337173849,0.433882893901,5.3513058326,1.01757993627,0.588469563769,0.068471626332,0.405571064092,0.182667311579,0.381296199813,0.908138849708,0.151102773091,0.540542000923,0.0613983422797,0.081990173338,1.4543008808,0.595141952001,0.00118606604636,1.23511187427,0.0390737615153,1.46023124055,0.209671103898,0.000293700546026,0.160404109377,2.08360785518,4.87852272108,0.174964026343,0.0557012937218,0.953171022162,0.261909608226,2.60191328183,0.154268127456,0.0976262718439,0.0615601716191,0.291155767967,0.109637908908,0.0643573684245,0.437708549835,0.00438264399767,1.00714012997,0.0535876872949,0.638991556801,0.0390814818628,0.00276372481138,0.0264480419084,0.262418840006,3.13694277875,1.05313780244,0.00145257990109,0.165107985213,0.554405728206,2.56683406573,0.321821084502,0.100242598017,0.0565534720384,0.206701726988,0.352660270482,0.772773578186,1.29907084398,0.477015478984,0.00461626626551,0.146421286268,0.0792772033438,1.64648967213,0.0759232245386,3.40024274841,2.01062923089,3.35828998819,0.2314724667,0.266633470319,2.72651826998,1.99302594095,0.395498924255,0.216567684412,2.62818312824,1.17781825248,0.146675061658,0.0852787460387,0.0870975906029,0.219862732291,0.769747634651,0.0,1.00400327593,0.000778512358665,0.71515573144,0.164163873792,0.00424441643059,0.0587780952454,0.0355655126646,0.631698515862,0.205759317875,0.724088834524,0.80956385795,0.25034733966,0.0229629862309,0.069214053154,1.48818035945,3.98977664888,1.10554853611,0.466701727388,0.00728942655958,0.406825696751,0.156546042506,0.00685886263847,1.44841187507,1.24148389459,0.190308019435,1.36109902143,0.0509560788423,0.0469519937038,0.712603022158,0.0173486667871,0.146674181148,2.26085247079,0.00354750353843,0.629394230992,0.35917944435,0.361741153896,1.93493232764,0.0,0.361220471151,0.0052057570219,0.0218380070478,0.26999845929,0.801559959725,0.0,4.87937690854,0.0946310915053,4.35838947747,0.0,0.056755708456,0.593087359443,0.273488224149,0.200556301624,2.47604280204,0.0602261731029,0.464089464499,0.0151280021667,0.326707383096,0.846552966759,3.1912069072,0.336433676481,2.00010769993,0.181174861491,0.296835975079,6.44911536813,0.257656061128,0.548105794564,1.21325966403,0.0139527142048,0.0516004179418,0.563372741938,0.0145163695514,0.00451980054379,0.573828698378,2.0137553749,0.0,1.36484020635,0.427927976027,0.00070238776505,1.46410169482,0.0232002097368,0.0277908131108,0.520779751912,0.00385400176048,0.622363386899,0.341846172214,0.0428132742643,0.677858508825,0.358330852389,0.127072397768,0.668061279189,0.0031427744031,0.00874512255192,0.850393777341,0.0,0.745713000298,1.98024798159,0.0,0.418137089163,0.905899496004,0.0964411999285,0.205708406866,0.0600622418523,0.320821986254,0.664379721656,0.0333346673846,0.0238046718761,0.201316943504,0.625093565211,0.232344271895,0.0068740465492,0.981391620338,3.57735750746,0.00337708115578,1.15191172808,0.185063700527,0.063531422317,0.0150510945963
109,0.0,0.781437892616,0.652828567736,2.33785105586,0.052081303969,0.0789534014091,3.01722238779,0.189660900831,0.000902480911463,0.477913442627,0.181244692728,0.0992885935307,0.0825254813582,5.77443229675,0.114077733681,1.43429966666,1.98777259469,0.0814213103056,3.05578922987,1.6315550983,0.140480705015,0.193841870185,0.153232926577,0.236246252083,0.0,0.0330305670947,0.00334800034761,0.171677342355,0.157900839178,0.463328045458,0.354095865339,2.45553547263,7.28458949089,0.152093356475,0.132162500117,0.0631856053323,0.771512017986,2.2498215723,0.235674066767,0.0549562544376,0.453800520524,1.32300281009,0.354381105058,0.779346213341,0.00565467774868,4.31657897204,0.0166013674438,0.203256412828,3.24191316366,0.356013634652,0.618116292506,1.20465523578,1.66698390819,1.82967221379,0.611368752718,0.103294630498,0.790113437548,3.01736642361,0.205837856922,0.147995152315,0.69117350623,0.212231875965,0.176482284516,0.574638543576,0.625878279321,1.32214127325,0.137732074261,8.4894115448,2.33537356019,0.0,0.0609211326763,8.58077864647,0.000212730485946,1.04524571002,0.0338405157439,1.32471190564,1.43696349122,0.0236431589769,0.163589821011,0.80657980144,0.134689238966,0.613934531603,2.78355494499,2.47214006752,3.12278648376,0.140621140422,1.74043305397,0.863005080819,0.176714936262,0.208445213996,0.431230914528,0.267612900138,0.98465926528,0.320672192201,0.397789997682,0.0326471784711,1.57202541724,0.603263667673,0.513562081307,0.10032670889,0.504759109654,0.0946837724,0.754926469028,6.39848243713,1.49402929127,0.0237752224505,0.552469222844,0.167606923133,9.35562980652,0.464352590479,0.176884376854,3.41508177102,0.527821097374,0.0136371865869,1.32857845207,0.101584622338,0.165430067182,0.190333150383,6.03219048977,0.152566917464,0.941912141629,0.807078343034,0.0097915893048,0.401634531058,0.0190944996476,0.0712900133012,0.970819582418,0.176624920201,0.0043076646328,0.0223490257561,0.0165699577332,1.65235867381,1.24282092227,0.261180110127,0.628111815192,0.449272322147,0.752071464062,0.277136791795,0.0609818648547,0.212922678164,1.51060108341,0.0455636128783,0.160935357362,1.54259549007,0.185166889168,2.48741179705,0.0599156163633,0.173683424219,4.48794607639,1.53339395523,1.97879375845,0.761602348685,0.124430429339,1.9669004333,0.0795423472673,1.1687461409,1.99181346774,0.427376726344,0.00083226300776,0.0464447802305,0.827014278695,1.88673970768,0.0172314223368,1.57480704248,0.00449952770025,1.39407692868,7.12696578026,0.298913647309,1.09775632918,0.142587935328,1.14228432059,3.63816750288,3.22579648018,0.0316145513905,0.832697495818,0.737138403384,0.000875683054328,0.161105619688,0.8557665696,2.30615123868,0.113498028256,0.490191784501,0.0122470992059,3.19617823005,3.95023481131,0.305187755823,0.0625477294624,1.59539126039,1.76982330423,3.13910323977,0.0,1.19676553771,0.561674066782,1.64929153651,0.15508155942,0.00646025657654,2.33457583994,0.766747865528,0.263671012521,7.69710744858,0.0742653175443,0.0116946005821,0.00367817938328,1.26687077105,6.84476449966,0.102463157065,0.00730382533744,0.816783967949,3.31486278279,1.66389533877,0.0902316105366,0.304178141728,1.08086013794,5.59495030403,0.200449980721,3.89364143074,0.701869694814,0.0410287374165,0.307004614472,0.0738191461563,0.0338754448295,5.16406607866,0.0,0.467349250317,0.227014279217,0.000528259277344,2.18986418486,0.0426171482354,2.19553012073,0.162995171249,0.00797790352255,3.00420079529,0.560788236409,1.30708396256,1.27754801929,0.245195894018,0.037661203742,0.857759221941,1.03861981958,0.688689383715,0.0275490019843,0.215159788087,0.0609159789793,0.969349239171,0.0312829337269,0.380060522538,3.57545174122,1.20821110487,0.427555001676,0.945516334176,0.0,0.00963315919042,3.59571384192,0.290486224368,0.0696275429428,0.340927778631,0.138583046775,4.94799569368,1.16916354373,0.067998861107,0.0726940895617,1.31698966801,0.203268463016,0.843629783839,4.53022698045,0.102001646026,0.15437043041,2.03497777201,0.321355467141,2.21014036059,3.12399656653,0.942536408082,8.34755031586,0.182862350792,0.159054840724,0.00371618002653,0.386466245875,0.729410951883,0.731219159812,0.170852574389,0.595103491843,0.733772360408,0.059896360673,0.356200634856,1.90513242841,6.7315871048,0.0991398287192,0.77911862433,5.91552129745,0.488099526074,0.322124908268,1.1471407336,0.646552002132,0.61576214239,0.0132819430158,0.114531224445,0.810025611129,1.42660629392,0.00285916468129,2.11093692511,0.542703411132,1.52196487017,0.000405171066523,0.0754489025474,0.0127323675156,5.45690937996,0.195897295177,2.52583475351,0.0618726289272,0.0580788227916,0.287305265851,1.47751690076,7.03302228928,0.195659448383,0.128992108284,0.0154621037841,0.0129012095928,0.191024535671,0.995381778181,0.000540764294565,5.51574053764,2.22915424347,0.837637934983,3.63688601017,0.281682482958,2.57985987761,3.36265779257,5.4286130619,1.33940675288,0.0,3.52819434881,0.290946762608,0.376566783525,0.0114968387783,0.0939771440998,0.145949285477,0.00540786921978,0.395900728051,0.626318068504,0.513774063364,0.0104028671607,3.84532360554,0.0633355853334,0.0301778011583,0.0123868278228,2.99944516778,0.125606872775,0.0954371776246,1.81987695217,4.72933254242,3.72466959238,0.887937741578,0.0631196738034,0.398966052867,0.648662129641,0.027719313018,0.622405316532,0.0539304900169,0.059394368846,0.911206225157,0.725015708506,0.0328547874093,0.190360625386,0.638873066828,0.103730261317,0.00763687878847,0.0777292704582,1.09259474696,0.738887585439,0.744137931019,0.339622921348,1.52283786025,0.171480024755,0.143091999292,0.0363670906425,0.0650660396181,0.538598535061,1.20802708626,0.281373028345,0.985665380843,0.093500200808,0.00843521028757,0.946971021444,0.615784056121,0.85760140982,0.135046675205,0.551577649747,2.06149651766,0.316970638363,0.419763579573,0.571488005407,0.52217085402,1.6870568347,0.101636725366,0.0216351078451,0.502323888093,0.915277804378,1.67266168753,0.140379351005,2.46557450204,0.336028012056,0.273238625638,0.561147056855,0.186469517648,0.0515878765658,0.203256971082,0.0436738491058,0.338148808954,0.0292557578313,1.07347740337,0.100011114478,0.244643128216,0.674844853561,1.91261751615,0.0286611526459,0.0466040420532,0.143199356198,0.0723712798953,1.86894572742,2.84052457988,0.00933431342244,0.157662795335,0.580401864201,0.486141136289,0.0122912732512,1.11017360851,0.0,1.26435634514,0.23350816926,0.0157428722456,1.57469326737,0.479004445449,0.56172699824,1.16652612358,0.371552312672,1.09525461376,1.7035110056,0.113312431276,0.117353291027,1.25880555294,0.0946076904237,0.00762891685823,0.0360967507213,0.213926894362,0.025532213971,0.237778788907,0.520602459558,0.0972577540576,0.259171181866,0.735478435867,0.706220418997,0.0684132492542,0.187877959237,0.181723922789,0.0831871309504,0.206553974007,0.205503675081,2.50147460222,0.735832391661,0.456136785597,0.520277328491,0.0378027169127,0.286355701947,0.239627780057,0.0339779052138,0.182777998345,0.373681359813,0.623046075818,0.128754703123,0.105160228126,0.00515091612935,0.271228527557,0.536194777191,1.34684056394,3.61470200777,0.0236346483603,0.643277323395,1.36239461031,0.00400769013911,0.0594173059054,0.882264752761,0.519599541239,0.539915187433,0.583456546739,0.282395230569,0.105619864017,0.255963276029,0.119053601623,0.0621062432602,0.234447988346,0.120043219477,1.37650844827,0.337393441312,1.16554120027,0.00331283763051,0.0323604578897,0.799628462275,0.390412767157,0.0716376766609,0.21281332083,0.0883716316521,0.0114898359682,0.537629537703,0.471234720444,1.39940939113,0.13076673761,0.4198799292,0.126108203903,0.593077063933,0.00581274839118,0.0872915354464,0.507566881627,0.481516070487,1.51685329106,0.0203435362689,0.0504318360984,0.410453467034,0.0505118831992,0.621806365997,0.29070581814,0.251254743114,0.0961057310551,0.278942422085,0.969901284128,1.16351195335,0.074448888097,0.364498705603,2.46267795682,0.384827028699,0.742550388463,0.0686433252692,0.0892325066775,0.00374977347907,0.174820877947,0.215993871819,0.296781354845,0.357004805161,0.3118615444,0.0781990936399,0.295282346159,0.073956515789,0.719223700315,1.49956035498,0.190238404293,0.303560675747,0.292613347769,0.524371515177,1.40381504735,1.30820897877,0.536508378386,0.183362087458,0.158238082062,0.187886728253,0.0803296718001,0.512620639056,0.462849465669,1.02246935893,0.00830465480685,0.0939240764827,0.6665723598,0.758181904256,0.00124590933323,0.281913692653,0.327210232448,0.358319217717,0.764421121031,0.162706279918,0.324539392591,0.00496907234192,0.991347142421,0.139060969856,0.0817073975131,0.0303824467212,0.575483390428,0.1731102785,0.982098483145,0.262061467171,0.913007202931,0.54856230095,0.0848638283554,0.92197661723,0.613217959478,0.153449791893,0.656265435815,0.0169103761762,0.443370369375,1.97908294439,0.162667007446,0.0621073651686,1.44195672505,0.233331662491,0.445844536657,0.106303589698,0.0554645371437,2.18046643898,1.20000666335,0.0231619356573,0.121503947973,0.0381346785277,0.142493718117,0.809016374871,0.00406507130712,0.05923753059,0.714927782966,1.00736289787,0.936611032598,0.151751311091,2.69238088727,0.290381136388,0.161167280059,0.295856418982,0.231137795933,0.283652451485,0.201417437568,0.248041229164,0.387079801783,0.0508562688343,0.0150594525039,0.176438768394,0.000382148772478,0.17594621256,0.251615964919,0.30479784634,0.202732983455,1.13664828613,0.641813202724,0.87013154652,0.219820724316,0.0140903844789,0.440291555412,0.651802377701,0.0832780145109,0.0105914271623,0.813833522052,0.208505363725,0.0986510495842,0.0463543891907,0.130947335735,0.529034463726,0.201076587075,0.778834740433,0.442037171638,0.0257010514289,0.289321733303,0.438437491637,0.114406858534,1.4467673998,0.779741137326,0.0376414344087,0.228813545704,0.266311373925,0.104569595605,0.00316988497972,0.167233902328,0.0547214572132,0.282703538612,1.78735180497,0.14715800425,0.194860049039,0.249983528629,0.011420904994,0.344493548777,0.812956212014,1.02269645356,0.0977304492061,0.622666096762,1.13263841912,0.0679702660767,0.118689854983,2.15377269566,0.167827420048,0.105246292148,0.441697602682,0.400937970858,0.124685107321,0.892468531877,0.139456873238,0.0277011733898,0.0602621942176,1.08641312063,0.0535624396056,0.467505244575,0.0745569519699,3.3410593256,1.78430666566,0.0808610069193,0.485350256599,0.025140193142,0.022347278744,0.0663240458001,0.361563452408,0.0,0.0489212249964,0.0293868949264,0.0847500796616,0.0429228109121,0.439496177398,0.543479380459,0.0109746937174,0.185013320725,0.521159752309,0.0279554852843,0.0349689292163,0.0130462195072,0.845356667265,0.126590141803,0.0302279043893,0.130257658064,0.064074777253,0.134748774804,1.07892394662,0.119534580642,0.0117699594283,0.183227630351,0.0221832253039,1.24392164336,0.972548550628,0.0744107661583,0.332195701543,1.46494171187,0.569301557429,0.0419425946847,0.0573110134248,0.271223649085,0.0390582424775,1.73632936185,0.461228094399,0.029761053808,1.65851720685,1.30739114672,1.03542705566,0.208259768523,0.0185864377767,0.36653375268,0.159853573227,0.551581226252,0.0559460157156,0.467884964421,1.94929024555,0.147946830012,0.051161506027,2.66783904999,0.16727321364,0.34150880482,0.0784134203568,0.283802836686,2.0346187387,0.549788086861,0.210488349917,0.576087646484,0.132594661517,1.74615689605,0.540414551483,0.332495550197,0.0146799203008,0.0489387362823,0.0498009810224,0.0384151510149,0.168973458521,0.0968568231352,0.0137955888361,0.957276671408,0.00785081926733,0.289562666863,0.307409591414,0.0,0.228621085584,0.0244209259935,0.0296701467782,0.00232171785086,0.0814198010787,0.0460803610878,0.254155733101,0.0293581049144,0.0962236584723,0.259257738888,0.423504682127,0.770526707713,0.708007947356,0.175213766503,1.64920108914,0.130329260528,0.0810830928385,0.169929944165,0.520541149732,0.224800432026,0.026040535504,0.113145887256,0.0318992391927,0.0884766998515,0.127026789915,0.000910187903792,0.109132339954,0.599271920845,0.64025627479,0.172001746749,0.156190449819,0.124484384358,0.0321864705347,0.0114698391501,0.0558474172279,0.0848954805639,0.281193024591,0.0184267213941,0.45098138418,0.0311132167839,0.13580353573,0.515491117239,0.0227204224467,0.325972996391,0.0939631339116,0.0523560452554,0.0941508505587,0.00316637098789,0.0131069855532,0.239883415569,0.783721063137,0.17886312902,0.0856188969314,0.0395560737373,0.694344239989,0.577387394682,0.0239887334313,1.87092761866,0.153981573591,0.0346199546009,0.154701843986,0.0266571171768,3.12949006557,0.044602306094,0.359981004335,0.0287088232744,0.293099846896,0.10601562269,0.519419533089,0.0613792443275,0.0594598479569,0.0208509977162,0.0262386232242,0.103377320953,0.739098129347,1.10632516161,0.00449728618842,1.02684977259,0.106612326379,1.89411016345,0.290138308108,0.0110350546241,0.241718141893,0.836020565927,1.8982361367,0.0612132893968,0.0787941104174,1.07933388114,0.124340201002,0.427071299553,0.891208758503,0.00635183572769,0.0173152710125,0.0539076294098,0.0077125300467,0.0165129226074,0.232790753841,0.00109180185944,0.973118084567,0.583153816164,0.00362041277811,0.00791939297691,0.0519838101976,0.0278424189612,0.0320426111668,1.322381147,0.641444512075,0.070538611412,0.226787506416,1.12919179991,1.04410337627,0.16219666712,0.0278136784583,0.279676410402,0.159844115656,0.111097504646,0.120200797059,0.222646195865,0.622841337416,0.0505338016525,0.144148322046,0.0709537266195,0.247657431141,0.0250160654006,3.16020245284,0.441468932391,0.298504182883,0.179579546899,0.481972700357,1.46811802119,0.993985522389,0.240950160027,0.0442547357082,0.351465879083,1.16980345458,0.198023698479,0.0508847313374,0.0171123836935,0.478713511527,0.393058025241,0.0076383972168,0.158792732581,0.0272432509065,0.313922045827,0.0398333112895,0.0623374980688,0.00267086535692,0.0292236015201,0.322281785123,0.192322543301,0.17212250212,0.523893372342,1.06661356289,0.0,0.0177362754196,0.697294749385,2.72805833951,0.857545719743,0.290730999503,0.00466662198305,0.586924843066,0.036269980669,0.00785396516323,0.561863147467,1.90358841658,0.365416109115,0.51332633324,0.0478613358736,0.0,0.0923995192349,0.0,0.0109009702876,1.31916912161,0.00791523516178,2.16739191465,0.408420370296,0.0932383206906,0.851095679179,0.0148892199993,0.706633346826,0.000675473883748,0.121929489821,0.117583391815,0.300558486916,0.0,4.64514765978,0.0387425558269,7.7861747694,0.0,0.510925269574,0.59520620225,0.214826909928,0.260204091221,0.535914883977,0.0113088816218,0.827974988706,0.0,0.0,0.844190766513,1.72344955826,0.279764077365,1.30234492742,0.142841760814,0.328412070945,5.41948229447,0.0,1.37556567043,0.987333260551,0.0433235788345,0.0641319481283,0.0613281725347,0.00512951254845,0.0,0.288601191016,1.20681255579,0.0,0.0629879556596,0.0278983645141,0.0958964966238,0.651240340918,0.276226294711,0.00531624190509,0.618071400374,0.0394870963693,0.158955900278,0.0298742699623,0.153187717237,0.546223939434,0.542045838013,0.0,0.0502681405656,0.0,0.0160766088963,0.82723262242,0.0,0.146275429055,1.01963509743,0.0,0.0657152014412,0.109335975237,0.940371003449,0.0342638863623,0.0,0.0254740731791,0.0384332657419,0.0963187304884,0.00588831156492,0.556926863526,0.686760845035,1.17594184801,0.00182697176933,0.265556326956,3.30227911465,0.0,1.09831801418,0.0,0.0,0.418701289371
110,0.19645949401,1.67583821714,1.82729653381,3.03421054363,0.152469081879,0.305466053672,3.46947671175,0.156940302067,0.0865902292728,0.250538781583,0.283070786074,0.671267828196,0.678462717161,5.20828435183,0.547080904394,0.978463148177,2.34628338158,0.294419489416,3.95524769485,2.94804308414,0.179114619195,0.597022307068,0.472978990227,0.543245365024,0.0311157265306,0.162125007659,0.0143398272619,0.960965048373,0.723744108509,0.856653562403,0.96271121487,4.7559526062,4.10010810137,0.165079638511,0.245840045968,0.191547362208,0.996993334889,1.85647336066,0.594640204757,0.123379869666,0.278381497934,2.06258654326,0.504835144728,1.12374615222,0.0523024879396,5.14597923279,0.0315727674961,0.464410866126,0.792385228574,0.338383003622,0.375980939362,1.63715791851,1.23617312031,1.57211871728,0.435325737968,0.260311175585,0.998787438422,2.75116667986,0.381616515517,0.443287107516,0.439539885297,0.0814251035452,0.302327858787,0.36220103696,2.07086538017,2.45068790913,0.173078543916,7.12622441292,2.2520085746,0.018980345726,0.318169657588,4.71992994785,0.0384141794592,0.435034802528,0.594392820001,1.88317041099,1.12879348308,0.178797568679,0.414242534339,0.729285815805,0.604216078222,0.617733805031,3.56184296131,4.11889359236,4.00925213277,0.377038527355,3.07254378557,1.17553772539,0.156060988009,0.326038473751,0.871521092653,0.0172560204193,1.93942625225,0.940885474086,0.434993648529,0.114287578017,2.63650403738,0.586945689172,0.259122125134,0.145200300515,2.00892819941,0.38980536446,0.45287735668,8.79857030869,1.80919238329,0.213283764273,0.724129750617,0.225329937153,7.21644535542,0.466987248361,0.499852846712,3.25369646549,1.23891308635,0.0909910868295,1.09040723354,0.050673943907,0.222521127053,0.204678580686,6.1750018692,0.152158110477,2.65798743486,0.35500221319,0.0354503157735,1.10441772051,0.709746997729,0.234643986151,1.28657271765,0.0391166775301,0.0963376648352,0.0357125996053,0.012070646286,2.55414238691,1.10638589803,0.871151768565,0.579482864887,0.569707104713,1.33338988386,0.428532279124,0.238156797448,0.656166428328,1.02200391509,0.696947635859,0.119025824778,0.794989235401,0.964600968419,3.96675113678,0.347364769876,0.463958468884,3.05585470915,1.89256707668,2.77356379032,1.54077878796,0.418395169303,1.26540804297,0.172842369266,1.14840487659,1.83272357643,1.19036167335,0.0,0.0226927956939,0.742055779397,1.80377517998,0.132263343781,0.945445608497,0.185450811645,0.729016408771,5.12197265387,0.351180514432,1.68253879786,0.270106983073,0.650348404646,3.18549351573,2.08410222888,0.567553480314,1.82866025925,0.688271932453,0.00622143365443,0.532866534963,1.18421546817,3.69550023675,0.121533252876,0.490261891484,0.126561441943,6.39044338226,3.94045452833,0.291164006479,0.513800594821,1.6276139275,1.72741028666,3.51243994951,0.0,1.05006591439,0.394977826923,1.72975709945,1.1731591277,0.492906459421,1.06467074275,0.530116924737,1.40386188522,5.62413855076,0.0923132353276,0.0209079870954,0.0380274128914,1.56579308107,4.46367836237,0.992601120286,0.0793611286581,0.997589095831,2.80532016754,3.27922672749,0.0593028863519,0.336512902677,1.20137741782,2.81566888526,0.547250818163,5.64619278431,1.45562734172,0.0144107518345,0.600523503721,0.1587224124,0.0452195126191,3.49986577034,0.100619750693,0.51408012554,0.233142574728,0.0900193698704,2.98711327076,0.166121175289,2.01953955173,0.162007568367,0.0461353506148,2.99558488369,1.23709713697,2.06336675167,2.17332742622,0.36864421881,0.402439437509,0.837135692029,1.66754049867,1.13804146871,0.0138773889467,0.215075421631,0.117598045729,0.979301876705,0.22642136801,0.474896348193,3.72305867672,1.92155468736,1.27127746724,1.27269713417,0.00189779132605,0.093348720409,4.08297909737,0.89850561427,0.0583057909715,0.60778444007,0.442031204551,4.28825368404,1.3285590221,0.0867853008956,0.0920043669082,0.409358978719,0.42828969568,0.603026749045,3.20305123091,1.40790611348,0.186857030094,1.15968938231,0.553736816496,1.87462433457,2.49559437275,1.07704981767,6.34275046349,0.450011599436,0.290582930064,0.00192950150929,0.690254313946,0.737448717654,1.16345372006,1.11958710521,1.15313942797,1.25327948093,0.785072211474,1.32573865563,1.46290503025,4.91996348739,0.348088941751,1.13784124013,5.54205174446,1.01961054858,0.293688845485,0.471463548541,1.04471659061,0.496325067123,0.318162317872,1.36008715332,2.64320241362,1.02853246654,0.146344970763,1.5185284251,1.03334087349,1.06186456829,0.0562784869969,0.252819190621,0.0557579806447,5.97534664154,0.118353600204,1.41639950812,0.0390645173565,0.235717075132,0.370263237047,0.841199663752,7.99675383568,0.507102937847,0.195699091107,0.0239072927088,0.136566452757,0.109017255912,0.736875630617,0.0134974899888,5.15776795387,1.83553188264,0.504414057434,2.97943248034,0.670032812543,2.50327954829,3.25715943575,7.87780340195,1.14170304894,0.0223126176372,3.52152134895,0.464572815262,0.48735234499,0.0602717656642,0.251676626522,0.149153585508,0.0167826896906,0.192098269,1.07936668694,0.207404331602,0.153558564037,2.55634273171,0.318641475737,0.159719849229,0.0355417142808,2.26782424092,0.700192035139,0.10894414315,5.2845721817,5.04684390545,5.37359798908,1.47551014185,0.295140445232,0.473568809107,0.699088454768,0.0344924062118,0.949896892663,0.15216246739,0.376949304584,1.1122808899,1.1187448255,0.190217638668,0.224249482788,0.13813512139,0.0646693358594,0.101790944226,0.313094240427,1.51873693466,1.15100814622,1.35806991607,0.0543015053868,1.10548586681,0.321974070878,0.393605632801,0.0646208966896,0.0797367011011,0.182776477821,1.35224962294,0.101999255531,1.14837855692,0.312515033484,0.0179734528065,1.3318418004,0.736625021473,0.699614223861,0.266801551878,0.29318404099,1.25115042569,0.184234134927,0.198234837279,1.75522686701,0.748347302601,1.34315498993,0.108099516174,0.0297172400355,0.654521214254,0.742921535373,0.452364089563,0.191035930887,2.0651203987,0.155071591511,0.187692537308,0.376896571442,0.115282061547,0.113215095736,0.242188068777,0.105258095604,0.537901993309,0.219459501952,0.915543242358,0.336849079207,0.513915203698,1.87824236184,1.17925406981,0.267661760524,0.225463423394,0.114795037918,0.266453954829,1.55301661432,2.08736347318,0.0334183834959,0.130136424378,1.76709346116,0.273847037256,0.0782014272362,1.28270552337,0.00389723807573,1.07230560243,0.149492536057,0.0141341146827,1.11483161822,0.768350795098,1.06049986124,1.22584280706,0.364368553511,1.21219851479,1.71251993015,0.28602397766,0.396197622949,1.79712585792,0.657346447224,0.385691095889,0.582079769261,0.0973646569252,0.0402397480607,0.334063650868,0.620726572378,0.193985624891,0.375008292645,0.719497911781,0.443119134363,0.0780266899447,0.957186842738,0.363269710422,0.646397932321,0.632824585736,0.627373287398,2.29170014653,0.201670202911,0.503154928926,0.315477337763,0.127324589151,1.01884424269,0.11353681949,0.129374842262,0.145072870106,0.420896293223,2.19233409159,0.335566211045,0.489384412011,0.174379697889,0.289450159278,0.120666394681,0.751507166903,3.44730513871,0.042551489129,0.687892713174,1.2941833055,0.000341713950038,0.0199432546925,0.311971046813,0.483867550418,0.623064354062,0.530235758945,0.595170549601,0.196704241335,0.270930096954,0.369279014915,0.228767066598,0.457927269489,0.132707958072,1.81259476304,0.0495442980528,0.724179558977,0.0363234046847,0.138795737736,0.725234582573,0.882931769826,0.291527433991,0.461970786452,0.00889169409871,0.146883002231,0.736206164807,0.851344435653,1.31673281461,0.382062408738,0.594988207817,0.156812623031,0.699967401922,0.0751575805247,1.29381932572,0.303928028941,0.973837908041,1.4369087217,0.158077658769,0.211547147408,0.500752756,0.276731461324,0.68560069032,1.04839281172,0.508928300738,0.231702807916,0.474641505759,1.25316961383,0.920142942313,0.112637766078,0.330850241045,1.30301713917,0.646156636178,0.900816084296,0.135905160606,0.371611606684,0.0142444299161,0.236624405831,0.444553306103,0.751063608362,0.82842144087,0.320371888876,0.166048197299,0.331004791204,0.130706100054,1.24136605918,0.46921826072,0.416428254656,0.308495940417,0.702639803588,1.60087055825,0.55173125416,1.34088927396,1.07870024811,0.158432692811,0.366813004818,0.0801641654456,0.0567840950564,0.833825766072,0.488150389679,1.46940300435,0.0819441923499,0.015889121294,0.682508769482,0.733389680814,0.00254971295595,0.225276127332,0.256892521693,0.505162096024,0.617425944339,0.0935900818557,0.17102620136,0.00567126810551,1.32738064572,0.195337149426,0.156360471435,0.0801450143754,0.226903776377,0.294479942024,0.74606017679,0.1057572034,0.29402108863,1.07228324302,0.2552837703,0.611691053361,0.489505312741,0.0704103508033,0.351433900148,0.124236477613,0.637599809859,2.15874852955,0.519471576847,0.446467012159,0.933725574547,0.621628430784,0.670424192622,0.462083957046,0.118107429408,1.30419726968,0.587052872777,0.0749522863276,0.741509518027,0.0760778995231,0.523039900512,1.02413345613,0.0457396477647,0.133419290036,0.114787714705,1.24284046173,0.79671222508,0.146687218398,2.53668320388,0.963498369921,0.14304128319,0.212701945119,0.20861487899,0.132397364527,0.182464396264,0.0982787009608,0.513128244095,0.0769516420114,0.0167864404619,0.0570043786615,0.0384510974213,0.182158547491,0.123408710733,1.50153424963,0.515666677579,1.74695445724,1.42046349159,0.899084974695,0.465626302436,0.17591493899,0.727996717878,0.981692416631,0.667354751928,0.296366567537,0.479120057821,0.105229824381,0.143031982817,0.078474406898,0.0124096870981,0.392036478966,0.32997783512,1.36962391061,0.185145158619,0.0188588701189,0.425597262923,0.614675348331,0.506725519262,1.083317887,0.930569940209,0.0379530407488,0.216541405274,0.694680224992,0.316685561538,0.0848661568761,0.28327849552,0.0894650859013,0.318947174884,2.64900460005,0.794397303276,0.547178628296,0.14942029845,0.0783642702922,0.234485901445,0.961929042637,0.976054895706,0.123152394108,0.241103278324,2.12588834599,0.282902703658,0.271159922881,2.54739535451,0.794494732395,0.139305732697,0.752025707737,0.477064059526,0.164601940222,0.313727032989,0.162850909159,0.266492054537,0.212259685099,2.45698108435,0.520572985485,1.20005241923,0.373566018529,4.65085926414,0.896099465489,0.139100464173,0.204880000304,0.0818441053363,0.0125458588172,0.0777913291566,0.167662374824,0.0,0.175052704699,0.0679345761985,0.395995954089,0.197354009598,0.213939495906,0.654535349719,0.0764136172086,0.070221395772,0.469195071775,0.159019316286,0.627226487156,0.0147208596021,1.82412102461,0.32777063489,0.0787358004972,0.612028017379,0.504001343932,0.303553088224,2.18435989481,1.28776078549,0.0958846199512,0.149019752331,0.128391977567,1.08818927765,1.04357895851,0.0659940469079,0.405510358838,3.47546600401,0.331820052806,0.145177715831,0.0294081519754,0.868315792242,0.158142898716,2.36920156121,1.0007328888,0.212730028369,1.92800789803,2.68383866608,0.944557595337,1.03760923093,0.0341553346813,0.967796944007,0.356341236478,1.49727042168,0.00450136539526,0.526195084477,1.6623865857,0.439354204256,0.105932488963,3.21305865496,0.311075356826,0.633065546155,0.195631893709,0.867192626316,2.29784162611,0.605775784031,0.335558684357,0.5179553001,0.0898814703152,3.1711586982,0.996323631406,0.407214061283,0.0189139968157,0.0858634046232,0.0216337105632,0.354740861207,0.535402253675,0.263650843352,0.0120494753309,0.833902606666,0.283978991844,0.157626887411,0.718265987483,0.00325231254101,0.179856875278,0.0815949070826,0.184366152002,0.0607456788421,0.091238094978,0.319877097234,0.300714958981,0.0908552664006,0.412845718265,1.00061797403,0.615887354761,2.13172507882,0.163499764502,0.240349588431,2.21706895351,0.738243131014,0.506054383218,0.345442664102,1.61850772753,0.356924671195,0.363513121493,0.302818319649,0.098151856754,0.173226847183,0.605200221633,0.345118553936,0.38238258807,0.23791244328,0.241468385943,0.0268968893588,0.2013715633,0.101090642475,0.0266075674072,0.218050283794,0.47049548395,0.310821410641,0.487873586826,0.0249653162109,1.19691363499,0.0616304269433,0.585583381895,1.00013205713,0.0127304343117,1.02512903333,0.303500293265,0.54413104279,0.0870389060024,0.00212503843009,0.295739833191,0.530424708873,2.3703385894,0.525402414575,0.366872109696,0.203282135464,0.279883258939,0.833952329904,0.0297175467946,2.27159829057,0.0661011259537,0.0754796480651,0.128026122181,0.189878051579,5.43423480034,0.259283478965,0.309318303466,0.259679006273,0.431914100936,0.167207291275,0.315300178826,0.0821371767402,0.109059959948,0.0947792055458,0.0250724963099,0.206829932332,0.371359232292,2.07110571116,0.0033366413787,0.486821409352,0.0161313895881,1.09362184022,0.737138545513,0.00652750611305,0.335344796181,1.81143119857,5.90873506427,0.395547965337,0.307819531581,0.615524883443,0.068989271475,0.730869022906,0.6545859841,0.0214406454563,0.0643439572002,0.42906722635,0.0223577111401,0.0881269580126,0.254994734563,0.0232639981434,0.280972494171,0.357490078192,0.510282040574,0.0189229641249,0.00165925726295,0.262185753435,0.240077678859,0.516064705322,1.93072119216,0.367112353444,0.579708363509,1.07149501257,3.86585438967,0.398420200121,0.638317891881,0.610681506153,0.37574658379,0.487324554548,0.231408712938,0.410215899274,1.90796977073,0.31794413954,0.611282689124,0.0350199444219,0.399510238618,0.534087568969,3.33988370813,1.98735764951,0.730853738338,0.367914329171,0.679266761052,1.79749892458,1.30289011215,0.848058691397,0.264342053533,0.756219149902,0.70339265544,0.189637480825,0.0423758715764,0.0156128275394,0.311973201949,0.326573477834,0.0495277154446,0.589178992803,0.0,0.109631622136,0.0251340812817,0.582239768247,0.0115636814618,0.0327755792439,0.972807879448,0.746252377033,0.107672314867,1.24356252059,0.448727000207,0.0,0.0254394701123,1.08651279844,3.6477028507,1.55157755882,0.049132354334,0.0169246988744,1.86928539209,0.189107598066,0.00380882978439,0.768882424831,0.775462755766,1.00061602469,2.55944242164,0.682215817422,0.0916184258461,0.176163601354,0.0,0.0816781306267,1.62590810627,0.164335526526,2.34878717393,1.1805237634,0.0306257280707,2.1180877921,0.0130763167143,0.760786511991,0.00844782352448,0.000712972357869,0.911292384118,0.217857524045,0.0,2.50843724191,0.13428005971,4.15877970636,0.0,0.425446950793,1.15335164182,0.316358247176,0.14811887145,1.02092318401,0.0134397938848,0.132690143138,0.066015662998,0.0954847311974,1.18480420834,1.62957855444,0.478503359929,1.108558743,0.0786935475469,0.0244177366793,4.98291193724,0.91476422295,1.68509181127,0.883906516135,0.285002770722,0.0668636871874,0.0299349045753,0.0237804327533,0.00545054957271,0.00882237955928,2.18236608123,0.00635332167149,0.37539779556,0.375168186873,0.0832373186946,0.78437412872,0.022678841725,0.041345795095,1.64624138247,0.0784204572439,0.720824962892,0.443055165112,0.695102970153,0.549117231723,0.592611498088,0.0479551485181,0.0670009344816,0.0233085806668,0.026113858223,1.21703164086,0.0,0.290889295936,2.60566534996,0.00340709298849,1.1365475332,1.75034692895,0.0314866106957,0.0472185153794,0.0224806883931,0.452929781973,0.0374550577998,0.00430927857757,0.039875751752,0.21890311867,0.0301096391678,0.931334072798,0.0346375101805,0.427732818201,5.24354383469,0.193539233208,0.546420112997,0.383024010286,0.0440993383527,0.0903873722255
111,0.151599659175,1.15759109046,3.81990925074,1.62038454235,0.047313318532,0.25364654433,1.30173004225,0.497803054638,0.175482978225,0.701047423482,0.51225881882,0.881711628735,2.25487511307,2.94880393386,0.256913875435,0.542555830525,0.74966826193,0.585461043268,2.6502240628,1.42444587886,0.490040974021,0.280938618851,0.126221065521,0.604620751012,0.0297131150961,0.336895886734,0.00861068695784,2.56411080539,0.60364343375,0.948705427647,1.04628757894,4.39353182316,2.89167578354,0.206433346942,0.411575600803,0.0643023351952,0.774499484897,2.10915138543,0.266399962604,0.517854935266,0.32913240172,0.840844722986,0.337800614089,1.49075241387,0.161262637228,3.85902265787,0.21322770413,1.24610692292,1.29879072592,0.622106463462,0.785151854455,0.859403305799,1.85937361747,0.704637314975,0.221709641326,0.0772257293481,0.926740687788,1.83882717073,0.867782123685,0.279987021163,0.790428799447,0.168074671328,0.353702872708,0.466147765815,3.03898587704,3.56033263683,0.401016996838,4.70053034686,1.3600944826,0.100577853657,0.786036098227,1.96966216475,0.257937567756,0.170844134167,0.459548660517,2.88949187756,1.10694462475,0.147786039151,0.412509945035,0.349198058434,1.19267350588,0.235431730226,2.10680472434,2.40004667878,1.51628344685,0.354884872735,4.72662940025,0.81753192015,0.657820861563,0.651582984217,1.02067509077,0.241734848097,1.69298368141,0.64004042238,0.0701124593802,0.466206466258,3.04210973263,0.707490691841,0.0722487599403,0.474877861664,1.5023811245,1.06989046872,0.718771196529,7.86989517212,2.05451320648,0.49223485101,0.15837290667,0.374470582381,2.89048038363,0.468853919841,0.406636040341,0.812753773071,1.51569250584,0.264581001401,0.841759766638,0.109364340082,1.11083264202,0.152725547552,4.8155147326,0.0339672695845,3.68717620373,0.408842613064,0.322432313561,1.49278786451,0.688361085057,0.426364190206,0.868349996209,0.0886334826425,0.0932091328688,0.014764110148,0.0,2.70678496599,1.0125043869,1.09112826854,0.499584250171,0.426055950932,0.540129460394,0.333254199326,0.666800830588,0.38475673683,1.03235581428,1.73414408296,0.318772355281,1.3704179576,2.34322244704,2.43700140953,0.949480295181,0.672007728219,1.39216767907,1.21054650068,2.2984150219,1.62773582995,0.369441261217,0.583481337428,0.807597033381,1.09874049053,2.04290528059,1.31400452047,0.0583959653229,0.0680388843268,0.586591705047,1.15931731522,0.169267631061,1.19764170051,0.33094131954,0.23551222533,3.14065912195,0.978578763651,1.375872612,1.11981088996,0.698141577747,1.80250316978,1.20619092077,0.787993400767,1.44132355005,0.268195210248,0.323353836862,0.60534425538,0.521415192187,2.10830063596,0.469310485944,0.529800109845,0.102852844335,6.91277086258,2.2137229383,0.748567753881,0.663028615694,1.07119256929,1.89281011164,4.12857082367,0.157625731751,0.933003531694,0.520582700316,0.742513012663,0.813100124598,1.00689771764,0.953713823035,0.364881964847,1.65768666267,2.66507565856,0.104661953561,0.0182240139693,0.179103714675,1.36836406648,3.05837949753,1.82510279626,0.326273673624,1.97647059662,0.936131907701,3.9456261754,0.188250248432,0.172581890691,0.762162261829,1.95663371037,0.467914935239,3.67556050301,0.682817851119,0.129867165126,0.499450460821,0.0505914931372,0.00319407165051,2.99279234409,0.575174166497,1.53001827656,0.214628230876,0.0582282737643,1.96078359962,0.353191716671,1.53386590719,0.529748317897,0.0513429538161,2.13383693188,0.456809406169,0.804029842615,1.90684368756,0.409710089425,2.31250813924,1.24739940941,1.11644326732,1.55300616622,0.0397800785489,0.84841994822,0.0666397672147,0.678947904855,0.101847716011,0.420668999697,2.27856708407,1.34934190512,1.66646270871,0.313076681942,0.04945351528,0.795665932298,3.64980256081,0.402695652321,0.0995607774705,0.929970873892,0.452749046199,2.29296474218,0.695309922397,0.316380271669,0.578815390766,0.313741548806,0.545122223049,0.393260636665,1.30227946676,3.33428540826,1.22574630797,1.90392654538,0.839960801452,2.3426597929,2.54817927003,0.392602503784,2.65984339803,0.278212211579,0.573484719507,0.00565146461129,0.701800470278,0.123870654348,0.972558465898,1.10351099133,1.03813308507,1.10858253717,1.67255418926,2.7924313198,0.860521716569,4.08467741728,0.509632882774,1.44057495177,2.95744746268,1.34896325294,0.198316329941,0.794076423198,1.1875151366,0.529625682384,0.13679905111,0.760983551387,4.60010741442,0.731790435491,0.118646886051,0.585458279997,0.424528571367,1.54097156584,0.0325401994213,0.644952591956,0.37403816238,4.89924953938,0.0918858161569,0.622614265999,0.0322759873606,0.154366501942,0.391670011729,1.27451560264,3.78267817706,1.0775199753,0.159942342341,0.103001931086,0.306426555291,0.521795333177,1.27043173805,0.0696359831095,2.28987734377,2.32090761632,0.636462336779,1.09588331051,1.16127757102,2.31879978418,2.70898979306,5.53038517952,0.400582826659,0.0602026748657,3.177748245,0.310892976373,0.590850506509,0.0986129081249,0.85230852142,0.472786019817,0.00315652572375,0.341501110792,0.624926508293,0.974702243954,0.599697243869,1.78620664597,0.218884976357,0.165847921968,0.140501527339,1.48378126025,1.82256709337,0.129969717415,4.96754894853,2.19529038753,2.26893236697,1.96776977465,0.604844158217,0.16220545508,0.10690982312,0.134309362248,0.729560509026,0.171483913288,0.77920740962,0.38459085986,1.11612328768,0.461997542772,0.179016869292,0.628693699986,0.192314538136,0.297808772773,0.258452886343,0.436370551325,0.967808161974,1.04171037231,0.134796531796,1.67268479586,1.12086920053,0.849005093873,0.0425733696483,1.30153831443,0.54932510227,0.253977778293,0.492549486943,1.19687419958,0.846072872207,0.264307064712,0.521931345761,1.27542968668,1.20315911546,0.340473457705,0.535702044498,0.439303550171,0.0742344249785,0.719715179801,1.43310937524,0.434517361671,1.1207829389,0.219868902061,0.315326488167,0.83359116856,0.247952252438,1.07414541304,0.626851569116,0.42630613476,0.0707007091865,0.479081025235,0.272264881972,0.0539806887507,0.34737820331,0.48783431612,0.0900273635983,0.434307506485,0.61207487233,1.02579506388,0.240893180445,1.35418489166,2.07481187642,0.526066676565,0.486858628765,0.222545835078,0.2884530182,0.359684394449,0.482791077886,2.08195003815,0.169442742467,0.103988151513,1.41768927813,0.217255774476,0.136881869137,0.71623119358,0.0848988638073,0.471182241887,0.185757978261,0.0327450600639,0.749275936633,0.689217282236,0.621374158561,1.08795022771,0.793334953785,0.783478216417,0.433783932514,0.388359050639,0.542128964625,1.10034466829,0.8696770899,0.620856903791,0.352292430997,0.389140554145,0.0706390628219,0.384108536448,0.536097594379,0.382743063569,0.288500201069,0.348503228968,0.676860874891,0.336754861474,0.846752224043,1.17255543917,1.68271804489,0.255109218396,0.440001525115,3.23136487186,0.349000860006,0.326286822464,0.787840449437,0.388059029132,0.778726217449,0.271448977441,0.158820925402,0.0719874802977,1.41567236558,1.3294453156,0.0849258216843,0.744291841686,0.27565123871,0.324986260757,0.0312766353786,0.275154478773,2.04316893041,0.270569604039,1.49224110544,0.57830636695,0.0565687737614,0.0687869185489,1.06931411386,0.642953344584,0.583737897975,0.657069017887,0.438613008484,0.488888112605,0.252748453766,0.71042761758,0.919393659625,0.528708356172,0.218888418972,1.89426897146,0.133357478976,0.21579816319,0.174601020943,0.283438652456,0.911139227459,0.784947734475,0.253282166943,0.2813961941,0.131212249566,0.641073960811,0.321642575711,0.653571014982,3.51182780385,0.287666884959,0.398506582864,0.307200468034,0.983004430644,0.262285690634,1.82009062201,0.856245910684,0.41575336352,0.591330080852,0.821688930281,0.421469600648,0.715996561348,0.293466228098,0.662155425225,1.26889269169,0.383044395335,0.122750468999,1.389707524,1.30421993047,0.488466016725,0.636337079406,0.309757832829,0.0684975919127,1.10734683871,1.40659837231,0.210506737083,1.42626077607,0.122223540209,0.195532203626,0.265525560118,0.45804546535,1.34523317602,0.289953956343,0.550025854707,0.626165623404,0.543324632533,1.13108275786,1.21084378824,0.737778948396,0.701810692474,0.584199299812,1.54608573437,0.699361506999,1.23812234759,0.825521101356,0.333105620872,0.147223354951,0.238019295745,0.28498031171,1.58591606455,0.388453486115,0.756387397945,0.173523143549,0.0415782689303,0.344713061675,1.47651803816,0.043329227604,0.293581092861,0.907617247254,0.457292727716,0.994294427335,0.550191869158,0.202828659005,0.23114458311,0.412027040897,0.201027440503,0.376901226044,0.296304694079,0.879770825766,0.905190521181,0.800959748696,0.200421819631,0.494070321787,1.42077666678,0.838868257999,0.355825411119,0.220658378005,0.0284359481931,0.371854254883,0.0702128358185,0.681825610772,0.348766094968,0.89739498882,0.343309535487,1.30184320077,0.54396092236,0.400392518509,0.181504369751,0.120861981213,0.145719449297,0.698153482191,0.271938621104,1.10239987209,1.07339468397,0.537873151451,1.11727302711,0.277940939143,0.200205431879,1.02216580942,2.12853845783,0.400258603245,0.341688395124,2.57401204407,1.35796238959,0.342352126837,0.0897267299891,0.301928239092,0.55811818663,0.246408427656,0.189434118718,0.502283614054,0.36940439254,0.233100458123,0.144205418155,0.00822248890996,0.341376336031,0.18326372683,2.43595020555,0.230092255324,1.20110486567,1.53068107428,0.199174783677,0.667121628895,0.417473024055,1.40326606214,0.361670712754,0.650929187462,0.211361457482,1.25689138412,0.556814181767,0.165910419822,0.391235182732,0.132343953922,0.49750028342,0.338150450904,0.77224525,0.147305030487,0.0129629601538,0.298617554866,0.553959478205,0.257758609764,0.41290622279,0.327894714121,0.207141556991,0.426527061462,0.95336537987,0.719309787303,0.145653541982,0.171451732293,0.255231690407,0.728101104889,2.61132330649,1.91718332201,0.78212574169,0.0874643707648,0.017971887812,0.746780610308,0.457570303977,1.02592562929,0.456984987361,0.542333239727,0.85340870454,0.835268880464,0.950105311424,1.02617636632,0.378278532922,0.62955307296,1.10975616346,0.336103447117,0.705670838878,0.863203359209,0.427625004468,0.419298492887,1.46206781983,2.83530201912,0.813672056645,1.31909130454,0.981443786472,3.10919974633,1.00808031224,0.728719633743,0.2176479901,0.557543468326,0.434461218007,1.00771789551,0.764649092928,0.0,0.570173142552,0.705407557115,0.930637199283,0.354556053691,0.0639657612145,2.71492443874,1.19875183761,0.644605935216,0.704301440625,0.380026360527,0.392565452754,0.409677722566,2.19189432919,0.304802346826,0.282260881057,0.455650316537,0.210025097523,0.338569093086,1.19869928569,2.07384402215,0.922443548441,0.394539611023,0.650196859725,0.923770196773,0.693264908791,0.231573493164,0.603346748911,1.74968112323,0.530120684579,0.667785707032,0.0933585433988,1.4271791999,0.160172089059,2.08555109811,0.775257876813,0.199196591126,0.25202845905,1.42156646371,0.313776953369,0.912494158112,0.120906221094,0.748407884184,0.694979571104,0.825190795213,0.30943100512,0.536291294172,1.90592691258,0.422635909896,0.0305004362956,2.94390650176,0.355227806475,0.273633514717,0.55011998225,0.989259614572,2.08807328224,0.440780967898,0.118469388434,0.44235281371,0.119962700382,2.07256796375,0.400840812363,0.111013628878,0.275470412597,0.157877515927,0.0529148812033,0.312017797232,0.731798838526,1.27713669896,0.203971114401,1.45644189157,0.432702968307,1.34259512961,0.233666522615,0.0678841748461,0.278997667022,0.103688240929,0.182232754063,0.345262149647,1.43180859379,0.104887059517,1.19772390646,0.362693366576,0.744922103528,1.80996131122,0.393592230529,2.20456403494,0.991601217166,0.231714637093,2.32628131434,0.384717652723,0.773951168889,0.135166073171,0.942366173714,0.119581970553,0.665696042553,0.294758766629,0.350987544507,0.405791908093,3.28047239661,0.0238498795033,0.431807024723,0.0900889569521,0.469682794427,0.587727643549,0.489730662503,0.0158984471112,1.03705776855,0.17854825668,0.726548605002,0.239653711035,0.415452052578,0.288377071209,0.83360276863,2.58514507905,1.6066024607,1.05718371496,0.349904607702,1.09119080467,0.781934698448,0.376884388775,0.8907356897,0.236889889203,0.306455246555,1.1595108461,0.921319420107,0.775701518506,0.261102781221,0.216507140994,0.208873021398,0.632703528553,0.525415244177,2.03515891828,0.755760468729,0.248529193439,1.1186386196,0.334090396203,3.9074719581,0.762106744871,0.240061768368,0.698932089668,1.57282949933,0.765924875438,1.2857805633,0.264679479524,0.502099162824,0.630877723843,0.282651351467,0.819543937184,0.409159099162,1.08964689681,0.211960771214,0.506237457804,0.334758737385,1.54279489994,0.744264331535,0.229116011821,0.119191982709,1.35457961591,4.74203610852,0.382610393539,0.443918594718,0.896833101921,0.301966213584,0.610235072866,0.535427838862,0.487784624025,0.950902260691,0.194115552092,0.620155832674,0.110182937905,1.92755235999,0.183753275573,0.299213210586,0.790849821717,0.255363615304,1.14100407325,0.0693844656274,0.255946147749,0.26024823837,0.162772056102,1.94886556208,0.392321373522,0.254162091028,1.2871229393,3.78743332133,0.325324264467,1.16791415565,0.101952346517,0.0638941701129,0.177840595152,0.0663753997907,0.785103683174,1.71631455661,0.338678815067,0.664974943399,1.31357489794,2.28342880264,0.123413535953,0.850054717101,1.93091538891,0.523258471545,0.0629729249328,0.461656321585,0.789029178172,2.31820905328,0.540677279495,0.227116602063,0.530055537522,0.650787228744,0.0629138597474,0.183141020909,0.355280373693,0.536955613568,1.0177030459,0.636040231064,0.0116085611796,0.0449701678753,1.86009393692,0.138122522831,0.393973826915,0.0581870397925,0.197031825483,1.38286433794,0.256902912371,0.824607584998,0.768351380676,0.545132358819,0.0519299888611,0.165240750415,0.507956614615,0.792955104411,0.622546601966,0.0562496134266,0.058167325519,0.775691996794,0.860593519211,0.172850840837,0.3423800366,0.835743214712,1.831931201,3.13099531302,0.566557368562,1.52354653103,0.15132467024,0.00270459741354,0.136919718776,0.762669698894,0.311307441592,0.823944844753,0.731658599973,0.717740726322,1.03125071049,0.0415035598865,0.29216439066,0.103595142514,0.012205405971,2.05206159577,0.58489901185,0.0725171353109,2.90461368486,0.545617283713,2.32410322309,0.00132947176695,0.231639804095,0.188562028965,0.266150831878,0.298085953072,2.01572082311,0.512601497471,0.128451746404,0.02813798666,0.249012473822,0.790631291866,3.38886554718,0.667146140598,0.483833162449,0.12198860202,0.594260582663,2.34668847464,0.930470355451,2.80971118271,1.45533940256,0.0733205813915,0.0841370222764,0.846724249832,0.0205066230893,0.104126790641,0.0454676951468,1.73015792891,0.00885722704232,0.570529425237,0.0929478362948,0.688479584865,0.478009857871,0.48765475437,0.0968425548077,0.456402817518,0.0995476153493,0.464109498514,0.216661048088,1.18404325016,2.28819384366,0.795324316025,0.677688129693,0.883861542186,0.584619936664,0.0276959501207,0.413986793756,0.0,0.317874081731,4.076056633,0.0259263771772,0.943399548084,2.13477417141,0.27296833083,0.395180649161,1.64906688273,1.34092996508,0.344555926323,0.170978639871,0.243731336296,0.242812759839,0.468524840176,2.23069546036,0.332805911601,0.150881499797,5.12455166101,0.154215139449,0.509302822798,1.41335595816,0.0203068431932,0.21813698113
112,0.0815078476071,1.45668382389,0.620742047951,2.48258381069,0.319726212323,0.183254020475,3.65050790697,0.145645300224,0.0266186523438,0.193286198154,0.153817304671,1.1624885267,0.438638531268,4.22517954946,0.424883166554,2.16065496773,2.03229966342,0.348635363057,1.86688817859,3.32281046391,0.605637296364,0.0721604371816,0.371096224785,0.48711913133,0.00885609418154,0.162611307167,0.134796571061,0.467340057306,0.692863955228,1.34607172593,1.33590911633,1.9277998732,6.3739335537,0.123223088756,0.457943457365,0.00485287250951,1.25413310073,3.01490205765,0.126494723372,0.340922640264,0.541367012125,1.70596469996,0.927737486064,1.50276395559,0.00409097462893,4.52399680376,0.205554013439,0.780503986245,1.13405986324,0.332449548058,0.5361997962,1.7062389262,1.31490650505,1.40829537958,0.211688716561,0.461727487184,0.861572295241,4.78962626383,1.09315575168,0.230935745426,0.677229504324,0.0704983594734,0.330931901913,0.594940015525,0.584141281396,1.15140367642,0.0922954662447,5.8326619891,3.71476950824,0.139761375673,0.553979291916,6.58650579214,0.179798426628,0.320194142759,0.530389577225,2.06902814865,2.12207445621,0.324599202499,0.126169243157,1.03822091039,0.323832589611,0.439853103166,3.25817449681,2.21445210844,3.10314801216,0.178951108903,1.6735966754,1.97190483569,0.0451277181506,0.611123487949,0.784745128155,0.0309709710814,2.05703528859,0.727254522778,0.148908943608,0.229547205344,1.37702079564,0.697892529368,0.0671009571385,0.176195748076,0.421661810726,0.378432994531,1.24292557657,3.76342951387,2.61614762247,0.0347432032973,0.509968592525,0.567273374274,8.05766162157,0.664408068433,0.509052196853,3.90940418482,0.36668187954,0.21886214029,1.66988761127,0.0829804523662,0.105073984042,0.729405873828,6.67181239128,0.026568579163,0.37962084204,0.0204626653343,0.431767809838,1.10585914731,0.249955938198,0.384954822129,0.89057322721,0.115733212978,0.0793721096643,0.0794161103666,0.0574276256561,2.42865393505,1.62348556846,0.924047870636,0.649496108559,0.795881480351,1.08045445491,0.869959918633,0.606069763526,0.256656325771,2.36924286842,1.24014713012,0.0543731211126,0.307498085834,0.581099532843,3.21340224475,0.239327766597,0.381428405344,4.62815602332,1.42522564441,1.79243550375,1.1613573581,0.054464122951,1.39961362481,0.132030131146,2.05436945371,1.91244985342,1.10303333715,0.0383701135963,0.0249743421562,1.45485075593,1.85020077795,0.610439901726,1.00279525565,0.161330114752,1.25446858197,6.89461922348,0.336213551886,0.754292445481,0.187499858141,0.753410387561,4.8058495903,1.76104385018,0.516948064547,2.13258989364,1.37246529661,0.221718345284,0.396362713575,0.895893568955,2.19761491954,0.337667367794,0.942496573925,0.145036080256,1.32499976754,4.97582415104,0.717290581837,0.408200543821,1.12707824111,1.11580765516,3.44265893817,0.105277248397,1.12032473013,1.52098361045,1.09286681861,0.319292203784,0.326536532412,2.39412744366,2.02474137872,0.610863180906,5.95856255651,0.21146189563,0.0467054211721,0.0035674238205,2.66659108758,5.63245848656,0.0971753504127,0.150072958544,1.02534261838,4.89043337107,2.88695864558,0.0471246427298,0.173479222059,0.275540417284,3.34476064891,0.520877503008,3.83104660422,1.04222570866,0.0610335798562,0.066748528881,0.161740042455,0.149349159552,2.54232278377,0.393157755025,0.752925086021,0.0755137083307,0.459549896484,1.87285731286,0.291804484352,1.92372761302,0.502681198716,0.35388679333,5.02808537103,0.776950380802,1.86187890485,2.31494109198,0.456239671968,0.58253137216,0.583266399652,2.19066577911,0.815467200279,0.00884203182533,0.122399498168,0.164032611102,0.863652404696,0.217714980021,0.398009966873,4.39284300089,1.61312675565,0.34192154631,0.984935229123,0.00882958859205,0.367279831916,3.42735296607,1.28310985506,0.48219096601,1.32068926901,0.494064985961,4.35392438948,0.596695747524,0.726307783872,0.654617898762,1.09806274176,0.390037212372,0.7233352568,4.96282866567,1.31930705488,0.282452269308,1.31874387331,0.248862631358,1.25080584258,3.30739062607,0.912927230448,5.71803926229,0.350471608229,0.419520944655,0.0229148754478,1.13828013986,1.34164720349,0.592170290053,0.843933807015,1.64264854282,0.741538505256,0.620311651267,1.44623169102,2.78190331653,4.75091833115,0.096519876644,0.779566364288,6.05478621334,1.2583103627,0.37197850503,0.502480176091,1.42843572497,0.83981970191,0.201859568954,0.732653220557,1.51508076012,0.527665851116,0.370523215234,1.38330938168,0.309647683054,1.54823586703,0.0287872073427,0.410435738564,0.0668393264711,4.96796619892,0.0560316081345,2.81879410028,0.0165127226338,0.0904630017281,1.16038542032,0.530600495345,6.63928567886,0.825635710228,0.144519974887,0.0313945672731,0.601231563427,0.305728742927,0.877538066506,0.188371442854,3.46080630124,1.05498166159,0.252276699767,3.3568539685,0.447311917357,2.04206826329,2.6302257514,4.67954228401,1.84495814443,0.0294441636093,3.15111311048,0.604145893045,0.434933685772,0.0598061802983,0.386753731444,0.176337568685,0.0440450400859,0.445980004668,0.641405699104,0.289617068842,1.0693949153,3.39806267977,0.155000608955,0.313817047756,0.116447379589,4.51968376637,0.295040129758,0.047604378853,2.3135556246,4.10542226046,3.4862363553,1.66678044099,0.88413994904,0.308577354755,0.84153619159,0.0594681038707,0.523004104868,0.124664532915,0.00933278542012,1.7500468,1.01098222196,0.788998603877,0.140996386269,0.380445407666,0.615920776278,0.137839279026,2.0300317046,2.19798317462,1.10278029447,2.29447940484,0.0087768369168,0.622104807794,0.408548234664,0.401578776035,0.202113606893,0.26383399941,0.446484961957,0.583155716062,0.140648284107,0.611663861909,0.545215864847,0.150142277628,1.69991296336,1.98072364599,1.01749414982,0.34231474027,0.217347796634,1.829904342,0.606345642842,0.381526274662,2.26739920978,0.654291047305,1.18611548051,0.33927037091,0.556916708723,0.731024313942,0.568708731867,0.99718662519,0.387176533826,1.94104743212,0.114189141188,0.26548102662,0.095701286383,0.0382723087072,0.226536327573,0.0747406925424,0.0572562625259,0.54064237684,0.204401321318,0.460898897192,0.446173948506,0.418260629475,1.53642136615,0.853638157025,0.0471670782322,0.0621080586314,0.0873225045204,0.381810354479,0.893545870781,1.73417405427,0.00529573444277,0.00326040260494,3.26115093097,0.773953144997,0.0815845757723,1.16726082861,0.126393358596,1.1821356681,0.162064754516,0.0124857839197,0.68092128871,0.180936384376,2.2301094532,1.53329142332,0.119704901669,1.33714826733,0.93866007112,0.325720747411,2.02185173154,0.937843579873,0.465623838939,0.675657688156,1.39295962416,0.265665185703,0.0206197209284,0.553159173435,0.449728565663,0.194833116084,0.77468968166,0.308295604698,0.619528904445,0.0796555488266,0.325750742732,0.529181549102,1.05086191624,0.285149997417,0.282665819451,1.5598774753,0.505350095928,0.942625789344,0.0686114567239,0.145407858714,3.97398062922,0.0105560314655,0.0218333399296,0.0605541831255,1.09139310468,1.00865593097,0.425242584422,0.0724527899921,0.246766309696,0.302638392001,0.137946377888,1.11413091734,3.61712436914,0.248225612808,0.898906991882,1.18535139218,0.0,0.0482429562695,0.334666362074,0.704392375313,1.16390828446,0.596329851079,0.284344852492,1.14817153304,0.423587431824,0.166779956222,0.887387202084,1.87211110964,0.0573530366272,2.02867395535,0.0102943700552,0.802072165902,0.169731008033,0.100081289653,0.968402103186,1.09968828823,0.178309775144,1.34407868311,0.0218667537905,0.240406619217,1.95777184341,1.24283011515,1.21944490366,0.149282522425,0.832561179025,0.224284846932,0.76707635738,0.0639699080028,3.66712578058,0.558743092418,1.121947571,1.29322448254,0.439316082727,0.0807465150952,0.404274433181,0.344113793448,1.0939087496,0.480161470398,0.457614960484,0.0443724078685,0.648660151698,0.623613009537,0.333663998637,0.365845319182,0.329398825266,1.29153015696,1.06296528043,0.6685090895,0.1342050758,0.760418994576,0.11703943491,0.454196323343,0.619087207131,0.161628736912,0.299767838977,0.276651689261,0.0400961562246,0.0716465113964,0.108874708936,1.25421868645,0.635699611343,1.14372698888,0.0993590788916,0.433241693869,1.33255069405,0.715079466105,1.32933583796,0.596135984971,0.289085996822,1.16766890675,0.23833372565,0.405917698927,0.645349323824,0.152147375569,1.11105435815,0.316093366481,0.000415380820632,0.421769542471,0.666764867119,0.0435617828369,0.330686571747,0.546195192039,0.124031631872,1.12363409072,0.451404662877,0.21148883041,0.0999583792686,0.644200674891,0.160901313345,0.322908414304,0.0142499353737,0.103087330908,0.250400402248,0.138305995315,0.0251712565124,0.32919712536,1.74001978576,0.343439068459,0.68513843559,0.135949052796,0.0217232984211,0.130552844256,0.0110058420897,0.269967867304,1.99026683629,0.173100296855,0.24970725581,1.23308755506,0.566486497223,0.583752644584,0.764226561822,0.804162886329,1.60766858071,0.943814624315,0.0788471582532,0.262426541075,0.604390144199,0.95630116282,0.917367345989,0.304175402522,0.0352580040693,0.104090866521,1.71228943303,0.688718794826,0.972440185845,2.08243172854,0.222015991211,0.287925892442,0.0427136661514,0.165559475925,0.292353471816,0.487220471003,0.336313023902,0.484553047894,0.240933036078,0.138707236974,0.0755160062388,0.336384035889,0.229902053205,0.0575812861416,1.9191154056,0.436662874352,0.886488594785,3.32179837167,0.42234265561,0.149647803195,0.121077799595,0.766379183121,2.40945735138,1.7660491237,0.157241147943,0.840024728812,0.0782614540402,0.35891883747,0.234071511477,0.271263012439,0.24539450027,0.169831592576,1.16233587861,0.109355324032,0.0523185018357,0.0846524820477,1.00411287978,0.404075403139,1.49051136918,0.80303361224,0.374950134149,0.211287866309,0.598528228253,0.312539966675,0.0363479637355,0.217208778113,0.13164990576,0.512634272724,1.50685835538,0.195155752748,0.541319274632,0.124685019553,0.0275695991889,0.471323473826,2.02141137838,0.173942338228,0.0427428904176,0.278603142956,1.12873356126,0.23411582619,0.440032214932,3.24040126085,2.02716111138,0.348890707139,0.437226980217,0.308535748059,0.100471367612,0.719002597742,0.350773300724,0.57542777244,0.333669991326,0.55839816629,0.143421844151,0.149583379328,0.330031717124,0.874066862254,0.55581971243,0.54976236105,0.680010309368,0.0915664542839,0.0613756303862,0.185481350087,0.382986250361,0.0,0.0805452856421,0.304577594716,0.485150679774,0.0817081291229,0.459529291093,0.949717391878,0.366847462542,0.0566781661008,0.328922648877,0.0427193885483,0.204604672231,0.0970487654326,0.604633522555,0.283955700481,0.220126699843,0.640164911002,0.320688729677,0.351083306549,0.93400737119,0.355975144804,0.27310984141,0.465206148252,0.53563608747,0.985442180857,0.680983505957,0.273253166378,0.4337054497,1.68164372646,0.369495862171,0.0455673331022,0.268490895331,0.227382879853,0.208526393324,1.5159412732,0.266702689454,0.0428029207513,1.11277079228,1.26914347023,0.870212249607,0.402653904967,0.082116143778,0.199554919591,0.044363350682,0.662064078022,0.20700300036,0.811413943842,1.0460850037,0.238990216451,0.299036950991,1.12283273794,0.437459856533,0.16144467935,0.205168722346,0.539841927662,0.469425839297,0.130283332905,0.236800025674,0.494500920326,0.111035285639,1.33871218145,1.10160295881,0.22711057581,0.010618053982,0.126231699194,0.109055638278,0.172384785255,0.160776171761,0.294975755438,0.199638917334,0.803174700383,0.15300124988,0.597002859041,0.670014411956,0.00253621228039,0.249914491549,0.136129360523,0.211023373045,0.0229602774419,0.502888420178,0.17117160365,0.363434627308,0.0443336571753,0.678278150633,0.285920076221,0.674468296356,1.32512763321,0.558872976787,0.378897321463,1.42499237216,0.568839797042,0.504513429478,0.206687896587,0.267757723778,0.257481688969,0.424207484918,0.62778580986,0.0610021680919,0.477620124668,0.778129675426,0.0348365796171,0.119153941032,0.662371966243,0.314075239357,0.324918871135,0.290462841783,0.184493057318,0.114186319262,0.221285639685,0.31954535557,0.224854312241,0.0467586735636,0.149165218696,0.60249834083,0.417964929268,0.118242268786,0.88749894755,0.0267621506378,0.196744370465,0.658066930417,0.440619017817,0.155112553276,0.0934139615297,0.126690037809,0.405156717282,0.915418230109,0.277056290321,0.149754163604,0.10751816012,0.276562983133,0.352283014953,0.160152442753,0.627933228612,0.136579512218,0.210023633391,0.399816779597,0.65786700258,1.75820859134,0.180357432105,0.220398172084,0.34581361495,1.31402775543,0.23388615543,0.321219818089,0.151552317552,0.424258537963,0.3792849393,0.116248710826,0.277351290304,0.400176270381,0.715232509468,0.0887512869388,0.568675426804,0.0238706935011,1.07655431747,0.308645961639,0.0247859629244,0.166408866988,0.321855064575,1.18028804302,0.142787469542,0.198593030609,0.781884232312,0.111463906613,0.48469133276,0.263281680251,0.0727078291599,0.120885466933,0.0535424714163,0.135365692899,0.07368888597,0.476867785156,0.0368972861581,0.647021097264,0.471209679022,0.317603412066,0.243078855248,0.0116093105823,0.0988833206613,0.0914988991665,1.32163422108,1.08396441925,0.158292565029,0.386662721159,0.450815018639,1.25891740441,0.362959729061,0.469143950399,0.255679938514,0.173017935343,0.299754796443,0.0911941648275,0.837484323941,0.928360138843,0.11732814678,0.271734027416,0.350476269592,0.513719470017,0.095566701889,3.51266943336,1.11723763734,0.405352446884,0.439478079826,0.641836114042,1.17475608788,0.536819467805,1.68057763904,0.0503957103193,1.23473118961,0.574741090685,0.174444134682,0.203773883078,0.0438406451046,2.48522575259,0.632092334699,0.042586556226,0.536251336336,0.0722187288105,0.339452149223,0.00968339435756,0.032927504424,0.0063010007143,0.220712430608,0.217360558547,0.349309074953,1.29078783423,0.735478357598,0.303376418278,0.0542888265848,0.0109437836707,1.46120553747,1.25601416577,0.405671580844,0.360401753411,0.0246415132284,1.95060526371,0.213765754551,0.142005792335,1.78907672379,1.77979720764,0.982018027045,0.504533119146,2.2032561231,0.0946018218994,1.35725310892,0.0,0.100847281963,0.964907954894,0.256044838205,2.68384825785,0.269427624792,0.727753028944,0.32303350687,0.000681209936738,0.301132587567,0.00168953139335,0.0212882547081,2.98053846303,2.45826445699,0.0,3.54699116662,0.31436617523,6.18623498201,0.0,0.244160203263,0.912075930871,0.330330938827,0.147178469002,0.593358211927,0.543932541758,0.228113382589,0.0623995586671,0.165284583569,0.6395285891,0.791420967765,0.666455620229,2.22641517639,0.210914134532,0.238200678937,3.17853149861,0.210514743906,2.93832047746,0.842981069498,0.00334720142186,0.109622053504,0.883132816702,0.0124475226924,0.0182204502821,0.00893984964117,2.23444584943,0.00883561909199,0.562984152213,0.529185909182,0.00764168040827,1.30585028663,0.00412040293217,0.0326543173194,0.520953787938,0.0695197351277,0.241888474822,0.355148618221,0.522529995441,1.0817086187,0.388210143079,0.364297882393,1.02034070805,0.0418849205971,0.0866547906399,2.46893873006,0.00105534024537,0.190323016644,1.37509757057,0.00914653658867,0.608913514018,1.47389590859,0.113974271119,0.0902869543061,0.286116724014,1.03307126038,0.198125569522,0.0141890868545,0.0,0.469158045761,0.214214344718,2.50961299717,0.0772895505279,0.563596329195,3.57305832922,0.00783458132297,1.7491606921,0.559785279324,0.150410225093,0.0874520929717
113,0.0,1.13390314825,0.196196983084,1.23083253026,1.57228818882,0.566550991107,2.14326399773,0.189489377826,0.187374674492,0.337943314053,0.0396252250671,0.412215584219,0.25068994686,2.49778852642,0.803479997488,1.26064496018,2.26778744102,0.4926396925,0.213675184287,3.65845168546,0.952303756773,0.027764134109,0.755851622019,0.100773747712,0.0749342723191,0.105844908953,0.0833598867524,0.102208450958,3.39946730703,1.92084231555,3.41840456188,0.269792522416,4.67969181985,0.0229449027777,0.253785264194,0.021894698441,0.635379077569,1.55681850076,0.0993651447445,0.25147311816,0.229119702876,0.222368296161,1.23878857613,1.93656104118,0.0401452955604,2.81748494029,0.529896807838,1.00508106858,0.616955803419,0.149258464964,0.245205895975,1.84549227878,1.57690318555,0.459063261058,0.568410294731,0.383175154328,0.394735927023,1.22346083499,1.1035265502,0.298703677133,0.99009653993,0.343448034972,0.227019410211,0.642842687368,1.06327818483,1.77603863657,0.306375343278,5.3898328428,1.84514867812,0.277776209712,0.819250992835,1.49126731195,0.0196705802716,0.512075977772,0.234527386224,1.35698706031,2.80907105669,0.454330984429,0.362303685434,0.179036398698,0.562369535007,0.248635171577,1.80727843642,1.81901485085,3.14396865487,0.11281853009,0.647345227748,2.11518556833,0.0244745737314,0.410800147206,0.416507268846,0.235551092774,0.16648452669,0.88149381876,0.201637003943,0.196797251813,1.40271091297,0.815777513981,0.068477896899,0.177664724514,2.48488885462,0.642826596797,0.708975669816,1.26901734769,1.90306876808,0.00170552119613,0.16662003139,0.241362846792,3.87725157425,0.160645653405,0.767007411458,4.690971632,0.955331318676,0.128915068768,1.64002173185,0.504519182295,0.0486708685383,1.5909511137,2.94957997322,0.580243858248,0.96206064418,0.157486795932,0.35176747188,0.648971303999,1.0783358025,0.238287352696,1.04941907048,0.611296271235,0.632710568756,0.0981836548448,0.0833679628372,0.521645079665,0.974837668836,1.49096187592,0.687079270333,0.780273575895,0.298688240275,0.256468348354,0.662503390796,0.779731401801,1.6079904829,1.03477390312,0.0726028132439,0.146940486282,0.220695430636,4.22889252186,0.316623128727,0.388880518079,3.89849243753,3.76517635584,1.45059122801,1.86404557705,0.42666477941,0.706553310826,0.588651237451,0.175924414024,0.364412199389,1.07980852872,0.000643740268424,0.00801079541445,1.4269794488,0.608982075006,1.03886436842,0.435813330114,0.29796125575,1.91790611997,2.65543166816,0.30976359956,2.16551494032,0.292372587919,0.52345228605,2.37419799566,0.389407315999,0.413223345689,0.750320624411,1.13481988471,1.225117127,0.107257907242,0.790404148102,1.62172985727,0.446231634021,0.439008513391,0.546342702461,1.25511170328,1.7545188573,0.414081668481,0.387194941752,0.921858118773,0.531521199346,2.74612994622,0.0571463908255,0.409784417935,0.428060861826,1.23406730533,1.28297200561,0.158306967914,1.9283674565,3.01564830624,0.544878158867,4.81262258574,0.0474864841998,0.172775247227,0.021444311142,1.22703148726,2.55347466084,0.443036007285,0.163906764136,1.065847174,3.216631182,0.573234921396,0.086698360194,0.185636802018,0.0579629226774,1.93953310132,0.469028513506,2.50067762891,0.770686725974,0.493810156602,0.0162172996998,0.306162074208,0.361702829003,2.69113456964,0.274759236872,0.872953382805,0.218831014261,1.51944357023,2.96916734457,0.101294990294,1.84784290232,1.43440547504,0.635629192069,6.11058668315,1.11409125086,0.758038950413,0.960906925956,0.293084722757,0.77146124959,0.572563386336,0.929562941343,0.560181928873,0.14197663039,0.153612912181,0.577385354638,0.770496209264,0.181537594795,0.211032594666,5.29823598906,3.75808979094,0.526573039666,1.06368067663,0.0493481712602,0.0257443381846,1.97278069139,1.59447921913,0.488465757668,0.586953317001,0.975477578193,3.58056631804,0.457769015059,0.125715056434,1.63764805734,1.33183065921,0.195880912244,0.628018559292,1.24241240902,0.580751230866,0.314388209581,1.60781453967,0.124674171656,0.312456292585,0.712323527038,1.35776502132,1.52951869972,0.144907265007,0.267634421438,0.0319727369025,1.13050129235,0.672055673823,0.503541368544,0.937970522046,1.60715092659,1.16440298826,1.30019883387,1.18371614695,1.2365526998,3.95300974369,0.127933867611,0.146891585253,2.09270259127,0.259337558448,0.347094813287,0.105464357883,0.431239272952,1.72481193542,0.13199229151,0.699585929103,3.08369240999,0.588040765431,0.078539951127,0.83218074955,0.92362174578,2.93250053793,0.376148280203,1.69511767447,0.102158677131,2.78892842293,0.0168750870228,1.42627273008,0.0545399899036,0.035163760893,2.06223138725,0.179662012011,3.61785806835,0.440747126713,0.40679273203,0.169612881839,0.0261594148353,0.254879013002,0.797424823791,0.249965661615,1.8141754806,0.374491195679,0.103683059663,2.8237801826,1.09977178007,2.50256588809,1.55795679569,1.93372348309,2.02794328451,0.0198960383888,0.875568730533,0.92224651061,0.549977360815,0.062780020833,0.436218872038,0.33555647701,0.15903731972,0.135295232087,1.25574715264,0.0450662782788,0.544152887762,2.39255185187,0.573666753117,0.446929743066,0.0384939382062,3.65333969869,0.982182024121,0.0553833116591,0.993082102537,4.15602247953,2.23523571253,0.733647099584,0.467087230012,0.414338611066,0.990405450426,0.163866930604,0.707898130026,0.31955342602,0.0322077526897,1.50804743272,0.640209987536,0.140189237378,0.117346082199,0.243984925598,0.740516207144,0.0716564346477,0.309185932912,1.13966582954,1.84862833858,0.303974314183,0.0275291293673,0.312505074516,0.387131462693,0.127229651585,0.0722592738271,0.144547677264,0.141271416876,0.753022700697,0.0999601844884,0.594279836956,0.0332162052765,0.110206307955,0.658228358701,0.926369798919,0.897567220102,0.876019087732,0.388160592299,1.29748408832,0.944064990357,0.177009044671,0.862453211993,1.05461727336,0.339179687984,0.735741550922,0.541084602354,0.730256349482,0.62648786854,0.629335390255,0.229486389235,2.21529486556,0.35516172003,0.176635456681,0.281181860676,0.356130353753,0.073345147511,0.249316511828,0.123966181204,0.605000444017,0.018517373912,0.829042791054,0.742032347694,0.322598712668,1.14091471098,1.03702751438,0.216545530334,0.0708470612741,0.0203142854571,0.23925322216,1.34089522664,1.24933315624,0.00692872166634,0.118060223311,0.223778691571,0.0942158336937,0.173839698918,0.702742855363,0.0427783384919,0.522269450538,0.170384356529,0.0954803280532,0.464901352711,0.493001312492,1.36123823285,0.771443350078,0.0535383716319,1.29097508391,1.1036529284,0.114324061237,1.2195027566,0.822378465291,0.0288876935409,0.112482785583,0.0839964817464,0.457798021585,0.227198731825,0.859415214674,0.451875016689,0.604395306809,0.15166109602,0.257573774476,0.434668334033,0.014036712572,0.206204960905,0.152143722642,0.199289419502,0.789631612003,0.37840363659,0.728583634011,0.601360939294,0.986840762198,0.178389484398,0.464068667889,0.0520636948943,0.192742197439,0.0763389290124,0.0603126346879,0.270322512425,1.86218558624,0.326168926843,0.0364616045356,0.286388479546,0.0824950429797,0.157194892094,0.741213747263,2.93966301769,0.384828085327,0.0956971378997,0.664110985822,0.00155944770202,0.0553949473985,0.62375860706,0.551431569271,0.14010804683,0.215830616355,0.620119502768,0.927998934463,0.448563043205,0.106309442855,0.378828829923,0.204195962436,0.0782842406631,0.552385225631,0.0570960664749,0.823189725317,0.056914857123,0.330291963574,0.679899624959,0.672920306707,0.491880253255,0.726870619208,0.134561434621,0.205154202357,0.643152771667,0.327736783726,0.690291222259,0.487845300854,0.834301136732,0.455461657066,0.342262311596,0.403906156868,0.202054838762,0.271840539873,0.14487849839,1.35950910687,0.205310588218,0.101712690024,0.808002662435,0.565880827392,0.905749195931,0.155692686904,0.193775270807,0.28031507995,0.161705673505,0.564486326501,0.333438775409,0.0488586091995,0.617908447424,1.81733948782,0.318537284546,0.761895528026,0.228612484429,0.211621697769,0.121144795306,0.755305779278,0.00477585226297,0.222486679666,0.0858017427474,0.873291866016,0.105751995295,0.284335024194,0.0463709938526,0.611527291536,0.577231399789,1.71907693584,0.162540726289,0.193887903299,0.442140393518,0.260964235477,0.365846087858,0.139634392625,0.494571139534,0.23134604794,0.187096383832,0.116492200065,0.277839031778,0.280305247456,1.25162075402,0.248319334909,0.0133961841464,0.366912878286,0.29643292658,0.0219588736631,0.441437969506,0.302246454312,0.73554704939,0.765890026093,0.605972782969,0.208927294742,0.107931179963,0.630734072905,0.0578016440198,0.151247047037,0.224554288937,0.100403688494,0.306242533177,0.52797476396,0.0766789916903,0.186609893977,0.853309492581,0.0747602920234,0.671329731792,0.216940103844,0.218182857493,0.710341179408,0.0254903960228,0.0779411487281,2.44058240294,0.0581208156236,0.602707148269,0.916405398007,0.314781966712,0.60033379022,0.480517503903,0.0705879106373,1.17703888379,0.656839517866,0.149437762052,0.298280676194,0.0701702731848,0.547239497006,0.366792133478,0.114129220992,0.195189035963,0.164178409316,0.630141159594,0.78445839833,0.367082193866,1.18066406587,0.296117153168,0.276591549069,0.509927823246,0.215907982029,0.20224099569,0.217858602777,0.0921466525272,0.35788293615,0.298659839332,0.0299963933229,0.140551873744,0.220025236085,0.12533543393,0.133727311157,0.313421659069,0.37567404246,1.07924124865,0.168037352711,0.684956852105,0.353484351002,0.41137427628,1.00562094599,0.40433837994,0.248299072739,0.25461794097,0.640591818882,0.15581540145,0.265100892931,0.373571874199,0.470563015342,0.507563165296,0.584045425057,0.131413481613,0.244982644096,0.113804524345,0.0835492570698,0.49032449089,0.0735271696746,1.78256597118,0.999010043591,1.33282868358,0.204215856344,0.546153283711,0.123630223842,0.0408207568154,0.177320218608,0.130364542156,0.512758390233,0.904102068394,0.0570036666095,0.653935702275,0.140936564915,0.0673478648067,0.693839619877,0.804399095387,0.380546860322,0.0774855989218,1.91876167281,0.855279301833,0.725990542769,0.611751848832,1.58708537512,1.33607382307,0.194668650292,1.14908733457,0.545644297209,0.266587572396,0.325047214795,0.124469243838,0.714329631254,0.115218371321,1.31445937041,0.56302116517,0.1078953618,0.136014244594,0.323583396599,0.269179157391,0.700581829101,1.56004439235,0.076690245457,0.0518480801582,0.155145245492,0.632611238658,0.0,0.255652663708,0.5049023211,0.407717705816,0.0164060112834,0.609945821706,0.614885734003,0.12217814073,0.0215784153715,0.211171238984,0.163308952302,0.580136777447,0.151655052626,0.294984905936,0.249061026843,0.211477103643,1.52452502064,0.464174478203,0.474916580329,1.34608777985,1.27232778341,0.114362538885,0.880108132511,0.484606809299,0.841772570731,0.501960957609,0.528951202128,0.553875453994,1.70368324421,0.271470880802,0.119194179317,0.176612159796,0.135891489331,0.259725739695,2.10767525576,0.42910491012,0.152601866862,1.35878618775,0.611191591285,0.967067941204,1.27655745968,0.0462404261064,0.196381724142,0.357040469944,0.414088101648,0.317621667981,0.931382983692,0.951732151806,0.967484245966,0.685983741749,0.471944144294,0.247919198945,0.10366988983,0.317048458308,0.41718345507,0.0698398581333,0.180004776679,0.225334974229,0.392950705886,0.275342336223,1.29344495642,1.71897757113,0.234643886336,0.0451500402763,0.163955061957,0.503465228453,0.252931486778,0.50168244537,0.334072014615,0.218925558329,1.21002852378,0.0156835055351,0.550672287596,0.828167977929,0.00199810236692,0.166985493302,0.126869777078,0.438792662565,0.0176811919082,0.750472738259,1.08022792839,0.841352254897,0.0811776332185,0.0574066948891,0.211565296648,0.65724279732,2.51016132466,0.329952043518,0.753958578706,0.880985625088,0.558776099375,0.224857686162,0.252801517267,0.287797501124,0.318596672271,0.410927326679,1.31925241828,0.186473055566,0.957572398186,0.530287878513,0.164036590382,0.443360553607,1.30979779463,0.329087390113,0.398025869131,0.154851739705,0.201389317997,0.0913140171394,0.0119531211816,0.445337398173,0.407322018221,0.0422270509601,0.391008368507,0.297310596933,0.177335627973,0.395912609883,0.910540388823,0.00427622037008,0.517623069435,0.822060415857,0.423901825584,0.248058402115,0.00437940724194,0.286846521497,0.603851057813,0.339552170075,0.392074559843,0.238505182527,0.367386379279,0.278964590915,0.157290369461,0.122264542151,0.643357991371,0.0509273701906,0.126102536619,0.548650280072,0.724560179589,1.41491812393,0.476528847888,0.35190193072,0.266924334392,0.37342928838,0.570094549991,0.256713648136,0.372303194851,0.416200464722,0.327790506799,0.0274644649588,0.677665765183,1.02910885755,0.295180574153,0.0995315445308,0.511342834253,0.222922058776,0.412446964374,0.345694796294,0.0307546401024,0.391636117678,0.597148309685,1.32939384215,0.325535796806,0.348553721458,0.228184365779,0.158007599264,0.722879398484,0.234204606712,0.0799272945337,0.0144651544094,0.460443424284,0.303952613175,0.369871321172,0.122044747546,0.0564611368999,0.695016513616,0.732668497134,0.633333164155,0.0139575704932,0.13397513181,0.15380463535,0.103875025511,1.92711882971,0.594112466127,0.0114638658008,0.41792644918,0.3299189201,0.971030104458,0.292391551435,0.151259802158,0.0463968176395,0.563842159361,0.37411110498,0.410550460257,1.14156841647,0.472413324602,0.151058199406,0.948146873266,0.0,0.459148535058,0.296527305394,4.20569295525,1.55162851006,0.38774253875,0.55778792413,0.618388660233,1.29600663455,1.03356031157,0.742210110277,0.132692761058,2.75828142166,1.01457506329,0.0546889293194,0.408291151077,0.821750771562,0.131788222156,0.0519271445274,0.0305179637671,0.661855090633,0.260978890657,0.0404046821594,0.0237419173867,0.185675343163,0.0431457662582,0.852982257605,0.0696451571584,0.484416308701,0.434279927658,0.684164562635,0.0411960423738,0.208380082101,0.015192961935,1.9868375212,1.71466013432,0.00332745258231,1.13857996389,5.51445642486e-05,0.508312111795,0.0877856581658,0.0160459241271,2.61883431137,0.194539013356,0.355204710066,1.1941789975,0.121705058813,0.056562666744,0.336087019145,0.0679048002511,0.187256281618,1.18798826855,0.281796649098,0.73921456039,0.207541600615,0.829232396372,1.54435760096,0.0,0.31685403686,0.0125542218238,0.138810149506,1.01322160155,0.639008986652,0.0136281578243,2.8254109776,0.600685576946,4.20678415149,0.0,0.103064134195,0.658633581027,0.0112797884783,0.0132785626873,1.13680674255,0.0471316826344,0.57314119339,0.00870740368962,0.91036888063,0.198136188984,1.16400597237,0.0541114846547,2.92421981871,0.345894772448,0.158422242869,1.77901529297,0.149374729395,0.464191636927,0.224393320829,0.0718508517742,0.114710169137,0.570459158197,0.0204647982121,0.264907935932,0.309216060266,1.53933552936,0.0020574067533,1.06476488333,0.224141840637,0.0269700777531,3.55678894758,0.0356863605976,0.0185887145996,2.02200612925,0.0379251229018,0.460833624601,0.383284558076,0.181688778475,0.0929383499164,0.15513463378,0.165298349783,0.199165593125,0.0,0.126801151261,0.768404046595,0.054257465452,0.32629385167,3.68450383224,0.0036132247746,0.0709788470808,0.73118590951,0.089255944537,0.0160663361847,0.000228981096298,0.59103541106,0.222607882179,0.155852015018,0.0115375036001,0.145274577051,0.146701966971,0.450130049475,0.122621995434,0.596842123345,1.9778574007,0.0108506560326,0.178330622986,0.526835093498,0.163545694351,0.0515349661186
114,0.00189147293568,0.39180167675,0.000449022948742,0.297964873686,4.28789412498,0.00367485582829,0.319747360284,0.19862080846,0.525987342373,0.0754351741821,0.0178750229999,0.0936318139732,0.00651526629925,0.117056439784,3.60295217305,3.86887793779,0.560827100575,0.160891461819,0.0668381121941,0.774626705199,0.0582103130221,0.00465474307537,1.15014512479,0.276085169353,0.0907551854849,0.0417482316494,0.356333737578,0.0502007696033,0.439928399324,0.116825165004,4.97087720156,0.012185972929,1.00273142174,0.0,0.74636048153,0.00682334810495,0.236793564558,1.49415915776,0.178766878434,0.201123676896,0.0013553237915,0.0522225543857,0.0243168713152,0.355494240429,0.0081662062183,0.0615490575135,2.3032727766,0.0491083139181,0.00713905692101,0.316250653639,0.100192435943,0.132861536965,1.50617598236,0.0342741039395,0.0167612128891,1.84783153236e-05,1.13528012902,0.0869026076794,2.65859407544,0.283497016821,0.927574817762,0.505677633695,0.257195070907,0.806655835155,0.0237331014301,0.978080491722,0.220802385695,0.30638717345,0.744958322495,0.541210977435,0.0544175471645,0.0658286882192,0.0295291984081,0.51519153282,0.0150806242228,1.75060876548,0.160993369967,0.17657085117,0.0,0.173496404532,0.162128636837,0.0189509790344,0.198258180842,1.08203536839,0.350982133448,0.0140728393197,0.177607438564,0.0387542980909,0.0100166361034,0.0460227476759,0.0,0.214444157463,0.0182818186283,0.236024932861,0.555716444738,1.47417896789,0.121062695384,0.00312484353781,0.00815844049677,0.0702592911664,1.24932844872,0.107109196447,0.233750884235,0.293933966272,0.371049073525,0.0,0.0363287484646,0.241232357873,0.676251476184,0.0937649810314,0.0353949040174,4.06871098518,0.12851249963,0.0,0.228571026921,0.0366470378637,0.0,0.0896167381853,0.778428125829,0.0268697993457,0.0956299976422,0.293675196171,0.0,0.00326345257461,0.0948996016383,0.163170205839,0.382076402083,2.76836143106,2.25831328094,0.0197936666757,0.454194505811,0.221096694469,0.665171686448,0.136942080688,0.227000635527,0.829431009069,0.090101172626,0.257435293999,3.32699632198,3.1821876654,0.804596057236,3.15892764017,7.21908081323e-05,0.0716024718544,0.0,0.625753593706,0.0928994748555,0.132088690102,1.11492893256,5.34398729324,0.250014263801,0.159624124169,0.00220731928945,0.274207170978,0.0586785560846,0.0538667012937,0.0319506623968,0.0480189017393,0.0540834146738,0.0,1.10254542664,0.181310530603,0.51006438341,0.259905611724,0.644213515669,0.467118191291,0.582902638344,0.0271030019224,0.826526477896,0.0422961185873,0.267979611456,0.940179777145,0.0853550161421,0.196018633842,0.167773472396,1.6273875612,6.01348493814,0.0442677738518,0.113852138817,0.109479793906,1.90183381855,0.15793469429,0.106529411077,0.090862210989,0.17156117171,0.122404706851,0.197763924934,0.321201406717,0.0873698878288,0.668267018981,0.0925727290008,0.01288236022,0.599352295697,0.865444197431,0.0580202123523,0.00408361122012,5.38217646122,5.39466081619,0.241566820107,0.784017301351,0.0527325689048,0.41929706946,0.00252709023654,0.0629387735948,0.794797919318,0.0185401198268,0.00103898532689,2.75326138973,0.391844731271,0.0150366314873,0.190096614398,0.149749694914,6.52527302736e-05,0.0398019275069,0.0755262844265,0.501778462864,0.312817171267,2.56944190741,0.0,0.110332674831,1.47956478357,0.170430093706,0.0270561056212,0.410244028419,1.01132609531,4.91792743266,0.0542536025681,0.109416957013,2.62242812872,6.29422829151,2.50433262266,0.277710614204,0.791231187992,0.052971829921,0.322585615516,1.31166995481,0.0122675212799,0.0160519875586,0.0842183785792,0.0562344400585,0.0,0.0,0.193160294052,1.2322205811,0.210462783538,0.0795830228925,0.536721571088,1.0739472568,0.0178871498723,0.133729763762,0.149226657972,0.0156119526178,2.67879464328,0.255865279958,0.770683108317,0.11411303699,0.176523145735,1.10315167904,0.0602077651024,0.0637027641933,5.70720080376,1.24567784779,0.00411073304713,0.0564348126203,0.382974156141,0.0191708806716,0.000532115995884,0.173937396929,0.0306122087734,0.316813432248,0.135796479527,1.96014473874,1.7989603132,0.0237055385113,0.0146564124571,0.0300797498226,0.1960173136,0.0611163753271,0.532399811074,0.0406324640661,0.0937682002783,0.47983768262,0.0527205288061,0.0,0.375650329217,2.49876743499,0.0392927188426,0.0,0.514005955197,0.0131975840218,0.447372260392,0.104259519343,0.243512774855,0.168317309618,0.0258252262603,0.0497398208082,0.646331619937,0.166380685419,0.473447615802,0.26646057911,0.539695600346,0.122468026876,1.92135011971,3.63549903274,0.0799742433429,0.297694875598,0.0,0.435248813033,0.0491396144032,0.215378281027,0.453979618251,0.071668619588,1.01061171337,0.201324892994,0.297303690836,0.425472922325,0.020840642862,0.894647738785,0.207556491792,0.443215364255,0.358584708422,0.0176653259993,0.258363291798,0.625297277819,0.667870245688,0.769673590064,0.40107816752,0.197712679952,0.211405697167,0.01290084932,0.705383675136,0.387185119195,0.278313940484,0.152617558613,1.12166409999,0.249194284081,0.487664556485,0.0615596872568,0.501738676503,0.0544368480518,0.471745609809,0.269806959629,2.21762004659,0.277137617171,0.14100425899,1.02267307907,0.128984198766,0.000887558609247,0.391930137873,2.91972033709,0.295155333392,0.128082301877,1.7447074604,0.0708859080076,0.536992441062,0.333511655405,0.0634720801935,0.274117072523,0.0484454309195,0.404768936057,0.292639507661,0.133940660403,0.0706091526803,0.20791680932,3.30177039146,0.272079367191,0.385009307992,0.0211788365804,1.05520015476,0.00277016282082,0.105808411101,0.194895487316,0.198113302588,0.0749202863686,0.204835505206,0.313385462686,0.218384235715,0.148161469903,0.341736360192,0.333330699317,0.274844498392,1.1389049691,0.0663524243608,1.40386590669,0.0662431396544,0.931811044305,0.0156190578267,0.573108263388,1.21202234341,0.133342782613,0.53223168239,1.86290205777,0.243717239387,0.936864103973,1.93923354626,0.337561412728,0.301511868536,0.132459311783,0.28067190473,1.0986339625,0.72537506951,0.158172636405,0.138468727469,0.0467270120978,1.05270378381,0.225165884364,0.568345129713,0.215792596834,0.0648338381806,1.12870371468,0.239757560738,0.0821843136661,0.167418481726,0.166944275275,0.0853226162493,0.157909165621,0.841129051596,0.468420050545,2.02992191076,0.698290161118,0.0913293379173,0.397035830244,0.412996644974,0.183358933143,0.26558613183,0.627995215468,0.18284288764,0.159563958263,0.250310257636,0.117902196227,0.273769217916,0.103280669259,0.522430142132,0.0204010908958,0.0,0.366750841825,0.330281647444,0.466115192175,0.945172433872,0.557191570756,0.235578592941,0.00883905696683,0.000101633463055,0.305981083354,0.454077638462,0.563022345137,0.0292924527545,0.205657054866,0.458120767437,0.187690133099,0.573596559167,0.000881121903658,0.0123700314015,0.17454947263,0.372793235332,0.419064490749,0.00834800029872,0.464496001415,0.262889380679,0.655683060959,1.23316047125,1.14052703569,0.00132646054029,0.0230500138737,0.307154515535,0.161685099937,0.43216888167,0.987756955512,0.272381766513,0.0317635655403,0.223000095636,0.0724007337261,0.134499991713,0.0302552038128,1.03110070266,1.01134012893,0.00774346157908,0.0381574305857,0.00284064665437,0.0527050025389,0.0937827071361,2.52671560559,0.000434994213283,0.296119118603,1.31258960553,0.565423614457,0.278669202924,0.194624852035,0.330111360848,0.00171862348914,0.003267531991,0.181371526839,0.148272841796,1.2922962828,1.03068981104,0.559193668291,0.203968686759,0.289853481222,0.728753063804,1.06669339769,0.14443293849,0.135720001776,0.110942257643,0.0120858347975,0.0155311769247,0.0144191970769,0.902011448443,0.15224516049,0.590797038157,0.671732581854,0.0483232215047,0.423443628978,7.33745342586e-06,0.0994539482147,0.235685915425,0.389503094181,0.0562519695237,0.541781812226,0.461578053087,0.0,0.0687647987623,0.0448386997078,0.147659912556,0.133681779802,0.249715530891,0.00212083950639,0.0950654623471,0.278253002241,0.0426359460875,0.169117658749,0.494685826302,0.265798720763,0.0482709429786,0.681682478562,0.00157176271081,0.46170093134,0.0221532432269,1.40607501119,0.329444991983,0.0283560450282,0.171562003121,0.259961679643,0.890867787004,5.48942927837,0.0909181821346,0.378397030085,0.180937147215,0.375295141488,0.0,0.00586882069707,2.23496991183,0.129237592705,0.429924901407,0.36467998445,0.206801264714,0.122170308717,0.0809674387425,0.493125419393,0.0132421990857,0.161637445539,0.135464800298,0.210181552018,1.31352764666,0.293855608217,0.405269738615,0.405166534949,0.293196883388,1.24116038799,0.211588446684,0.245462890029,0.0266703866422,0.32590123117,0.00899050315842,0.243703277148,0.0307122147083,0.032681843671,0.0139964278042,0.318093132274,0.63654800266,0.138896828406,0.271413815375,0.0431180969626,0.153889605231,0.0619381444901,1.14778480679,0.000485855415463,0.5409782134,0.647113976665,0.396648847722,0.00773304206319,0.162109318101,0.258298157416,0.382401251122,0.0408243194222,0.30109057257,0.862002717182,0.0263955931365,0.102662021443,0.0,0.627826211005,0.185095009059,0.60362884785,0.221668857876,0.438572074585,0.629454017505,0.504116713703,0.0222226598673,0.70854533121,0.109925677814,0.960492104068,0.0225858116057,0.389817230701,0.221108849943,0.0016837143153,0.582902582097,0.0508741912246,0.105429718122,0.168008510768,0.0431500033662,3.06073137581,0.0595551580936,0.00448996866122,0.224938077182,0.0429299778305,0.349772151858,0.35243530375,0.0173516733944,0.0170272109099,0.832922997959,0.152930681854,0.166518834772,0.331554482877,0.460465221591,0.151935793832,0.952045637649,0.160372523014,0.0843963834271,1.55274881531,0.0676167963911,1.21956388253,0.0438682648353,1.05738743175,0.0854202142358,0.117930580601,1.03586417254,0.0336226526648,0.404831768498,0.320187450433,1.03881126795,0.0870716719073,0.105997182319,0.0868875857443,0.0385804418474,0.00278773810714,0.102350251786,0.699692351371,0.521555261835,0.117281281948,0.0680355969112,0.0183524755388,0.0171598930284,1.80959163152,0.249260137514,0.151275782634,0.012729685083,1.24348338595,0.139394682758,1.67516060218,0.446855300739,0.422267439514,0.561653304603,0.356690509915,0.457121899053,0.00328305125237,0.094334417861,0.0122360658459,0.0419370692037,0.181403928399,0.335423493981,0.0946142049413,0.231653077006,0.0184653919563,0.138602586463,0.158002739027,0.00790412118193,0.0159121018648,0.305404179264,0.293590102196,0.182102199821,0.000151412533596,0.203438776731,0.0,0.0351516960002,0.0892417245917,0.244781079125,0.00547393599525,0.0969928102475,0.0103679604083,0.0465657655522,0.020286151208,0.0288475948945,0.00671904169023,0.125619113576,0.00527081608772,0.465533706346,0.000754328835756,0.0269015787542,0.31042196773,0.317628009925,0.000363614988746,0.0180359048303,0.136123173423,0.026064739069,0.691306897616,1.04102267727,0.881719531417,0.0234045356512,0.401752925417,0.0103682574723,0.829214434028,0.0119181305729,0.0503193920199,0.753299599728,0.020975876376,0.186779900491,1.38580940904,0.0849852821417,0.249029341228,0.599248289615,0.0270761509053,0.507276956514,0.00443024680018,0.0140011428762,0.0703912496567,0.00826496025082,0.00462002918124,0.0469182004035,0.783624945227,0.219806109965,0.0286947592348,0.025228252057,0.0993531989679,0.682526653036,0.0480623874697,0.0438080412941,0.0516391246382,0.0833740493655,0.0264507160708,0.00110280623194,0.0221057797968,0.0124220040068,0.406819368154,1.04514175787,0.073759149611,0.0,0.00407991036773,0.00218603983521,0.139505463755,0.174876273628,0.673677647933,0.540281965844,0.0216481093504,0.0,0.0929332293244,0.0168899416924,0.1699890811,0.0729217505455,0.00101088501513,0.000383362881839,0.0249944320321,0.290069023371,0.183915216643,0.268057152692,0.0,0.0218912442401,0.0210063542426,0.076206894702,0.0341595565155,0.0137530624866,0.143202137779,0.28339029029,0.181445778329,0.0,0.488942200206,0.490896610646,0.00399134797975,0.00603866189718,0.748193326071,0.143769868314,0.0794303960353,0.0174355076998,0.0120680266619,0.0263930161297,0.00471834734082,0.00402815774083,0.0261555590108,0.799029811323,0.104654391311,0.001969294101,0.0849732127786,0.00819071892533,0.579689813666,0.000496651008725,0.296186408629,0.0158253685082,0.0230278357118,0.0602920108475,1.33831472144,0.139519071057,0.04245166298,0.0736405989528,0.174681829149,0.0862679983443,0.00655647411942,0.237654892504,0.0984096685145,7.55674997345e-05,0.0740916093159,0.0724250267446,0.0234901141189,0.0114366243593,0.0150415596459,0.0439193250239,0.00940396033227,0.0182103019394,0.300361397266,0.649767321646,0.129512549322,0.494063628055,0.0317391585559,0.0090648997575,0.376175654233,0.00512654066086,0.172109594531,0.0735653577605,0.0399397757649,0.107858956717,0.00511944144964,0.0132594023645,0.00338162392378,0.354928791746,0.040654847594,0.0181661761552,0.00735587131232,0.0521571075171,0.0708799768426,0.178053916395,0.00584796443582,0.0202285559196,0.0626942651812,0.288501643697,0.00708287210204,0.0154617282934,0.00430088758469,0.155185294065,0.233876134716,0.00641157440841,0.171790842265,0.00899192110635,0.0857196071744,0.037052382566,0.0350586851686,0.0701136949658,0.268609381467,0.222996390965,0.168119555563,0.0155687648058,0.00741105588502,0.00766550719738,0.051698355265,0.0014622540772,0.0340397522878,0.052296019732,0.285989117324,0.0716561089735,0.199772845295,0.05179729864,0.0269840426184,0.0744261112064,0.00259690731764,0.263964120205,0.00378495596349,0.059798565805,0.117832862437,0.0595321196318,0.0163551640359,0.0170203901082,0.0227794116735,0.0628858691128,0.00207613751292,3.08722107783,0.361096718162,0.00798579469323,0.0954209599271,0.103101823125,0.3818627803,0.0779779337347,0.165987155698,0.108984194696,2.77828752756,0.254951214641,0.060899630012,0.410652814358,1.88143058874,0.0273215199076,0.0111266589165,0.0881698964443,0.312929265329,2.09992723167,0.0,0.0,0.155890025422,0.00274491101503,0.00902010858059,0.580923319459,0.024940200299,1.01339199925,0.407492652759,0.264119003136,1.90728310585,0.000201266147196,0.77447303243,0.21074619554,0.00477001264691,1.80650685042,3.03821172565e-05,0.0,0.973310158812,0.0,0.188992260583,0.110655472241,0.00416065096855,0.109159964919,0.00665427239612,0.0,0.11122278065,0.0413625239581,0.162508484721,0.20948265105,0.00277814507484,0.0108768454194,0.0499299577624,1.33904536257,0.299885261059,0.0,0.178955245316,0.00747330486774,0.75440746814,0.019326293841,0.979325550869,0.00311874508858,0.038276027441,0.173503608704,1.3076922611,0.00888564884663,0.121679998487,0.253811512329,0.0291986607946,0.0279014416412,0.17646610409,0.617349969093,0.157507783343,0.139502093047,0.965334879309,0.0146881905198,0.29426731199,0.0224223798513,0.386296920776,0.538396406919,0.817281196117,1.89036852837,0.0390681996197,0.0950021885335,0.022562790513,0.0997847472131,0.0994197845459,0.410279715918,0.0479466044903,0.0652862299979,0.214877743982,0.0131092763692,0.0,1.0088977699,0.310107448697,0.0515439096093,0.497662943974,0.00437829934061,0.0244411115814,0.0208217431605,0.263812293895,0.135009810328,0.208490372095,0.30899174884,0.0365440998226,0.0,0.00957145541906,0.127142241597,0.00114974200726,0.542129534413,0.724441358745,0.0561582078785,2.12607890166,0.172459938601,0.00730898208916,0.0082437966764,0.0385323493928,0.0342390866391,0.016651739385,0.000207894388586,0.239968705922,0.0882979817688,0.641953724099,0.0,0.467260308862,0.0220743298531,0.365614629742,0.176588298678,0.989688522369,1.16277722895,0.0,0.020442651948,0.0206279794872,1.46490765035,0.0387052888609
